Distance HF_Energy DFA_Energy Coefficient Exponent
0.001 527.1776383173 527.1825146859 -0.4036714 140.2212977
0.002 262.5890582779 262.5939361504 -0.4038553 140.2210512
0.003 174.3928995359 174.3977779211 -0.4039726 140.2210608
0.004 130.2948597251 130.2997396354 -0.4042193 140.2208817
0.005 103.8360776531 103.8409595061 -0.4045367 140.2206530
0.006 86.1969330838 86.2018173221 -0.4049352 140.2203228
0.007 73.5975887295 73.6024757680 -0.4053932 140.2199332
0.008 64.1481259007 64.1530161628 -0.4059213 140.2194737
0.009 56.7985897234 56.8034836339 -0.4065195 140.2189541
0.010 50.9190072264 50.9239051922 -0.4071976 140.2189882
0.011 46.1084650012 46.1133728623 -0.4083430 140.2172639
0.012 42.0997446723 42.1046573985 -0.4091497 140.2167578
0.013 38.7077976213 38.7127156081 -0.4100197 140.2157260
0.014 35.8004615681 35.8053852037 -0.4109672 140.2150818
0.015 33.2808174623 33.2857471333 -0.4119711 140.2141393
0.016 31.0761759717 31.0811120585 -0.4130405 140.2120809
0.017 29.1309510931 29.1358939660 -0.4133608 140.0014508
0.018 27.4019092263 27.4068592477 -0.4145706 140.0017421
0.019 25.8549185409 25.8598760678 -0.4158298 140.0015789
0.020 24.4626735327 24.4676389156 -0.4171658 140.0016374
0.021 23.2030697080 23.2080432883 -0.4185594 140.0017032
0.022 22.0580215348 22.0630036449 -0.4200178 140.0017672
0.023 21.0125887557 21.0175797203 -0.4215390 140.0018300
0.024 20.0543211223 20.0593212589 -0.4231219 140.0021328
0.025 19.1727603932 19.1777700115 -0.4247591 140.0021881
0.026 18.3590572562 18.3640766570 -0.4264490 140.0020085
0.027 17.6056733785 17.6107028538 -0.4282068 140.0020639
0.028 16.9061473040 16.9111871375 -0.4300188 140.0021319
0.029 16.2549087846 16.2599592524 -0.4318974 140.0024351
0.030 15.6471302468 15.6521916172 -0.4338234 140.0024850
0.031 15.0786070053 15.0836795384 -0.4357972 140.0022986
0.032 14.5456599376 14.5507438851 -0.4378383 140.0026066
0.033 14.0450558536 14.0501514591 -0.4399274 140.0026603
0.034 13.5739419181 13.5790494174 -0.4420671 140.0024549
0.035 13.1297913145 13.1349109360 -0.4442598 140.0025113
0.036 12.7103579654 12.7154899300 -0.4465074 140.0025661
0.037 12.3136385949 12.3187831165 -0.4488081 140.0026199
0.038 11.9378407820 11.9429980667 -0.4511608 140.0029346
0.039 11.5813559282 11.5865261747 -0.4535583 140.0029824
0.040 11.2427362799 11.2479196800 -0.4559999 140.0027718
0.041 10.9206753138 10.9258720528 -0.4584993 140.0030942
0.042 10.6139909243 10.6192011806 -0.4610457 140.0031311
0.043 10.3216109564 10.3268349022 -0.4636256 140.0029181
0.044 10.0425607117 10.0477985128 -0.4662656 140.0029628
0.045 9.7759521203 9.7812039360 -0.4689484 140.0030115
0.046 9.5209743248 9.5262403084 -0.4716779 140.0030646
0.047 9.2768854665 9.2821657653 -0.4744586 140.0033841
0.048 9.0430054983 9.0483002537 -0.4772711 140.0031469
0.049 8.8187098774 8.8240192253 -0.4801300 140.0031971
0.050 8.6034240154 8.6087480861 -0.4830369 140.0032439
0.051 8.3966183802 8.4019572990 -0.4859885 140.0032879
0.052 8.1978041649 8.2031580513 -0.4889820 140.0036172
0.053 8.0065294448 8.0118984134 -0.4920067 140.0033699
0.054 7.8223757631 7.8277599232 -0.4950777 140.0034088
0.055 7.6449550885 7.6503545443 -0.4981854 140.0020248
0.056 7.4739070982 7.4793219491 -0.5013525 140.0030057
0.057 7.3088967478 7.3143270887 -0.5045472 140.0029984
0.058 7.1496120923 7.1550580132 -0.5077824 140.0039479
0.059 6.9957623282 7.0012239146 -0.5110539 140.0039985
0.060 6.8470760318 6.8525533647 -0.5143665 140.0040325
0.061 6.7032995711 6.7087927270 -0.5177139 140.0040819
0.062 6.5641956708 6.5697047219 -0.5211007 140.0041162
0.063 6.4295421142 6.4350671282 -0.5245175 140.0041579
0.064 6.2991305668 6.3046716073 -0.5279760 140.0041973
0.065 6.1727655086 6.1783226351 -0.5314688 140.0042457
0.066 6.0502632633 6.0558365313 -0.5350045 140.0042719
0.067 5.9314511145 5.9370405756 -0.5385624 140.0043098
0.068 5.8161665001 5.8217722019 -0.5421631 140.0043488
0.069 5.7042562761 5.7098782626 -0.5457930 140.0043907
0.070 5.5955760445 5.6012143557 -0.5494595 140.0044357
0.071 5.4899895370 5.4956442095 -0.5531609 140.0044746
0.072 5.3873680509 5.3930391174 -0.5568865 140.0045096
0.073 5.2875899306 5.2932774204 -0.5606465 140.0045404
0.074 5.1905400918 5.1962440309 -0.5644419 140.0045880
0.075 5.0961095836 5.1018299943 -0.5682696 140.0046227
0.076 5.0041951844 5.0099320861 -0.5721272 140.0046567
0.077 4.9146990309 4.9204524396 -0.5760135 140.0046800
0.078 4.8275282739 4.8332982025 -0.5799230 140.0047241
0.079 4.7425947615 4.7483812197 -0.5838708 140.0047587
0.080 4.6598147450 4.6656177399 -0.5878480 140.0047950
0.081 4.5791086081 4.5849281434 -0.5918514 140.0048240
0.082 4.5004006140 4.5062366908 -0.5958836 140.0048570
0.083 4.4236186725 4.4294712888 -0.5999431 140.0048840
0.084 4.3486941225 4.3545632738 -0.6040241 140.0049260
0.085 4.2755615305 4.2814472095 -0.6081412 140.0049527
0.086 4.2041585032 4.2100607001 -0.6122849 140.0049856
0.087 4.1344255126 4.1403442149 -0.6164465 140.0050168
0.088 4.0663057333 4.0722409261 -0.6206430 140.0050548
0.089 3.9997448908 4.0056965567 -0.6248669 140.0050807
0.090 3.9346911195 3.9406592389 -0.6291113 140.0051158
0.091 3.8710948311 3.8770793818 -0.6333803 140.0051510
0.092 3.8089085901 3.8149095478 -0.6376783 140.0051748
0.093 3.7480869985 3.7541043365 -0.6419954 140.0052011
0.094 3.6885865875 3.6946202770 -0.6463424 140.0052278
0.095 3.6303657159 3.6364157259 -0.6507108 140.0055238
0.096 3.5733844749 3.5794507723 -0.6553687 140.0449934
0.097 3.5176045989 3.5236871487 -0.6835735 143.6908064
0.098 3.4629893819 3.4690881468 -4.3655600 530.0038168
0.099 3.4095035983 3.4156185394 -2.6181402 369.5816470
0.100 3.3571134296 3.3632445057 -0.6726200 139.9626600
0.10 3.3571134296 3.3632445057 -0.6728681 140.00000
0.12 2.4972746966 2.5037172587 -0.7640844 139.62627
0.14 1.8907389741 1.8974642232 -0.8612313 139.25254
0.16 1.4425602021 1.4495315972 -0.9625623 138.87881
0.18 1.0998854300 1.1070621500 -1.0658422 138.50507
0.20 0.8309428172 0.8382826907 -1.1696586 138.13134
0.22 0.6154820921 0.6229436202 -1.2725615 137.75761
0.24 0.4399863987 0.4475297895 -1.3731242 137.38388
0.26 0.2950898003 0.3026773978 -1.4703806 137.01015
0.28 0.1740991784 0.1816956395 -1.5631405 136.63642
0.30 0.0721057288 0.0796780896 -1.6505432 136.26269
0.32 -0.0145712248 -0.0070535668 -1.7318899 135.88896
0.34 -0.0887444552 -0.0813098312 -1.8059993 135.51522
0.36 -0.1525991207 -0.1452737287 -1.8723528 135.14149
0.38 -0.2078572751 -0.2006653387 -1.9302117 134.76776
0.40 -0.2558931333 -0.2488570617 -1.9789519 134.39403
0.42 -0.2978155365 -0.2909560725 -2.0179239 134.02030
0.44 -0.3345280806 -0.3278644366 -2.0466571 133.64657
0.46 -0.3667737053 -0.3603236877 -2.0648488 133.27284
0.48 -0.3951682495 -0.3889483748 -2.0717209 132.89910
0.50 -0.4202260223 -0.4142516249 -2.0673152 132.52537
0.52 -0.4423795018 -0.4366648353 -2.0510854 132.15164
0.54 -0.4619946593 -0.4565529910 -2.0229803 131.77791
0.56 -0.4793829880 -0.4742266884 -1.9826651 131.40418
0.58 -0.4948110262 -0.4899516531 -1.9300198 131.03045
0.60 -0.5085079580 -0.5039563374 -1.8649554 130.65672
0.62 -0.5206717293 -0.5164380315 -1.7873351 130.28299
0.64 -0.5314740072 -0.5275678176 -1.6970754 129.90925
0.66 -0.5410642329 -0.5374946170 -1.5943215 129.53552
0.68 -0.5495729580 -0.5463485189 -1.4787683 129.16179
0.70 -0.5571146097 -0.5542435386 -1.3508613 128.78806
0.72 -0.5637897965 -0.5612799164 -1.2101667 128.41433
0.74 -0.5696872399 -0.5675460415 -1.0570398 128.04060
0.76 -0.5748854008 -0.5731200749 -0.8914404 127.66687
0.78 -0.5794538532 -0.5780713177 -0.7133905 127.29313
0.80 -0.5834544486 -0.5824613725 -0.5232913 126.91940
0.82 -0.5869423070 -0.5863451321 -0.3210575 126.54567
0.84 -0.5899666615 -0.5897716232 -0.1068905 126.17194
0.86 -0.5925715821 -0.5927847274 0.1189858 125.79821
0.88 -0.5947965967 -0.5954238024 0.3564975 125.42448
0.90 -0.5966772268 -0.5977242169 0.6053569 125.05075
0.92 -0.5982454507 -0.5997178115 0.8654090 124.67701
0.94 -0.5995301054 -0.6014332999 1.1364011 124.30328
0.96 -0.6005572365 -0.6028966184 1.4182546 123.92955
0.98 -0.6013504044 -0.6041312292 1.7104112 123.55582
1.00 -0.6019309521 -0.6051583875 2.0130280 123.18209
1.02 -0.6023182406 -0.6059973747 2.3257087 122.80836
1.04 -0.6025298564 -0.6066657053 2.6481426 122.43463
1.06 -0.6025817942 -0.6071793075 2.9802531 122.06090
1.08 -0.6024886188 -0.6075526839 3.3215989 121.68716
1.10 -0.6022636086 -0.6077990534 3.6722709 121.31343
1.12 -0.6019188824 -0.6079304780 4.0314996 120.93970
1.14 -0.6014655123 -0.6079579744 4.3994548 120.56597
1.16 -0.6009136242 -0.6078916136 4.7754964 120.19224
1.18 -0.6002724877 -0.6077406099 5.1598037 119.81851
1.20 -0.5995505955 -0.6075134012 5.5515155 119.44478
1.22 -0.5987557353 -0.6072177195 5.9510599 119.07104
1.24 -0.5978950539 -0.6068606547 6.3575856 118.69731
1.26 -0.5969751143 -0.6064487120 6.7711720 118.32358
1.28 -0.5960019479 -0.6059878635 7.1914786 117.94985
1.30 -0.5949811010 -0.6054835945 7.6181252 117.57612
1.32 -0.5939176765 -0.6049409453 8.0507717 117.20239
1.34 -0.5928163724 -0.6043645492 8.4891880 116.82866
1.36 -0.5916815156 -0.6037586662 8.9335561 116.45493
1.38 -0.5905170937 -0.6031272144 9.3825419 116.08119
1.40 -0.5893267844 -0.6024737994 9.8368058 115.70746
1.42 -0.5881139748 -0.6018017339 10.2956417 115.33373
1.44 -0.5868817945 -0.6011140693 10.7592577 114.96000
1.46 -0.5856331301 -0.6004136114 11.2271526 114.58627
1.48 -0.5843706464 -0.5997029407 11.6979698 114.21254
1.50 -0.5830968036 -0.5989844298 12.1726059 113.83881
1.52 -0.5818138736 -0.5982602595 12.6514117 113.46507
1.54 -0.5805239545 -0.5975324330 13.1320523 113.09134
1.56 -0.5792289838 -0.5968027899 13.6157832 112.71761
1.58 -0.5779307509 -0.5960730176 14.1024072 112.34388
1.60 -0.5766309078 -0.5953446629 14.5905195 111.97015
1.62 -0.5753309797 -0.5946191422 15.0808427 111.59642
1.64 -0.5740323743 -0.5938977504 15.5727490 111.22269
1.66 -0.5727363903 -0.5931816703 16.0662733 110.84896
1.68 -0.5714442257 -0.5924719802 16.5607992 110.47522
1.70 -0.5701569847 -0.5917696614 17.0558406 110.10149
1.72 -0.5688756847 -0.5910756048 17.5516500 109.72776
1.74 -0.5676012628 -0.5903906170 18.0478856 109.35403
1.76 -0.5663345810 -0.5897154265 18.5437764 108.98030
1.78 -0.5650764321 -0.5890506886 19.0396190 108.60657
1.80 -0.5638275444 -0.5883969908 19.5349298 108.23284
1.82 -0.5625885860 -0.5877548577 20.0295397 107.85910
1.84 -0.5613601693 -0.5871247547 20.5231593 107.48537
1.86 -0.5601428547 -0.5865070919 21.0153689 107.11164
1.88 -0.5589371541 -0.5859022283 21.5061135 106.73791
1.90 -0.5577435341 -0.5853104750 21.9950598 106.36418
1.92 -0.5565624190 -0.5847320983 22.4822043 105.99045
1.94 -0.5553941933 -0.5841673236 22.9668101 105.61672
1.96 -0.5542392046 -0.5836163376 23.4488293 105.24299
1.98 -0.5530977655 -0.5830792909 23.9283884 104.86925
2.00 -0.5519701560 -0.5825563007 24.4049292 104.49552
2.02 -0.5508566253 -0.5820474529 24.8780507 104.12179
2.04 -0.5497573937 -0.5815528042 25.3479280 103.74806
2.06 -0.5486726546 -0.5810723848 25.8142099 103.37433
2.08 -0.5476025758 -0.5806061998 26.2763052 103.00060
2.10 -0.5465473013 -0.5801542314 26.7361505 102.62687
2.12 -0.5455069529 -0.5797164407 27.1884098 102.25313
2.14 -0.5444816316 -0.5792927688 27.6376928 101.87940
2.16 -0.5434714190 -0.5788831385 28.0824609 101.50567
2.18 -0.5424763786 -0.5784874558 28.5221836 101.13194
2.20 -0.5414965574 -0.5781056110 28.9569286 100.75821
2.22 -0.5405319871 -0.5777374803 29.3864753 100.38448
2.24 -0.5395826853 -0.5773829270 29.8101654 100.01075
2.26 -0.5386486566 -0.5770418028 30.2286824 99.63701
2.28 -0.5377298940 -0.5767139485 30.6412248 99.26328
2.30 -0.5368263800 -0.5763991953 31.0481434 98.88955
2.32 -0.5359380872 -0.5760973654 31.4484550 98.51582
2.34 -0.5350649800 -0.5758082728 31.8427154 98.14209
2.36 -0.5342070149 -0.5755317247 32.2307390 97.76836
2.38 -0.5333641414 -0.5752675214 32.6118705 97.39463
2.40 -0.5325363030 -0.5750154580 32.9910361 97.02090
2.42 -0.5317234377 -0.5747753244 33.3541361 96.64716
2.44 -0.5309254785 -0.5745469065 33.7147153 96.27343
2.46 -0.5301423540 -0.5743299863 34.0682924 95.89970
2.48 -0.5293739885 -0.5741243427 34.4145558 95.52597
2.50 -0.5286203027 -0.5739297523 34.7534057 95.15224
2.52 -0.5278812137 -0.5737459891 35.0846747 94.77851
2.54 -0.5271566350 -0.5735728254 35.4082970 94.40478
2.56 -0.5264464766 -0.5734100323 35.7241848 94.03104
2.58 -0.5257506450 -0.5732573797 36.0322121 93.65731
2.60 -0.5250690434 -0.5731146368 36.3321144 93.28358
2.62 -0.5244015709 -0.5729815728 36.6240677 92.90985
2.64 -0.5237481228 -0.5728579565 36.9076143 92.53612
2.66 -0.5231085904 -0.5727435574 37.1830704 92.16239
2.68 -0.5224828604 -0.5726381455 37.4502060 91.78866
2.70 -0.5218708152 -0.5725414916 37.7087060 91.41493
2.72 -0.5212723321 -0.5724533678 37.9587817 91.04119
2.74 -0.5206872833 -0.5723735474 38.2003097 90.66746
2.76 -0.5201155360 -0.5723018051 38.4330744 90.29373
2.78 -0.5195569518 -0.5722379172 38.6573162 89.92000
2.80 -0.5190113867 -0.5721816614 38.8726112 89.54627
2.82 -0.5184786912 -0.5721328175 39.0793662 89.17254
2.84 -0.5179587102 -0.5720911672 39.2773787 88.79881
2.86 -0.5174512829 -0.5720564944 39.4664609 88.42507
2.88 -0.5169562431 -0.5720285858 39.6466935 88.05134
2.90 -0.5164734190 -0.5720072308 39.8228105 87.67761
2.92 -0.5160026341 -0.5719922215 39.9813747 87.30388
2.94 -0.5155437065 -0.5719833535 40.1355358 86.93015
2.96 -0.5150964500 -0.5719804251 40.2810097 86.55642
2.98 -0.5146606739 -0.5719832378 40.4178384 86.18269
3.00 -0.5142361837 -0.5719915963 40.5461279 85.80896
3.02 -0.5138227814 -0.5720053080 40.6730009 85.43522
3.04 -0.5134202658 -0.5720241837 40.7769947 85.06149
3.06 -0.5130284330 -0.5720480372 40.8799206 84.68776
3.08 -0.5126470770 -0.5720766857 40.9743221 84.31403
3.10 -0.5122759899 -0.5721099502 41.0606918 83.94030
3.12 -0.5119149626 -0.5721476558 41.1386894 83.56657
3.14 -0.5115637849 -0.5721896312 41.2087304 83.19284
3.16 -0.5112222462 -0.5722357097 41.2707983 82.81910
3.18 -0.5108901360 -0.5722857285 41.3250162 82.44537
3.20 -0.5105672439 -0.5723395286 41.3714210 82.07164
3.22 -0.5102533604 -0.5723969551 41.4102454 81.69791
3.24 -0.5099482769 -0.5724578568 41.4415427 81.32418
3.26 -0.5096517863 -0.5725220858 41.4652950 80.95045
3.28 -0.5093636830 -0.5725894977 41.4818972 80.57672
3.30 -0.5090837638 -0.5726599513 41.4910495 80.20299
3.32 -0.5088118272 -0.5727333091 41.4932893 79.82925
3.34 -0.5085476745 -0.5728094374 41.4884784 79.45552
3.36 -0.5082911096 -0.5728882067 41.4768281 79.08179
3.38 -0.5080419391 -0.5729694913 41.4584395 78.70806
3.40 -0.5077999727 -0.5730531699 41.4334720 78.33433
3.42 -0.5075650231 -0.5731391252 41.4019560 77.96060
3.44 -0.5073369064 -0.5732272439 41.3640514 77.58687
3.46 -0.5071154420 -0.5733174164 41.3199428 77.21313
3.48 -0.5069004527 -0.5734095366 41.2696099 76.83940
3.50 -0.5066917646 -0.5735035017 41.2133697 76.46567
3.52 -0.5064892076 -0.5735992118 41.1510610 76.09194
3.54 -0.5062926149 -0.5736965695 41.0829966 75.71821
3.56 -0.5061018234 -0.5737954803 41.0093223 75.34448
3.58 -0.5059166737 -0.5738958522 40.9301187 74.97075
3.60 -0.5057370097 -0.5739975963 40.8453235 74.59701
3.62 -0.5055626790 -0.5741006267 40.7551980 74.22328
3.64 -0.5053935328 -0.5742048612 40.6598677 73.84955
3.66 -0.5052294258 -0.5743102208 40.5594214 73.47582
3.68 -0.5050702161 -0.5744166299 40.4538939 73.10209
3.70 -0.5049157653 -0.5745240163 40.3436221 72.72836
3.72 -0.5047659385 -0.5746323107 40.2283926 72.35463
3.74 -0.5046206041 -0.5747414467 40.1085577 71.98090
3.76 -0.5044796337 -0.5748513604 39.9840442 71.60716
3.78 -0.5043429025 -0.5749619902 39.8551573 71.23343
3.80 -0.5042102884 -0.5750732765 39.7218703 70.85970
3.82 -0.5040816729 -0.5751851614 39.5841531 70.48597
3.84 -0.5039569404 -0.5752975884 39.4423442 70.11224
3.86 -0.5038359784 -0.5754105026 39.2965140 69.73851
3.88 -0.5037186774 -0.5755238508 39.1464621 69.36478
3.90 -0.5036049306 -0.5756375816 38.9926804 68.99104
3.92 -0.5034946342 -0.5757516465 38.8350045 68.61731
3.94 -0.5033876874 -0.5758659990 38.6735785 68.24358
3.96 -0.5032839918 -0.5759805953 38.5085247 67.86985
3.98 -0.5031834519 -0.5760953938 38.3400163 67.49612
4.00 -0.5030859747 -0.5762103554 38.1678764 67.12239
4.02 -0.5029914696 -0.5763254429 37.9924613 66.74866
4.04 -0.5028998489 -0.5764406208 37.8137381 66.37493
4.06 -0.5028110271 -0.5765558556 37.6319638 66.00119
4.08 -0.5027249209 -0.5766711148 37.4468476 65.62746
4.10 -0.5026414496 -0.5767863674 37.2588469 65.25373
4.12 -0.5025605346 -0.5769015832 37.0677782 64.88000
4.14 -0.5024820996 -0.5770167326 36.8739256 64.50627
4.16 -0.5024060704 -0.5771317868 36.6771833 64.13254
4.18 -0.5023323749 -0.5772467173 36.4776696 63.75881
4.20 -0.5022609431 -0.5773614965 36.2755853 63.38507
4.22 -0.5021917070 -0.5774760983 36.0709346 63.01134
4.24 -0.5021246003 -0.5775904981 35.8636901 62.63761
4.26 -0.5020595590 -0.5777046731 35.6539994 62.26388
4.28 -0.5019965205 -0.5778186020 35.4419868 61.89015
4.30 -0.5019354244 -0.5779322650 35.2276469 61.51642
4.32 -0.5018762119 -0.5780456437 35.0110762 61.14269
4.34 -0.5018188257 -0.5781587212 34.7922319 60.76896
4.36 -0.5017632105 -0.5782714814 34.5714523 60.39522
4.38 -0.5017093124 -0.5783839092 34.3485749 60.02149
4.40 -0.5016570791 -0.5784959905 34.1239477 59.64776
4.42 -0.5016064599 -0.5786077116 33.8969726 59.27403
4.44 -0.5015574055 -0.5787190597 33.6683781 58.90030
4.46 -0.5015098682 -0.5788300220 33.4379918 58.52657
4.48 -0.5014638014 -0.5789405861 33.2058185 58.15284
4.50 -0.5014191603 -0.5790507397 32.9719898 57.77910
4.52 -0.5013759011 -0.5791604702 32.7366074 57.40537
4.54 -0.5013339813 -0.5792697657 32.4998841 57.03164
4.56 -0.5012933600 -0.5793786147 32.2613903 56.65791
4.58 -0.5012539971 -0.5794870069 32.0213709 56.28418
4.60 -0.5012158540 -0.5795949329 31.7800949 55.91045
4.62 -0.5011788931 -0.5797023845 31.5373542 55.53672
4.64 -0.5011430780 -0.5798093543 31.2935282 55.16299
4.66 -0.5011083733 -0.5799158358 31.0483392 54.78925
4.68 -0.5010747448 -0.5800218231 30.8019882 54.41552
4.70 -0.5010421592 -0.5801273109 30.5546993 54.04179
4.72 -0.5010105844 -0.5802322947 30.3061702 53.66806
4.74 -0.5009799889 -0.5803367699 30.0564456 53.29433
4.76 -0.5009503427 -0.5804407329 29.8059890 52.92060
4.78 -0.5009216162 -0.5805441800 29.5545300 52.54687
4.80 -0.5008937810 -0.5806471077 29.3023168 52.17313
4.82 -0.5008668094 -0.5807495131 29.0488716 51.79940
4.84 -0.5008406747 -0.5808513929 28.7950898 51.42567
4.86 -0.5008153508 -0.5809527440 28.5401897 51.05194
4.88 -0.5007908126 -0.5810535633 28.2847113 50.67821
4.90 -0.5007670357 -0.5811538472 28.0286171 50.30448
4.92 -0.5007439965 -0.5812535925 27.7720411 49.93075
4.94 -0.5007216720 -0.5813527963 27.5145860 49.55701
4.96 -0.5007000399 -0.5814514564 27.2567096 49.18328
4.98 -0.5006790788 -0.5815495713 26.9983601 48.80955
5.00 -0.5006587677 -0.5816471399 26.7394565 48.43582
5.02 -0.5006390864 -0.5817441616 26.4804809 48.06209
5.04 -0.5006200152 -0.5818406362 26.2207040 47.68836
5.06 -0.5006015353 -0.5819365639 25.9608395 47.31463
5.08 -0.5005836280 -0.5820319450 25.7007051 46.94090
5.10 -0.5005662756 -0.5821267801 25.4400937 46.56716
5.12 -0.5005494608 -0.5822210700 25.1794269 46.19343
5.14 -0.5005331668 -0.5823148158 24.9183786 45.81970
5.16 -0.5005173772 -0.5824080183 24.6573890 45.44597
5.18 -0.5005020765 -0.5825006788 24.3962142 45.07224
5.20 -0.5004872492 -0.5825927986 24.1349295 44.69851
5.22 -0.5004728828 -0.5826843811 23.8737008 44.32478
5.24 -0.5004589586 -0.5827754234 23.6123203 43.95104
5.26 -0.5004454649 -0.5828659289 23.3510187 43.57731
5.28 -0.5004323881 -0.5829558990 23.0898077 43.20358
5.30 -0.5004197153 -0.5830453345 22.8287592 42.82985
5.32 -0.5004074338 -0.5831342363 22.5676911 42.45612
5.34 -0.5003955313 -0.5832226056 22.3068525 42.08239
5.36 -0.5003839960 -0.5833104437 22.0461757 41.70866
5.38 -0.5003728164 -0.5833977523 21.7858095 41.33493
5.40 -0.5003619813 -0.5834845333 21.5253897 40.96119
5.42 -0.5003514799 -0.5835707889 21.2654602 40.58746
5.44 -0.5003413018 -0.5836565215 21.0059100 40.21373
5.46 -0.5003314367 -0.5837417336 20.7466433 39.84000
5.48 -0.5003218749 -0.5838264277 20.4877995 39.46627
5.50 -0.5003126069 -0.5839106067 20.2292405 39.09254
5.52 -0.5003036234 -0.5839942731 19.9710577 38.71881
5.54 -0.5002949155 -0.5840774298 19.7134953 38.34507
5.56 -0.5002864746 -0.5841600797 19.4563574 37.97134
5.58 -0.5002782921 -0.5842422257 19.1996518 37.59761
5.60 -0.5002703600 -0.5843238706 18.9436411 37.22388
5.62 -0.5002626705 -0.5844050173 18.6881462 36.85015
5.64 -0.5002552159 -0.5844856687 18.4331895 36.47642
5.66 -0.5002479887 -0.5845658279 18.1788911 36.10269
5.68 -0.5002409819 -0.5846454977 17.9252602 35.72896
5.70 -0.5002341884 -0.5847246811 17.6722106 35.35522
5.72 -0.5002276017 -0.5848033808 17.4199453 34.98149
5.74 -0.5002212150 -0.5848815996 17.1682903 34.60776
5.76 -0.5002150222 -0.5849593400 16.9175181 34.23403
5.78 -0.5002090171 -0.5850366046 16.6675127 33.86030
5.80 -0.5002031938 -0.5851133960 16.4183141 33.48657
5.82 -0.5001975466 -0.5851897171 16.1698491 33.11284
5.84 -0.5001920698 -0.5852655708 15.9221557 32.73910
5.86 -0.5001867582 -0.5853409601 15.6755357 32.36537
5.88 -0.5001816065 -0.5854158880 15.4298691 31.99164
5.90 -0.5001766096 -0.5854903577 15.1849827 31.61791
5.92 -0.5001717627 -0.5855643723 14.9406934 31.24418
5.94 -0.5001670610 -0.5856379351 14.6979356 30.87045
5.96 -0.5001625000 -0.5857110492 14.4558720 30.49672
5.98 -0.5001580751 -0.5857837178 14.2146835 30.12299
6.00 -0.5001537821 -0.5858559441 13.9748614 29.74925
6.02 -0.5001496168 -0.5859277313 13.7360423 29.37552
6.04 -0.5001455752 -0.5859990826 13.4981309 29.00179
6.06 -0.5001416534 -0.5860700012 13.2613513 28.62806
6.08 -0.5001378475 -0.5861404903 13.0257286 28.25433
6.10 -0.5001341540 -0.5862105530 12.7912642 27.88060
6.12 -0.5001305692 -0.5862801925 12.5579345 27.50687
6.14 -0.5001270897 -0.5863494119 12.3257469 27.13313
6.16 -0.5001237123 -0.5864182143 12.0948006 26.75940
6.18 -0.5001204336 -0.5864866028 11.8651536 26.38567
6.20 -0.5001172505 -0.5865545804 11.6366964 26.01194
6.22 -0.5001141601 -0.5866221501 11.4091869 25.63821
6.24 -0.5001111594 -0.5866893148 11.1833936 25.26448
6.26 -0.5001082456 -0.5867560771 10.9587222 24.89075
6.28 -0.5001054159 -0.5868224400 10.7354149 24.51702
6.30 -0.5001026677 -0.5868884062 10.5134148 24.14328
6.32 -0.5000999985 -0.5869539787 10.2928096 23.76955
6.34 -0.5000974056 -0.5870191603 10.0734551 23.39582
6.36 -0.5000948868 -0.5870839539 9.8555750 23.02209
6.38 -0.5000924397 -0.5871483625 9.6392366 22.64836
6.40 -0.5000900620 -0.5872123889 9.4241664 22.27463
6.42 -0.5000877514 -0.5872760361 9.2106422 21.90090
6.44 -0.5000855062 -0.5873393071 8.9985957 21.52716
6.46 -0.5000833240 -0.5874022048 8.7879301 21.15343
6.48 -0.5000812030 -0.5874647320 8.5787799 20.77970
6.50 -0.5000791412 -0.5875268916 8.3714689 20.40597
6.52 -0.5000771368 -0.5875886866 8.1653079 20.03224
6.54 -0.5000751879 -0.5876501199 7.9608038 19.65851
6.56 -0.5000732928 -0.5877111941 7.7581145 19.28478
6.58 -0.5000714499 -0.5877719124 7.5568010 18.91104
6.60 -0.5000696576 -0.5878322773 7.3572016 18.53731
6.62 -0.5000679142 -0.5878922919 7.1592464 18.16358
6.64 -0.5000662182 -0.5879519587 6.9631891 17.78985
6.66 -0.5000645682 -0.5880112807 6.7685575 17.41612
6.68 -0.5000629627 -0.5880702604 6.5756297 17.04239
6.70 -0.5000614005 -0.5881289007 6.3845003 16.66866
6.72 -0.5000598800 -0.5881872042 6.1951264 16.29493
6.74 -0.5000584001 -0.5882451736 6.0074978 15.92119
6.76 -0.5000569595 -0.5883028113 5.8216766 15.54746
6.78 -0.5000555569 -0.5883601199 5.6376100 15.17373
6.80 -0.5000541913 -0.5884171017 5.4556115 14.80000
6.82 -0.5000528615 -0.5884737593 5.4605258 14.80000
6.84 -0.5000515664 -0.5885300951 5.4655176 14.80000
6.86 -0.5000503049 -0.5885861115 5.4704716 14.80000
6.88 -0.5000490760 -0.5886418110 5.4753983 14.80000
6.90 -0.5000478788 -0.5886971959 5.4803494 14.80000
6.92 -0.5000467122 -0.5887522687 5.4852388 14.80000
6.94 -0.5000455753 -0.5888070318 5.4900646 14.80000
6.96 -0.5000444673 -0.5888614876 5.4948600 14.80000
6.98 -0.5000433873 -0.5889156385 5.4997319 14.80000
7.00 -0.5000423344 -0.5889694868 5.5045169 14.80000
7.02 -0.5000413078 -0.5890230349 5.5092563 14.80000
7.04 -0.5000403067 -0.5890762851 5.5139789 14.80000
7.06 -0.5000393304 -0.5891292399 5.5187017 14.80000
7.08 -0.5000383782 -0.5891819016 5.5234289 14.80000
7.10 -0.5000374492 -0.5892342724 5.5281145 14.80000
7.12 -0.5000365429 -0.5892863548 5.5327709 14.80000
7.14 -0.5000356585 -0.5893381510 5.5371707 14.80000
7.16 -0.5000347955 -0.5893896633 5.5419815 14.80000
7.18 -0.5000339531 -0.5894408940 5.5465120 14.80000
7.20 -0.5000331309 -0.5894918454 5.5510582 14.80000
7.22 -0.5000323281 -0.5895425196 5.5554401 14.80000
7.24 -0.5000315443 -0.5895929189 5.5598764 14.80000
7.26 -0.5000307788 -0.5896430454 5.5644677 14.80000
7.28 -0.5000300312 -0.5896929014 5.5689178 14.80000
7.30 -0.5000293009 -0.5897424888 5.5734309 14.80000
7.32 -0.5000285875 -0.5897918098 5.5777473 14.80000
7.34 -0.5000278904 -0.5898408664 5.5821527 14.80000
7.36 -0.5000272092 -0.5898896606 5.5864910 14.80000
7.38 -0.5000265435 -0.5899381944 5.5909580 14.80000
7.40 -0.5000258927 -0.5899864696 5.5950508 14.80000
7.42 -0.5000252565 -0.5900344883 5.5994720 14.80000
7.44 -0.5000246345 -0.5900822522 5.6037307 14.80000
7.46 -0.5000240262 -0.5901297632 5.6080930 14.80000
7.48 -0.5000234314 -0.5901770234 5.6121205 14.80000
7.50 -0.5000228495 -0.5902240344 5.6162428 14.80000
7.52 -0.5000222803 -0.5902707982 5.6206590 14.80000
7.54 -0.5000217233 -0.5903173165 5.6249364 14.80000
7.56 -0.5000211783 -0.5903635913 5.6290158 14.80000
7.58 -0.5000206450 -0.5904096242 5.6331476 14.80000
7.60 -0.5000201229 -0.5904554172 5.6372259 14.80000
7.62 -0.5000196119 -0.5905009720 5.6412166 14.80000
7.64 -0.5000191115 -0.5905462903 5.6453190 14.80000
7.66 -0.5000186214 -0.5905913740 5.6492481 14.80000
7.68 -0.5000181416 -0.5906362250 5.6533656 14.80000
7.70 -0.5000176716 -0.5906808450 5.6573108 14.80000
7.72 -0.5000172113 -0.5907252358 5.6615125 14.80000
7.74 -0.5000167603 -0.5907693991 5.6654464 14.80000
7.76 -0.5000163183 -0.5908133367 5.6693287 14.80000
7.78 -0.5000158853 -0.5908570504 5.6731966 14.80000
7.80 -0.5000154608 -0.5909005418 5.6772033 14.80000
7.82 -0.5000150447 -0.5909438127 5.6810658 14.80000
7.84 -0.5000146368 -0.5909868648 5.6850331 14.80000
7.86 -0.5000142368 -0.5910296997 5.6888273 14.80000
7.88 -0.5000138446 -0.5910723192 5.6928024 14.80000
7.90 -0.5000134600 -0.5911147248 5.6964866 14.80000
7.92 -0.5000130827 -0.5911569181 5.7002519 14.80000
7.94 -0.5000127125 -0.5911989008 5.7040627 14.80000
7.96 -0.5000123494 -0.5912406744 5.7078674 14.80000
7.98 -0.5000119930 -0.5912822403 5.7116738 14.80000
8.00 -0.5000116433 -0.5913236002 5.7153514 14.80000
8.02 -0.5000113000 -0.5913647554 5.7190525 14.80000
8.04 -0.5000109631 -0.5914057074 5.7228921 14.80000
8.06 -0.5000106323 -0.5914464577 5.7264587 14.80000
8.08 -0.5000103075 -0.5914870076 5.7300861 14.80000
8.10 -0.5000099885 -0.5915273586 5.7338236 14.80000
8.12 -0.5000096753 -0.5915675120 5.7376104 14.80000
8.14 -0.5000093676 -0.5916074692 5.7411770 14.80000
8.16 -0.5000090653 -0.5916472316 5.7447424 14.80000
8.18 -0.5000087683 -0.5916868004 5.7483371 14.80000
8.20 -0.5000084765 -0.5917261772 5.7518342 14.80000
8.22 -0.5000081897 -0.5917653631 5.7554225 14.80000
8.24 -0.5000079079 -0.5918043595 5.7589152 14.80000
8.26 -0.5000076309 -0.5918431677 5.7625785 14.80000
8.28 -0.5000073585 -0.5918817891 5.7658553 14.80000
8.30 -0.5000070907 -0.5919202250 5.7694261 14.80000
8.32 -0.5000068274 -0.5919584766 5.7727905 14.80000
8.34 -0.5000065685 -0.5919965453 5.7765346 14.80000
8.36 -0.5000063138 -0.5920344325 5.7797860 14.80000
8.38 -0.5000060633 -0.5920721393 5.7832514 14.80000
8.40 -0.5000058169 -0.5921096672 5.7866145 14.80000
8.42 -0.5000055745 -0.5921470174 5.7900992 14.80000
8.44 -0.5000053359 -0.5921841912 5.7934737 14.80000
8.46 -0.5000051012 -0.5922211899 5.7968023 14.80000
8.48 -0.5000048701 -0.5922580148 5.8001717 14.80000
8.50 -0.5000046427 -0.5922946671 5.8034684 14.80000
8.52 -0.5000044188 -0.5923311481 5.8067796 14.80000
8.54 -0.5000041984 -0.5923674590 5.8100452 14.80000
8.56 -0.5000039814 -0.5924036011 5.8134059 14.80000
8.58 -0.5000037677 -0.5924395755 5.8166652 14.80000
8.60 -0.5000035573 -0.5924753834 5.8199697 14.80000
8.62 -0.5000033500 -0.5925110261 5.8233458 14.80000
8.64 -0.5000031459 -0.5925465045 5.8266191 14.80000
8.66 -0.5000029447 -0.5925818200 5.8297969 14.80000
8.68 -0.5000027466 -0.5926169736 5.8330191 14.80000
8.70 -0.5000025514 -0.5926519664 5.8361451 14.80000
8.72 -0.5000023590 -0.5926867994 5.8392670 14.80000
8.74 -0.5000021694 -0.5927214737 5.8426129 14.80000
8.76 -0.5000019825 -0.5927559905 5.8458204 14.80000
8.78 -0.5000017984 -0.5927903506 5.8488094 14.80000
8.80 -0.5000016168 -0.5928245551 5.8519468 14.80000
8.82 -0.5000014378 -0.5928586051 5.8550322 14.80000
8.84 -0.5000012613 -0.5928925015 5.8582504 14.80000
8.86 -0.5000010873 -0.5929262453 5.8612710 14.80000
8.88 -0.5000009157 -0.5929598374 5.8645328 14.80000
8.90 -0.5000007465 -0.5929932790 5.8673391 14.80000
8.92 -0.5000005796 -0.5930265708 5.8704257 14.80000
8.94 -0.5000004149 -0.5930597140 5.8734586 14.80000
8.96 -0.5000002525 -0.5930927093 5.8765727 14.80000
8.98 -0.5000000923 -0.5931255579 5.8795775 14.80000
9.00 -0.4999999342 -0.5931582605 5.8825194 14.80000
9.02 -0.4999997782 -0.5931908183 5.8856526 14.80000
9.04 -0.4999996243 -0.5932232320 5.8884481 14.80000
9.06 -0.4999994723 -0.5932555028 5.8914779 14.80000
9.08 -0.4999993224 -0.5932876314 5.8944810 14.80000
9.10 -0.4999991744 -0.5933196189 5.8974051 14.80000
9.12 -0.4999990284 -0.5933514661 5.9003948 14.80000
9.14 -0.4999988842 -0.5933831741 5.9032360 14.80000
9.16 -0.4999987418 -0.5934147437 5.9061194 14.80000
9.18 -0.4999986012 -0.5934461759 5.9090567 14.80000
9.20 -0.4999984625 -0.5934774715 5.9119390 14.80000
9.22 -0.4999983254 -0.5935086316 5.9147021 14.80000
9.24 -0.4999981901 -0.5935396570 5.9176266 14.80000
9.26 -0.4999980564 -0.5935705487 5.9205472 14.80000
9.28 -0.4999979244 -0.5936013074 5.9235429 14.80000
9.30 -0.4999977940 -0.5936319342 5.9262785 14.80000
9.32 -0.4999976652 -0.5936624299 5.9290773 14.80000
9.34 -0.4999975380 -0.5936927953 5.9318171 14.80000
9.36 -0.4999974123 -0.5937230313 5.9345963 14.80000
9.38 -0.4999972881 -0.5937531388 5.9375283 14.80000
9.40 -0.4999971654 -0.5937831186 5.9401112 14.80000
9.42 -0.4999970441 -0.5938129714 5.9428582 14.80000
9.44 -0.4999969243 -0.5938426982 5.9455949 14.80000
9.46 -0.4999968059 -0.5938722997 5.9483336 14.80000
9.48 -0.4999966889 -0.5939017767 5.9510558 14.80000
9.50 -0.4999965733 -0.5939311299 5.9538172 14.80000
9.52 -0.4999964590 -0.5939603602 5.9565465 14.80000
9.54 -0.4999963460 -0.5939894682 5.9592020 14.80000
9.56 -0.4999962343 -0.5940184547 5.9619071 14.80000
9.58 -0.4999961239 -0.5940473205 5.9646040 14.80000
9.60 -0.4999960148 -0.5940760663 5.9673042 14.80000
9.62 -0.4999959069 -0.5941046927 5.9699753 14.80000
9.64 -0.4999958002 -0.5941332005 5.9727487 14.80000
9.66 -0.4999956947 -0.5941615904 5.9752936 14.80000
9.68 -0.4999955904 -0.5941898631 5.9779492 14.80000
9.70 -0.4999954872 -0.5942180193 5.9803632 14.80000
9.72 -0.4999953852 -0.5942460596 5.9830783 14.80000
9.74 -0.4999952843 -0.5942739847 5.9857877 14.80000
9.76 -0.4999951845 -0.5943017953 5.9882205 14.80000
9.78 -0.4999950859 -0.5943294921 5.9907675 14.80000
9.80 -0.4999949883 -0.5943570758 5.9933292 14.80000
9.82 -0.4999948917 -0.5943845469 5.9958837 14.80000
9.84 -0.4999947962 -0.5944119062 5.9984366 14.80000
9.86 -0.4999947017 -0.5944391543 6.0009782 14.80000
9.88 -0.4999946083 -0.5944662919 6.0035124 14.80000
9.90 -0.4999945158 -0.5944933196 6.0060308 14.80000
9.92 -0.4999944244 -0.5945202380 6.0084807 14.80000
9.94 -0.4999943339 -0.5945470479 6.0110271 14.80000
9.96 -0.4999942443 -0.5945737499 6.0135070 14.80000
9.98 -0.4999941557 -0.5946003446 6.0159827 14.80000
10.00 -0.4999940681 -0.5946268326 6.0184530 14.80000
10.02 -0.4999939813 -0.5946532146 6.0209213 14.80000
10.04 -0.4999938955 -0.5946794912 6.0233806 14.80000
10.06 -0.4999938105 -0.5947056631 6.0258418 14.80000
10.08 -0.4999937264 -0.5947317309 6.0283327 14.80000
10.10 -0.4999936432 -0.5947576951 6.0307930 14.80000
10.12 -0.4999935609 -0.5947835565 6.0330711 14.80000
10.14 -0.4999934793 -0.5948093156 6.0354959 14.80000
10.16 -0.4999933987 -0.5948349731 6.0379045 14.80000
10.18 -0.4999933186 -0.5948605295 6.0402903 14.80000
10.20 -0.4999932396 -0.5948859855 6.0426683 14.80000
10.22 -0.4999931614 -0.5949113417 6.0450349 14.80000
10.24 -0.4999930839 -0.5949365987 6.0473864 14.80000
10.26 -0.4999930072 -0.5949617571 6.0497355 14.80000
10.28 -0.4999929313 -0.5949868175 6.0522568 14.80000
10.30 -0.4999928562 -0.5950117803 6.0545778 14.80000
10.32 -0.4999927818 -0.5950366464 6.0568932 14.80000
10.34 -0.4999927082 -0.5950614161 6.0591995 14.80000
10.36 -0.4999926352 -0.5950860901 6.0614977 14.80000
10.38 -0.4999925630 -0.5951106690 6.0637861 14.80000
10.40 -0.4999924915 -0.5951351533 6.0660728 14.80000
10.42 -0.4999924207 -0.5951595437 6.0683485 14.80000
10.44 -0.4999923506 -0.5951838405 6.0706174 14.80000
10.46 -0.4999922812 -0.5952080445 6.0728828 14.80000
10.48 -0.4999922125 -0.5952321562 6.0749884 14.80000
10.50 -0.4999921444 -0.5952561760 6.0772672 14.80000
10.52 -0.4999920770 -0.5952801047 6.0795096 14.80000
10.54 -0.4999920102 -0.5953039426 6.0817927 14.80000
10.56 -0.4999919441 -0.5953276903 6.0840333 14.80000
10.58 -0.4999918786 -0.5953513485 6.0862957 14.80000
10.60 -0.4999918138 -0.5953749175 6.0885021 14.80000
10.62 -0.4999917495 -0.5953983979 6.0907020 14.80000
10.64 -0.4999916859 -0.5954217903 6.0928905 14.80000
10.66 -0.4999916229 -0.5954450951 6.0949412 14.80000
10.68 -0.4999915605 -0.5954683129 6.0972393 14.80000
10.70 -0.4999914986 -0.5954914441 6.0994606 14.80000
10.72 -0.4999914374 -0.5955144893 6.1016673 14.80000
10.74 -0.4999913767 -0.5955374490 6.1036780 14.80000
10.76 -0.4999913166 -0.5955603236 6.1058078 14.80000
10.78 -0.4999912571 -0.5955831136 6.1079302 14.80000
10.80 -0.4999911981 -0.5956058195 6.1100389 14.80000
10.82 -0.4999911397 -0.5956284419 6.1124309 14.80000
10.84 -0.4999910818 -0.5956509811 6.1145339 14.80000
10.86 -0.4999910244 -0.5956734376 6.1166174 14.80000
10.88 -0.4999909676 -0.5956958120 6.1186792 14.80000
10.90 -0.4999909113 -0.5957181045 6.1207234 14.80000
10.92 -0.4999908556 -0.5957403158 6.1227465 14.80000
10.94 -0.4999908003 -0.5957624462 6.1248770 14.80000
10.96 -0.4999907456 -0.5957844963 6.1269529 14.80000
10.98 -0.4999906913 -0.5958064664 6.1290070 14.80000
11.00 -0.4999906376 -0.5958283569 6.1311484 14.80000
11.02 -0.4999905843 -0.5958501684 6.1333004 14.80000
11.04 -0.4999905315 -0.5958719012 6.1352439 14.80000
11.06 -0.4999904792 -0.5958935557 6.1371622 14.80000
11.08 -0.4999904274 -0.5959151324 6.1392961 14.80000
11.10 -0.4999903760 -0.5959366318 6.1413864 14.80000
11.12 -0.4999903252 -0.5959580541 6.1433687 14.80000
11.14 -0.4999902747 -0.5959793999 6.1454311 14.80000
11.16 -0.4999902247 -0.5960006695 6.1474985 14.80000
11.18 -0.4999901752 -0.5960218633 6.1493060 14.80000
11.20 -0.4999901261 -0.5960429818 6.1512289 14.80000
11.22 -0.4999900775 -0.5960640252 6.1534386 14.80000
11.24 -0.4999900293 -0.5960849941 6.1553053 14.80000
11.26 -0.4999899815 -0.5961058888 6.1572842 14.80000
11.28 -0.4999899341 -0.5961267098 6.1592454 14.80000
11.30 -0.4999898872 -0.5961474572 6.1613096 14.80000
11.32 -0.4999898407 -0.5961681317 6.1632181 14.80000
11.34 -0.4999897946 -0.5961887335 6.1651704 14.80000
11.36 -0.4999897489 -0.5962092630 6.1671532 14.80000
11.38 -0.4999897036 -0.5962297206 6.1691988 14.80000
11.40 -0.4999896587 -0.5962501067 6.1709601 14.80000
11.42 -0.4999896142 -0.5962704216 6.1728568 14.80000
11.44 -0.4999895700 -0.5962906656 6.1747872 14.80000
11.46 -0.4999895263 -0.5963108393 6.1767218 14.80000
11.48 -0.4999894830 -0.5963309429 6.1786693 14.80000
11.50 -0.4999894400 -0.5963509767 6.1805710 14.80000
11.52 -0.4999893974 -0.5963709412 6.1824277 14.80000
11.54 -0.4999893552 -0.5963908367 6.1842225 14.80000
11.56 -0.4999893133 -0.5964106635 6.1861220 14.80000
11.58 -0.4999892718 -0.5964304220 6.1879068 14.80000
11.60 -0.4999892306 -0.5964501125 6.1899023 14.80000
11.62 -0.4999891898 -0.5964697354 6.1917663 14.80000
11.64 -0.4999891494 -0.5964892910 6.1935455 14.80000
11.66 -0.4999891093 -0.5965087797 6.1955622 14.80000
11.68 -0.4999890696 -0.5965282018 6.1974761 14.80000
11.70 -0.4999890301 -0.5965475576 6.1993353 14.80000
11.72 -0.4999889911 -0.5965668475 6.2009660 14.80000
11.74 -0.4999889523 -0.5965860718 6.2027662 14.80000
11.76 -0.4999889139 -0.5966052309 6.2045369 14.80000
11.78 -0.4999888758 -0.5966243250 6.2064002 14.80000
11.80 -0.4999888381 -0.5966433545 6.2082352 14.80000
11.82 -0.4999888006 -0.5966623196 6.2100169 14.80000
11.84 -0.4999887635 -0.5966812209 6.2118521 14.80000
11.86 -0.4999887267 -0.5967000584 6.2136393 14.80000
11.88 -0.4999886902 -0.5967188327 6.2154191 14.80000
11.90 -0.4999886540 -0.5967375439 6.2171758 14.80000
11.92 -0.4999886181 -0.5967561924 6.2189499 14.80000
11.94 -0.4999885825 -0.5967747785 6.2206980 14.80000
11.96 -0.4999885472 -0.5967933025 6.2224478 14.80000
11.98 -0.4999885122 -0.5968117648 6.2241879 14.80000
12.00 -0.4999884775 -0.5968301656 6.2259248 14.80000
12.02 -0.4999884431 -0.5968485052 6.2276592 14.80000
12.04 -0.4999884090 -0.5968667840 6.2293885 14.80000
12.06 -0.4999883751 -0.5968850022 6.2311655 14.80000
12.08 -0.4999883416 -0.5969031601 6.2329179 14.80000
12.10 -0.4999883083 -0.5969212581 6.2346651 14.80000
12.12 -0.4999882753 -0.5969392964 6.2363349 14.80000
12.14 -0.4999882425 -0.5969572753 6.2380707 14.80000
12.16 -0.4999882100 -0.5969751951 6.2398110 14.80000
12.18 -0.4999881778 -0.5969930561 6.2415557 14.80000
12.20 -0.4999881459 -0.5970108586 6.2432999 14.80000
12.22 -0.4999881142 -0.5970286029 6.2450429 14.80000
12.24 -0.4999880827 -0.5970462892 6.2467792 14.80000
12.26 -0.4999880516 -0.5970639179 6.2482864 14.80000
12.28 -0.4999880206 -0.5970814891 6.2499638 14.80000
12.30 -0.4999879900 -0.5970990033 6.2515407 14.80000
12.32 -0.4999879595 -0.5971164606 6.2532652 14.80000
12.34 -0.4999879294 -0.5971338614 6.2549297 14.80000
12.36 -0.4999878994 -0.5971512059 6.2567124 14.80000
12.38 -0.4999878697 -0.5971684944 6.2582786 14.80000
12.40 -0.4999878403 -0.5971857271 6.2598970 14.80000
12.42 -0.4999878111 -0.5972029044 6.2615287 14.80000
12.44 -0.4999877821 -0.5972200265 6.2631567 14.80000
12.46 -0.4999877533 -0.5972370936 6.2647889 14.80000
12.48 -0.4999877248 -0.5972541060 6.2664235 14.80000
12.50 -0.4999876965 -0.5972710640 6.2680197 14.80000
