Distance HF_Energy DFA_Energy Coefficient Exponent
0.001 3167.3532036494 3167.3636719996 -0.0719599 130.5395490
0.002 1579.5889765761 1579.5995770741 -0.0728896 130.5364663
0.003 1050.3902792063 1050.4008893171 -0.0730068 130.5368194
0.004 785.7868482425 785.7974741847 -0.0731888 130.5370780
0.005 627.0387841635 627.0494274892 -0.0733964 130.5373792
0.006 521.1995578842 521.2102244417 -0.0736670 130.5377789
0.007 445.6044688569 445.6151699584 -0.0740299 130.5376903
0.008 388.9073091695 388.9180391379 -0.0743751 130.5378120
0.009 344.8139040245 344.8246685042 -0.0747802 130.5380419
0.010 309.5374249653 309.5482289455 -0.0752478 130.5382140
0.011 280.6770582842 280.6879032891 -0.0757356 130.5382737
0.012 256.6268823618 256.6377711066 -0.0762758 130.5384430
0.013 236.2792790386 236.2902165705 -0.0768717 130.5386620
0.014 218.8381023793 218.8490927430 -0.0775096 130.5387527
0.015 203.7240087014 203.7350537938 -0.0781851 130.5388438
0.016 190.4996607313 190.5107623753 -0.0788976 130.5389492
0.017 178.8329708313 178.8441322659 -0.0796572 130.5390522
0.018 168.4627245881 168.4739496176 -0.0804631 130.5391084
0.019 159.1853954647 159.1966869161 -0.0813054 130.5391085
0.020 150.8364180239 150.8477775132 -0.0821974 130.5393195
0.021 143.2838820445 143.2953152900 -0.0831487 130.5392823
0.022 136.4184889192 136.4299934856 -0.0840979 130.5392636
0.023 130.1512275939 130.1628060210 -0.0850969 130.5393401
0.024 124.4069020146 124.4185566730 -0.0861463 130.5394565
0.025 119.1233922225 119.1351247418 -0.0872192 130.5393940
0.026 114.2467800442 114.2585913994 -0.0883281 130.5394352
0.027 109.7324150917 109.7443060786 -0.0894756 130.5394512
0.028 105.5413367240 105.5533084032 -0.0906502 130.5394959
0.029 101.6402427820 101.6522965184 -0.0918681 130.5395254
0.030 97.9997369727 98.0118741575 -0.0931227 130.5396391
0.031 94.5950200578 94.6072417514 -0.0944081 130.5396566
0.032 91.4037474354 91.4160542505 -0.0957223 130.5395764
0.033 88.4068710907 88.4192632978 -0.0970732 130.5396747
0.034 85.5868060946 85.5992838925 -0.0984480 130.5396837
0.035 82.9287216517 82.9412853373 -0.0998497 130.5396020
0.036 80.4189302760 80.4315802933 -0.1012850 130.5396101
0.037 78.0456889109 78.0584257243 -0.1027565 130.5396286
0.038 75.7978721633 75.8106961242 -0.1042667 130.5396275
0.039 73.6660903260 73.6790015463 -0.1058038 130.5397140
0.040 71.6414875004 71.6544858692 -0.1073585 130.5396241
0.041 69.7164480660 69.7295333162 -0.1089501 130.5396255
0.042 67.8835784451 67.8967502882 -0.1105720 130.5397220
0.043 66.1366585382 66.1499167197 -0.1122178 130.5397243
0.044 64.4697013469 64.4830456811 -0.1138918 130.5397183
0.045 62.8775628380 62.8909931535 -0.1155957 130.5397236
0.046 61.3551289620 61.3686450611 -0.1173303 130.5397063
0.047 59.8981249352 59.9117265172 -0.1190863 130.5396017
0.048 58.5023547488 58.5160414049 -0.1208774 130.5395956
0.049 57.1642258284 57.1779970413 -0.1226967 130.5395921
0.050 55.8800814749 55.8939366813 -0.1245466 130.5395788
0.051 54.6468929902 54.6608316030 -0.1264195 130.5395803
0.052 53.4616296182 53.4756510743 -0.1283280 130.5396779
0.053 52.3217113681 52.3358151220 -0.1302574 130.5396708
0.054 51.2244493134 51.2386348478 -0.1322158 130.5396670
0.055 50.1676419195 50.1819086989 -0.1342054 130.5396555
0.056 49.1490841531 49.1634316097 -0.1362187 130.5395391
0.057 48.1667958022 48.1812233129 -0.1382701 130.5396370
0.058 47.2187939317 47.2333008237 -0.1403400 130.5395148
0.059 46.3034429072 46.3180284464 -0.1424435 130.5396133
0.060 45.4190414070 45.4337048278 -0.1445670 130.5396131
0.061 44.5641658895 44.5789063950 -0.1467257 130.5395940
0.062 43.7372589087 43.7520757038 -0.1489064 130.5395735
0.063 42.9370821789 42.9519744541 -0.1511054 130.5394513
0.064 42.1623219725 42.1772889159 -0.1533390 130.5394384
0.065 41.4118912294 41.4269320034 -0.1555988 130.5394296
0.066 40.6845703651 40.6996841158 -0.1578889 130.5395313
0.067 39.9794065040 39.9945923315 -0.1601956 130.5393958
0.068 39.2953680889 39.3106250556 -0.1625301 130.5393914
0.069 38.6316123003 38.6469394169 -0.1648950 130.5394800
0.070 37.9871688243 38.0025650726 -0.1672663 130.5393456
0.071 37.3612939576 37.3767582798 -0.1696674 130.5393335
0.072 36.7531657115 36.7686970326 -0.1720956 130.5393109
0.073 36.1621219308 36.1777191552 -0.1745392 130.5392967
0.074 35.5873797167 35.6030417528 -0.1770073 130.5392818
0.075 35.0283513881 35.0440771352 -0.1794990 130.5393920
0.076 34.4843733482 34.5001617102 -0.1820066 130.5392431
0.077 33.9549192802 33.9707691540 -0.1845349 130.5393512
0.078 33.4393495229 33.4552598133 -0.1870762 130.5393352
0.079 32.9371945447 32.9531641474 -0.1896353 130.5391930
0.080 32.4479122824 32.4639400953 -0.1922259 130.5393038
0.081 31.9710799955 31.9871649091 -0.1948261 130.5391533
0.082 31.5061690707 31.5223099865 -0.1974495 130.5391354
0.083 31.0528006273 31.0689964461 -0.2000913 130.5391191
0.084 30.6105449410 30.6267945759 -0.2027532 130.5392354
0.085 30.1790231380 30.1953255150 -0.2054282 130.5392272
0.086 29.7578120949 29.7741661632 -0.2081250 130.5392012
0.087 29.3466033173 29.3630080398 -0.2108363 130.5391914
0.088 28.9450236439 28.9614780073 -0.2135701 130.5391716
0.089 28.5527927501 28.5692957552 -0.2163189 130.5391550
0.090 28.1695385565 28.1860892292 -0.2190856 130.5390035
0.091 27.7950078379 27.8116052146 -0.2218797 130.5391281
0.092 27.4288866829 27.4455298173 -0.2246882 130.5391104
0.093 27.0709440761 27.0876320286 -0.2275107 130.5389563
0.094 26.7208636686 26.7375955175 -0.2303610 130.5390774
0.095 26.3784360909 26.3952109196 -0.2332179 130.5389268
0.096 26.0433951297 26.0602120356 -0.2361072 130.5390525
0.097 25.7155490945 25.7324071811 -0.2390066 130.5388939
0.098 25.3946269095 25.4115252985 -0.2419294 130.5388788
0.099 25.0804543403 25.0973921613 -0.2448704 130.5388082
0.100 24.7728039528 24.7897803516 -0.2477510 130.5355800
0.10 24.7728039528 24.7897803516 -0.2477510 130.53558
0.14 16.2080744281 16.2259993249 -0.3809360 130.53558
0.18 11.6286387922 11.6466442634 -0.5375077 130.53558
0.22 8.8278738656 8.8453955911 -0.7069050 130.53558
0.26 6.9657363870 6.9825217562 -0.8853983 130.53558
0.30 5.6522086928 5.6682118049 -1.0715947 130.53558
0.34 4.6859241610 4.7010720605 -1.2579216 130.53558
0.38 3.9521910658 3.9664234958 -1.4380593 130.53558
0.42 3.3802087703 3.3935050736 -1.6074557 130.53558
0.46 2.9245301882 2.9368926264 -1.7621509 130.53558
0.50 2.5549017922 2.5663447860 -1.8977799 130.53558
0.54 2.2504824112 2.2610266939 -2.0108455 130.53558
0.58 1.9964779508 2.0061465603 -2.0981364 130.53558
0.62 1.7821232889 1.7909389297 -2.1566461 130.53558
0.66 1.5994180939 1.6074015667 -2.1832338 130.53558
0.70 1.4423117136 1.4494812322 -2.1749947 130.53558
0.74 1.3061548307 1.3125261237 -2.1293774 130.53558
0.78 1.1873239800 1.1929108530 -2.0441289 130.53558
0.82 1.0829558342 1.0877705783 -1.9175170 130.53558
0.86 0.9907608583 0.9948142247 -1.7478034 130.53558
0.90 0.9088889392 0.9121898725 -1.5337351 130.53558
0.94 0.8358312620 0.8383866676 -1.2734627 130.53558
0.98 0.7703476596 0.7721623088 -0.9657995 130.53558
1.02 0.7114103674 0.7124869085 -0.6097153 130.53558
1.06 0.6581621208 0.6585011791 -0.2036055 130.53558
1.10 0.6098822851 0.6094826149 0.2535578 130.53558
1.14 0.5659617175 0.5648204056 0.7627180 130.53558
1.18 0.5258820190 0.5239946946 1.3246807 130.53558
1.22 0.4891998186 0.4865608455 1.9399539 130.53558
1.26 0.4555338750 0.4521364865 2.6087053 130.53558
1.30 0.4245547804 0.4203911463 3.3316860 130.53558
1.34 0.3959769394 0.3910381807 4.0853771 130.01566
1.38 0.3695515670 0.3638277275 4.8841581 129.49573
1.42 0.3450613506 0.3385413590 5.7269916 128.97580
1.46 0.3223155998 0.3149872234 6.6131393 128.45588
1.50 0.3011465306 0.2929963381 7.5417025 127.93595
1.54 0.2814060119 0.2724193402 8.5118774 127.41602
1.58 0.2629626570 0.2531235716 9.5229163 126.89610
1.62 0.2456997454 0.2349910070 10.5740826 126.37617
1.66 0.2295131226 0.2179161412 11.6645143 125.85624
1.70 0.2143097288 0.2018045214 12.7938099 125.33632
1.74 0.2000061241 0.1865712568 13.9614687 124.81639
1.78 0.1865274618 0.1721399996 15.1669586 124.29646
1.82 0.1738064415 0.1584418936 16.4100558 123.77653
1.86 0.1617825541 0.1454148362 17.6905922 123.25661
1.90 0.1504013082 0.1330027178 19.0083604 122.73668
1.94 0.1396135401 0.1211547484 20.3634456 122.21675
1.98 0.1293749032 0.1098249693 21.7559779 121.69683
2.02 0.1196452413 0.0989716304 23.1857289 121.17690
2.06 0.1103882428 0.0885568646 24.6531617 120.65697
2.10 0.1015708961 0.0785461273 26.1588088 120.13705
2.14 0.0931632487 0.0689079632 27.7023286 119.61712
2.18 0.0851380182 0.0596136017 29.2846750 119.09719
2.22 0.0774703830 0.0506367565 30.9064087 118.57727
2.26 0.0701377113 0.0419533564 32.5680681 118.05734
2.30 0.0631193103 0.0335413101 34.2705532 117.53741
2.34 0.0563962522 0.0253803827 36.0147818 117.01749
2.38 0.0499510837 0.0174519607 37.8017306 116.49756
2.42 0.0437676325 0.0097389622 39.6323468 115.97763
2.46 0.0378307008 0.0022256394 41.5073518 115.45770
2.50 0.0321258104 -0.0051025189 43.4267650 114.93778
2.54 0.0266389281 -0.0122588911 45.3905738 114.41785
2.58 0.0213561381 -0.0192558920 47.3971567 113.89792
2.62 0.0162634578 -0.0261049826 49.4443884 113.37800
2.66 0.0113466056 -0.0328168041 51.5282443 112.85807
2.70 0.0065909455 -0.0394011711 53.6432633 112.33814
2.74 0.0019814623 -0.0458671508 55.7825804 111.81822
2.78 -0.0024970728 -0.0522230203 57.9379924 111.29829
2.82 -0.0068598657 -0.0584762790 60.0997227 110.77836
2.86 -0.0111217753 -0.0646336272 62.2576031 110.25844
2.90 -0.0152969261 -0.0707009479 64.4008356 109.73851
2.94 -0.0193983593 -0.0766833320 66.5193689 109.21858
2.98 -0.0234376919 -0.0825850445 68.6031128 108.69865
3.02 -0.0274249356 -0.0884095995 70.6435108 108.17873
3.06 -0.0313683419 -0.0941597288 70.6147559 107.65880
3.10 -0.0352744648 -0.0998375360 74.5666927 107.13887
3.14 -0.0391482172 -0.1054445303 76.4390244 106.61895
3.18 -0.0429930817 -0.1109817848 78.2468987 106.09902
3.22 -0.0468113011 -0.1164499884 79.9887047 105.57909
3.26 -0.0506041240 -0.1218495321 81.6632495 105.05917
3.30 -0.0543720424 -0.1271805813 83.2700370 104.53924
3.34 -0.0581149699 -0.1324431080 84.8096026 104.01931
3.38 -0.0618324479 -0.1376370271 86.2822044 103.49939
3.42 -0.0655237566 -0.1427622283 86.9670033 102.97946
3.46 -0.0691880560 -0.1478186585 89.0299468 102.45953
3.50 -0.0728244439 -0.1528062974 89.0399468 101.93961
3.54 -0.0764320110 -0.1577251413 0.0000000 101.41968
3.58 -0.0800099104 -0.1625752281 0.0000000 100.89975
3.62 -0.0835573412 -0.1673566091 93.7653674 100.37982
3.66 -0.0870735931 -0.1720694451 94.7966706 99.85990
3.70 -0.0905580218 -0.1767139922 95.7690439 99.33997
3.74 -0.0940100774 -0.1812906350 96.6833606 98.82004
3.78 -0.0974292716 -0.1857998238 97.5406860 98.30012
3.82 -0.1008152009 -0.1902420769 98.3420193 97.78019
3.86 -0.1041675150 -0.1946179079 99.0883784 97.26026
3.90 -0.1074859217 -0.1989278335 99.7806442 96.74034
3.94 -0.1107701900 -0.2031724397 100.4196318 96.22041
3.98 -0.1140201219 -0.2073523813 84.5695820 95.70048
4.02 -0.1172355762 -0.2114684145 101.5417414 95.18056
4.06 -0.1204164264 -0.2155213273 102.0271626 94.66063
4.10 -0.1235626013 -0.2195119718 102.4638265 94.14070
4.14 -0.1266740442 -0.2234411875 102.8525733 93.62077
4.18 -0.1297507389 -0.2273098013 103.1948773 93.10085
4.22 -0.1327926856 -0.2311185988 103.4915968 92.58092
4.26 -0.1357999089 -0.2348683965 103.7437788 92.06099
4.30 -0.1387724657 -0.2385600750 103.9523578 91.54107
4.34 -0.1417104228 -0.2421945409 104.1189494 91.02114
4.38 -0.1446138797 -0.2457727408 104.2444908 90.50121
4.42 -0.1474829448 -0.2492956160 104.3303923 89.98129
4.46 -0.1503177573 -0.2527641197 104.3777352 89.46136
4.50 -0.1531184694 -0.2561791759 104.3878866 88.94143
4.54 -0.1558852435 -0.2595416512 104.3618735 88.42151
4.58 -0.1586182763 -0.2628524107 104.3006843 87.90158
4.62 -0.1613177672 -0.2661123275 104.2053477 87.38165
4.66 -0.1639839428 -0.2693223104 104.0768264 86.86173
4.70 -0.1666170344 -0.2724832638 103.9164700 86.34180
4.74 -0.1692172985 -0.2755961036 103.7252102 85.82187
4.78 -0.1717849953 -0.2786617256 103.5042439 85.30194
4.82 -0.1743204080 -0.2816810259 103.2546128 84.78202
4.86 -0.1768238245 -0.2846548742 102.9773229 84.26209
4.90 -0.1792955440 -0.2875841074 102.6732556 83.74216
4.94 -0.1817358839 -0.2904695337 102.3434374 83.22224
4.98 -0.1841451612 -0.2933119514 101.9883774 82.70231
5.02 -0.1865237138 -0.2961121810 101.6092703 82.18238
5.06 -0.1888718710 -0.2988710207 101.2067702 81.66246
5.10 -0.1911899855 -0.3015892789 100.7818156 81.14253
5.14 -0.1934784047 -0.3042677382 100.3351861 80.62260
5.18 -0.1957374907 -0.3069071778 99.8678416 80.10268
5.22 -0.1979676031 -0.3095083542 99.3804178 79.58275
5.26 -0.2001691059 -0.3120720086 98.8736886 79.06282
5.30 -0.2023423728 -0.3145988689 98.3485209 78.54289
5.34 -0.2044877710 -0.3170896226 97.8053524 78.02297
5.38 -0.2066056787 -0.3195449571 97.2449635 77.50304
5.42 -0.2086964665 -0.3219655473 96.6678130 76.98311
5.46 -0.2107605143 -0.3243520699 96.0746655 76.46319
5.50 -0.2127981977 -0.3267051845 95.4661359 75.94326
5.54 -0.2148098862 -0.3290255313 94.8428481 75.42333
5.58 -0.2167959605 -0.3313137507 94.2053385 74.90341
5.62 -0.2187567901 -0.3335704578 93.5542455 74.38348
5.66 -0.2206927508 -0.3357962635 92.8899794 73.86355
5.70 -0.2226042085 -0.3379917563 92.2132944 73.34363
5.74 -0.2244915346 -0.3401575190 91.5245665 72.82370
5.78 -0.2263550901 -0.3422941060 90.8243492 72.30377
5.82 -0.2281952408 -0.3444020674 90.1131113 71.78385
5.86 -0.2300123439 -0.3464819404 89.3912480 71.26392
5.90 -0.2318067529 -0.3485342523 88.6593127 70.74399
5.94 -0.2335788235 -0.3505595260 87.9176595 70.22406
5.98 -0.2353289002 -0.3525582651 87.1667087 69.70414
6.02 -0.2370573327 -0.3545309721 86.4070582 69.18421
6.06 -0.2387644542 -0.3564781245 85.6390774 68.66428
6.10 -0.2404506062 -0.3584002026 84.8631488 68.14436
6.14 -0.2421161170 -0.3602976664 84.0795881 67.62443
6.18 -0.2437613176 -0.3621709733 83.2889020 67.10450
6.22 -0.2453865294 -0.3640205644 82.4914844 66.58458
6.26 -0.2469920693 -0.3658468685 81.6877863 66.06465
6.30 -0.2485782547 -0.3676503092 80.8778326 65.54472
6.34 -0.2501453920 -0.3694312949 80.0623192 65.02480
6.38 -0.2516937819 -0.3711902262 79.2413430 64.50487
6.42 -0.2532237356 -0.3729275089 78.4154539 63.98494
6.46 -0.2547355455 -0.3746435275 77.5848917 63.46501
6.50 -0.2562295020 -0.3763386597 76.7499697 62.94509
6.54 -0.2577058871 -0.3780132706 75.9109796 62.42516
6.58 -0.2591649870 -0.3796677277 75.0682359 61.90523
6.62 -0.2606070758 -0.3813023816 74.2220742 61.38531
6.66 -0.2620324290 -0.3829175823 73.3729021 60.86538
6.70 -0.2634413115 -0.3845136653 72.5207885 60.34545
6.74 -0.2648339897 -0.3860909653 71.6664377 59.82553
6.78 -0.2662107196 -0.3876498027 70.8095265 59.30560
6.82 -0.2675717584 -0.3891904960 69.9507547 58.78567
6.86 -0.2689173547 -0.3907133525 69.0903626 58.26575
6.90 -0.2702477528 -0.3922186732 68.2283823 57.74582
6.94 -0.2715631965 -0.3937067576 67.3652112 57.22589
6.98 -0.2728639203 -0.3951778924 66.5010969 56.70596
7.02 -0.2741501607 -0.3966323660 65.6362883 56.18604
7.06 -0.2754221411 -0.3980704503 64.7710344 55.66611
7.10 -0.2766800899 -0.3994924220 63.9055661 55.14618
7.14 -0.2779242247 -0.4008985444 63.0401259 54.62626
7.18 -0.2791547643 -0.4022890814 62.1749288 54.10633
7.22 -0.2803719202 -0.4036642872 61.3102113 53.58640
7.26 -0.2815758993 -0.4050244105 60.4461800 53.06648
7.30 -0.2827669088 -0.4063696988 59.5830493 52.54655
7.34 -0.2839451471 -0.4077003891 58.7210263 52.02662
7.38 -0.2851108137 -0.4090167182 57.8603181 51.50670
7.42 -0.2862640998 -0.4103189123 57.0010924 50.98677
7.46 -0.2874051975 -0.4116071983 56.1434924 50.46684
7.50 -0.2885342931 -0.4128817958 55.2878505 49.94692
7.54 -0.2896515664 -0.4141429162 54.4343395 49.42699
7.58 -0.2907572000 -0.4153907742 53.5829849 48.90706
7.62 -0.2918513679 -0.4166255736 52.7340784 48.38713
7.66 -0.2929342446 -0.4178475190 51.8879004 47.86721
7.70 -0.2940059990 -0.4190568076 51.0445187 47.34728
7.74 -0.2950667988 -0.4202536359 50.2040936 46.82735
7.78 -0.2961168055 -0.4214381924 49.3667535 46.30743
7.82 -0.2971561813 -0.4226106668 48.5326779 45.78750
7.86 -0.2981850828 -0.4237712414 47.7020408 45.26757
7.90 -0.2992036633 -0.4249200949 46.8751633 44.74765
7.94 -0.3002120765 -0.4260574060 46.0517825 44.22772
7.98 -0.3012104691 -0.4271833449 45.2323469 43.70779
8.02 -0.3021989902 -0.4282980842 44.4170521 43.18787
8.06 -0.3031777791 -0.4294017849 43.6059056 42.66794
8.10 -0.3041469796 -0.4304946127 42.7989693 42.14801
8.14 -0.3051067278 -0.4315767243 41.9967021 41.62808
8.18 -0.3060571613 -0.4326482781 41.1987960 41.10816
8.22 -0.3069984121 -0.4337094258 40.4056928 40.58823
8.26 -0.3079306100 -0.4347603164 39.6173326 40.06830
8.30 -0.3088538853 -0.4358010994 38.8340019 39.54838
8.34 -0.3097683619 -0.4368319171 38.0557690 39.02845
8.38 -0.3106741655 -0.4378529138 37.2826736 38.50852
8.42 -0.3115714156 -0.4388642269 36.5148456 37.98860
8.46 -0.3124602333 -0.4398659953 35.7524160 37.46867
8.50 -0.3133407358 -0.4408583536 34.9955510 36.94874
8.54 -0.3142130353 -0.4418414310 34.2442485 36.42882
8.58 -0.3150772476 -0.4428153599 33.4987183 35.90889
8.62 -0.3159334817 -0.4437802656 32.7589957 35.38896
8.66 -0.3167818484 -0.4447362748 32.0251729 34.86904
8.70 -0.3176224531 -0.4456835081 31.2973530 34.34911
8.74 -0.3184554026 -0.4466220874 30.5756190 33.82918
8.78 -0.3192807986 -0.4475521286 29.8601148 33.30925
8.82 -0.3200987441 -0.4484737491 29.1508476 32.78933
8.86 -0.3209093381 -0.4493870615 28.4480102 32.26940
8.90 -0.3217126778 -0.4502921761 27.7515325 31.74947
8.94 -0.3225088610 -0.4511892043 27.0616820 31.22955
8.98 -0.3232979808 -0.4520782517 26.3782972 30.70962
9.02 -0.3240801326 -0.4529594265 25.7016667 30.18969
9.06 -0.3248554081 -0.4538328327 25.0317770 29.66977
9.10 -0.3256238924 -0.4546985678 24.3687482 29.14984
9.14 -0.3263856758 -0.4555567340 23.7126750 28.62991
9.18 -0.3271408467 -0.4564074318 23.0634038 28.10999
9.22 -0.3278894894 -0.4572507576 22.4213767 27.59006
9.26 -0.3286316873 -0.4580868059 21.7863101 27.07013
9.30 -0.3293675242 -0.4589156724 21.1584350 26.55020
9.34 -0.3300970797 -0.4597374477 20.5377543 26.03028
9.38 -0.3308204350 -0.4605522241 19.9244678 25.51035
9.42 -0.3315376670 -0.4613600891 19.3185086 24.99042
9.46 -0.3322488544 -0.4621611320 18.7200247 24.47050
9.50 -0.3329540729 -0.4629554388 18.1289019 23.95057
9.54 -0.3336533950 -0.4637430917 17.5454030 23.43064
9.58 -0.3343468961 -0.4645241760 16.9694292 22.91072
9.62 -0.3350346469 -0.4652987718 16.4010699 22.39079
9.66 -0.3357167198 -0.4660669609 15.8405583 21.87086
9.70 -0.3363931833 -0.4668288207 15.2876655 21.35094
9.74 -0.3370641073 -0.4675844303 14.7426671 20.83101
9.78 -0.3377295582 -0.4683338644 14.2055304 20.31108
9.82 -0.3383896037 -0.4690771997 13.6763084 19.79116
9.86 -0.3390443086 -0.4698145093 13.1550918 19.27123
9.90 -0.3396937366 -0.4705458651 12.6418374 18.75130
9.94 -0.3403379524 -0.4712713403 12.1366002 18.23137
9.98 -0.3409770170 -0.4719910038 11.6397386 17.71145
10.02 -0.3416109938 -0.4727049273 11.1508333 17.19152
10.06 -0.3422399405 -0.4734131763 10.6703000 16.67159
10.10 -0.3428639186 -0.4741158201 10.1980200 16.15167
10.14 -0.3434829854 -0.4748129236 9.7340564 15.63174
10.18 -0.3440971989 -0.4755045532 9.2785804 15.11181
10.22 -0.3447066168 -0.4761907730 8.8313862 14.59189
10.26 -0.3453112935 -0.4768716453 8.3928771 14.07196
10.30 -0.3459112852 -0.4775472337 7.9628339 13.55203
10.34 -0.3465066448 -0.4782175983 7.5413858 13.03211
10.38 -0.3470974269 -0.4788828007 7.1286167 12.51218
10.42 -0.3476836927 -0.4795429088 6.7246892 11.99225
10.46 -0.3482654754 -0.4801979634 6.3294663 11.47232
10.50 -0.3488428355 -0.4808480316 5.9433105 10.95240
10.54 -0.3494158219 -0.4814931684 5.5661004 10.43247
10.58 -0.3499844853 -0.4821334318 5.1980580 9.91254
10.62 -0.3505488735 -0.4827688756 4.8391809 9.39262
10.66 -0.3511090353 -0.4833995554 4.4896307 8.87269
10.70 -0.3516650172 -0.4840255235 4.1497106 8.35276
10.74 -0.3522168664 -0.4846468338 3.8192489 7.83284
10.78 -0.3527646280 -0.4852635369 3.4985959 7.31291
10.82 -0.3533083481 -0.4858756854 3.1877708 6.79298
10.86 -0.3538480706 -0.4864833287 2.8870372 6.27306
10.90 -0.3543838390 -0.4870865161 2.5964550 5.75313
10.94 -0.3549156974 -0.4876852976 2.3163298 5.23320
10.98 -0.3554436876 -0.4882797200 2.0467861 4.71328
11.02 -0.3559678527 -0.4888698326 1.7881016 4.19335
11.06 -0.3564882325 -0.4894556797 1.5404068 3.67342
11.10 -0.3570048691 -0.4900373092 1.3040943 3.15349
11.14 -0.3575178017 -0.4906147653 1.0794126 2.63357
11.18 -0.3580270709 -0.4911880938 0.8668764 2.11364
11.22 -0.3585327153 -0.4917573381 0.6668979 1.59371
11.26 -0.3590347730 -0.4923225412 0.4799856 1.07379
11.30 -0.3595332827 -0.4928837470 0.3062195 0.55386
11.34 -0.3600282813 -0.4934409966 0.1437014 0.03393
11.38 -0.3605198062 -0.4939943327 0.1437475 0.03393
11.42 -0.3610078933 -0.4945437951 0.1438049 0.03393
11.46 -0.3614925790 -0.4950894256 0.1438732 0.03393
11.50 -0.3619738988 -0.4956312639 0.1439368 0.03393
11.54 -0.3624518865 -0.4961693478 0.1440002 0.03393
11.58 -0.3629265777 -0.4967037178 0.1440680 0.03393
11.62 -0.3633980055 -0.4972344109 0.1441296 0.03393
11.66 -0.3638662043 -0.4977614660 0.1441948 0.03393
11.70 -0.3643312062 -0.4982849194 0.1442580 0.03393
11.74 -0.3647930447 -0.4988048088 0.1443188 0.03393
11.78 -0.3652517511 -0.4993211693 0.1443818 0.03393
11.82 -0.3657073578 -0.4998340379 0.1444466 0.03393
11.86 -0.3661598959 -0.5003434491 0.1445077 0.03393
11.90 -0.3666093957 -0.5008494374 0.1445647 0.03393
11.94 -0.3670558886 -0.5013520381 0.1446273 0.03393
11.98 -0.3674994038 -0.5018512841 0.1446849 0.03393
12.02 -0.3679399719 -0.5023472102 0.1447473 0.03393
12.06 -0.3683776210 -0.5028398476 0.1448039 0.03393
12.10 -0.3688123733 -0.5033292301 0.1448645 0.03393
12.14 -0.3692442717 -0.5038153891 0.1449236 0.03393
12.18 -0.3696733378 -0.5042983572 0.1449859 0.03393
12.22 -0.3700995987 -0.5047781651 0.1450408 0.03393
12.26 -0.3705230812 -0.5052548434 0.1450982 0.03393
12.30 -0.3709438137 -0.5057284235 0.1451525 0.03393
12.34 -0.3713618215 -0.5061989344 0.1452135 0.03393
12.38 -0.3717771322 -0.5066664069 0.1452708 0.03393
12.42 -0.3721897707 -0.5071308694 0.1453239 0.03393
12.46 -0.3725997637 -0.5075923517 0.1453826 0.03393
12.50 -0.3730071366 -0.5080508824 0.1454365 0.03393

