Distance HF_Energy DFA_Energy Coefficient Exponent
0.001 7454.8269585040 7454.8435897436 -0.0316094 129.3574883
0.002 3718.4541563040 3718.4708124935 -0.0316780 129.3578852
0.003 2473.0011901564 2473.0178733601 -0.0317696 129.3590899
0.004 1850.2798961876 1850.2966448259 -0.0319554 129.3611679
0.005 1476.6506177063 1476.6675583290 -0.0324100 129.3597321
0.006 1227.5714456374 1227.5884718203 -0.0326647 129.3600834
0.007 1049.6635331587 1049.6806613900 -0.0329678 129.3599492
0.008 916.2384303454 916.2556395211 -0.0332562 129.3606120
0.009 812.4691934726 812.4865241728 -0.0336412 129.3608878
0.010 729.4596295910 729.4771051351 -0.0340866 129.3607716
0.011 661.5484989641 661.5660996100 -0.0345136 129.3608997
0.012 604.9616166237 604.9793492262 -0.0349721 129.3612762
0.013 557.0860612091 557.1039600972 -0.0355168 129.3614523
0.014 516.0554374444 516.0735149185 -0.0361183 129.3618962
0.015 480.4952579464 480.5135751779 -0.0368618 129.3613143
0.016 449.3910912693 449.4095724562 -0.0374671 129.3615348
0.017 421.9514645006 421.9701273426 -0.0381419 129.3616368
0.018 397.5657936134 397.5846562417 -0.0388589 129.3616920
0.019 375.7520390001 375.7711032981 -0.0396200 129.3616302
0.020 356.1245406575 356.1437989869 -0.0403814 129.3616017
0.021 338.3710870941 338.3905365170 -0.0411578 129.3616751
0.022 322.2362200136 322.2558673958 -0.0419814 129.3617034
0.023 307.5088973992 307.5287527328 -0.0428377 129.3617659
0.024 294.0132408361 294.0333086128 -0.0437456 129.3617427
0.025 281.6015034797 281.6217806755 -0.0446659 129.3616892
0.026 270.1486607949 270.1691414384 -0.0456005 129.3616804
0.027 259.5482033418 259.5688840418 -0.0465603 129.3616827
0.028 249.7088310905 249.7297128192 -0.0475350 129.3616880
0.029 240.5518310111 240.5729167833 -0.0485578 129.3617023
0.030 232.0078142661 232.0291054892 -0.0496063 129.3616850
0.031 224.0197667554 224.0412613037 -0.0506770 129.3616301
0.032 216.5344401341 216.5561331649 -0.0517712 129.3615986
0.033 209.5061357649 209.5280219320 -0.0528683 129.3615613
0.034 202.8945285612 202.9166039385 -0.0539975 129.3615425
0.035 196.6638996348 196.6861621980 -0.0551517 129.3615411
0.036 190.7824968102 190.8049455421 -0.0563191 129.3615108
0.037 185.2219988137 185.2446323168 -0.0575276 129.3615281
0.038 179.9570640414 179.9798795964 -0.0587563 129.3615020
0.039 174.9649487259 174.9879422366 -0.0600023 129.3614531
0.040 170.2251823581 170.2483490185 -0.0612655 129.3614368
0.041 165.7192905905 165.7426257620 -0.0625493 129.3613882
0.042 161.4305577082 161.4540575137 -0.0638463 129.3613259
0.043 157.3438222295 157.3674836368 -0.0651769 129.3613167
0.044 153.4453003643 153.4691208425 -0.0665350 129.3613515
0.045 149.7219183700 149.7458954108 -0.0679142 129.3612984
0.046 146.1632604513 146.1873911182 -0.0693083 129.3612350
0.047 142.7582961095 142.7825769923 -0.0707350 129.3612579
0.048 139.4974073876 139.5218347311 -0.0721765 129.3611684
0.049 136.3717610732 136.3963310704 -0.0736468 129.3611382
0.050 133.3732302261 133.3979392972 -0.0751382 129.3611194
0.051 130.4943249264 130.5191698745 -0.0766578 129.3610937
0.052 127.7281310052 127.7531090108 -0.0782014 129.3610748
0.053 125.0682557010 125.0933641933 -0.0797735 129.3611106
0.054 122.5087793473 122.5340158271 -0.0813590 129.3610360
0.055 120.0442123242 120.0695742133 -0.0829882 129.3610797
0.056 117.6694566185 117.6949411816 -0.0846304 129.3609862
0.057 115.3797714289 115.4053757744 -0.0863098 129.3610375
0.058 113.1707423321 113.1964634708 -0.0880074 129.3610083
0.059 111.0379572380 111.0637921747 -0.0897255 129.3609186
0.060 108.9781769159 109.0041226598 -0.0914856 129.3609773
0.061 106.9875038738 107.0135575071 -0.0932615 129.3608596
0.062 105.0625786016 105.0887372398 -0.0950649 129.3609156
0.063 103.2002543745 103.2265151148 -0.0968865 129.3609012
0.064 101.3975806995 101.4239405583 -0.0987361 129.3607824
0.065 99.6517883161 99.6782441740 -0.1006124 129.3608446
0.066 97.9602755844 97.9868241511 -0.1025062 129.3608231
0.067 96.3205961104 96.3472339146 -0.1044209 129.3607779
0.068 94.7304474744 94.7571708717 -0.1063461 129.3606671
0.069 93.1876609398 93.2144661463 -0.1083066 129.3607302
0.070 91.6901920367 91.7170751946 -0.1102730 129.3606796
0.071 90.2361119238 90.2630691394 -0.1122455 129.3605581
0.072 88.8235994452 88.8506268222 -0.1142461 129.3605234
0.073 87.4509338115 87.4780274781 -0.1162603 129.3605847
0.074 86.1163017517 86.1434578874 -0.1182759 129.3604555
0.075 84.8185407167 84.8457555387 -0.1203170 129.3605288
0.076 83.5560011036 83.5832709056 -0.1223652 129.3604903
0.077 82.3273009336 82.3546220884 -0.1244179 129.3603549
0.078 81.1311295156 81.1584984862 -0.1264960 129.3604292
0.079 79.9662428647 79.9936562164 -0.1285758 129.3602909
0.080 78.8314594618 78.8589138738 -0.1306784 129.3603654
0.081 77.7256563306 77.7531486066 -0.1327790 129.3602305
0.082 76.6477654082 76.6752924839 -0.1349074 129.3601970
0.083 75.5967701852 75.6243291339 -0.1370447 129.3602825
0.084 74.5717025966 74.5992906306 -0.1391879 129.3602584
0.085 73.5716401403 73.5992546088 -0.1413453 129.3601194
0.086 72.5957032064 72.6233415909 -0.1435284 129.3602135
0.087 71.6430525977 71.6707125049 -0.1457184 129.3601902
0.088 70.7128872268 70.7405663796 -0.1479251 129.3600444
0.089 69.8043149995 69.8320112302 -0.1501527 129.3601426
0.090 68.9168616320 68.9445728649 -0.1523886 129.3601172
0.091 68.0496980970 68.0774223467 -0.1546362 129.3599798
0.092 67.2021557328 67.2298910925 -0.1569157 129.3600781
0.093 66.3735946267 66.4013392606 -0.1591974 129.3599324
0.094 65.5634020950 65.5911542313 -0.1615054 129.3599087
0.095 64.7709912602 64.7987491856 -0.1638271 129.3598974
0.096 63.9957997164 64.0235617710 -0.1661754 129.3600033
0.097 63.2372882771 63.2650528512 -0.1685283 129.3598551
0.098 62.4949397992 62.5227053298 -0.1709082 129.3599637
0.099 61.7682580775 61.7960230462 -0.1732951 129.3598147
0.100 61.0567668050 61.0845297356 -0.1757073 129.3565233
0.10 61.0567668050 61.0845297356 -0.1757636 129.35618
0.15 38.0562520228 38.0825411116 -0.3156652 129.35618
0.20 27.0606857872 27.0845459257 -0.4876379 129.35618
0.25 20.7266454723 20.7478667071 -0.6759470 129.35618
0.30 16.6386285638 16.6581230129 -0.8998048 129.35618
0.35 13.8147085401 13.8324246604 -1.1315322 129.35618
0.40 11.7607156267 11.7767109880 -1.3612039 129.35618
0.45 10.2051507814 10.2195788897 -1.5841349 129.35618
0.50 8.9900200366 9.0030264114 -1.7932784 129.35618
0.55 8.0171364961 8.0288464049 -1.9813859 129.35618
0.60 7.2223308335 7.2328489698 -2.1417683 129.35618
0.65 6.5619753127 6.5713890335 -2.2683546 129.35618
0.70 6.0054316643 6.0138154099 -2.3556345 129.35618
0.75 5.5305795296 5.5379974980 -2.3993078 129.35618
0.80 5.1210856309 5.1275928565 -2.3953788 129.35618
0.85 4.7646388294 4.7702819256 -2.3401471 129.35618
0.90 4.4517959150 4.4566137167 -2.2301151 129.35618
0.95 4.1752004142 4.1792244535 -2.0621159 129.35618
1.00 3.9290367438 3.9322914924 -1.8327437 129.35618
1.05 3.7086565214 3.7111595232 -1.5381996 129.35618
1.10 3.5102999808 3.5120621270 -1.1743472 129.35618
1.15 3.3308968317 3.3319231840 -0.7373735 129.35618
1.20 3.1679161494 3.1682073812 -0.2244418 129.35618
1.25 3.0192488140 3.0188027476 0.3669473 129.35618
1.30 2.8831258268 2.8819384235 1.0376875 129.35618
1.35 2.7580511230 2.7561166758 1.7882584 129.35618
1.40 2.6427535444 2.6400643607 2.6195620 129.35618
1.45 2.5361484249 2.5326943516 3.5087285 128.74617
1.50 2.4373037063 2.4330716452 4.4671105 128.13616
1.55 2.3454167025 2.3403901480 5.4945641 127.52615
1.60 2.2597911811 2.2539497064 6.5921002 126.91614
1.65 2.1798210494 2.1731397763 7.7599533 126.30613
1.70 2.1049765612 2.0974256985 9.0002794 125.69612
1.75 2.0347907203 2.0263352252 10.3152865 125.08611
1.80 1.9688510222 1.9594504649 11.7067314 124.47610
1.85 1.9067898122 1.8963983609 13.1778413 123.86609
1.90 1.8482793986 1.8368458952 14.7301773 123.25608
1.95 1.7930257538 1.7804937716 16.3668895 122.64607
2.00 1.7407650346 1.7270729141 18.0900959 122.03605
2.05 1.6912606189 1.6763414630 19.9026114 121.42604
2.10 1.6442991816 1.6280808031 21.8074193 120.81603
2.15 1.5996892202 1.5820941140 23.8077914 120.20602
2.20 1.5572577533 1.5382030751 25.9071148 119.59601
2.25 1.5168486042 1.4962462455 28.1104102 118.98600
2.30 1.4783207687 1.4560775255 30.4172762 118.37599
2.35 1.4415458448 1.4175637258 32.8355423 117.76598
2.40 1.4064072451 1.3805840354 35.3668972 117.15597
2.45 1.3727978609 1.3450279705 38.0134733 116.54596
2.50 1.3406188163 1.3107945664 40.7766511 115.93595
2.55 1.3097781452 1.2777916130 43.6545778 115.32594
2.60 1.2801886192 1.2459340539 46.6430289 114.71593
2.65 1.2517670382 1.2151439101 49.7330373 114.10592
2.70 1.2244325200 1.1853489679 52.9109240 113.49591
2.75 1.1981061248 1.1564825726 56.1581595 112.88590
2.80 1.1727110384 1.1284835655 59.4513546 112.27588
2.85 1.1481726727 1.1012956066 62.7637244 111.66587
2.90 1.1244203714 1.0748678003 66.0668465 111.05586
2.95 1.1013882932 1.0491541453 69.3330925 110.44585
3.00 1.0790169118 1.0241137301 72.5373598 109.83584
3.05 1.0572540839 0.9997108293 75.6589297 109.22583
3.10 1.0360549281 0.9759141354 78.6822234 108.61582
3.15 1.0153820506 0.9526967587 81.5963285 108.00581
3.20 0.9952043850 0.9300351154 84.3952656 107.39580
3.25 0.9754963631 0.9079085500 87.0765561 106.78579
3.30 0.9562369695 0.8862990703 87.2560808 106.17578
3.35 0.9374083089 0.8651904482 85.7411449 105.56577
3.40 0.9189951465 0.8445681106 80.7161311 104.95576
3.45 0.9009837735 0.8244182063 68.4851747 104.34575
3.50 0.8833619001 0.8047278278 78.3896333 103.73574
3.55 0.8661179322 0.7854845646 100.7623613 103.12573
3.60 0.8492408926 0.7666767003 102.6645102 102.51572
3.65 0.8327204135 0.7482931293 104.4631560 101.90570
3.70 0.8165463245 0.7303227334 106.1595263 101.29569
3.75 0.8007089849 0.7127547253 107.7550427 100.68568
3.80 0.7851989446 0.6955783456 109.2510694 100.07567
3.85 0.7700070800 0.6787831847 110.6486316 99.46566
3.90 0.7551247187 0.6623594327 111.9486163 98.85565
3.95 0.7405433408 0.6462973444 113.1516245 98.24564
4.00 0.7262549134 0.6305874309 114.2590240 97.63563
4.05 0.7122515955 0.6152201463 115.2723244 97.02562
4.10 0.6985258560 0.6001860985 116.1938706 96.41561
4.15 0.6850705749 0.5854762846 117.0254758 95.80560
4.20 0.6718787619 0.5710819597 117.7691626 95.19559
4.25 0.6589438443 0.5569948628 118.4265899 94.58558
4.30 0.6462593882 0.5432067155 118.9997030 93.97557
4.35 0.6338191976 0.5297093346 119.4908702 93.36556
4.40 0.6216174005 0.5164948012 119.9032588 92.75555
4.45 0.6096481888 0.5035552360 120.2395190 92.14553
4.50 0.5979060793 0.4908831616 119.7668483 91.53552
4.55 0.5863856622 0.4784713574 119.4656755 90.92551
4.60 0.5750816915 0.4663128528 119.6753654 90.31550
4.65 0.5639891683 0.4544008823 119.3914077 89.70549
4.70 0.5531031079 0.4427286685 118.5519472 89.09548
4.75 0.5424187811 0.4312897326 120.8029109 88.48547
4.80 0.5319314904 0.4200776781 120.6778996 87.87546
4.85 0.5216366580 0.4090862964 120.4976163 87.26545
4.90 0.5115299047 0.3983097150 120.2642493 86.65544
4.95 0.5016068423 0.3877421952 119.9798075 86.04543
5.00 0.4918632981 0.3773782523 119.6462713 85.43542
5.05 0.4822950874 0.3672123993 119.2657250 84.82541
5.10 0.4728982301 0.3572394095 118.8402084 84.21540
5.15 0.4636687573 0.3474541240 118.3720979 83.60539
5.20 0.4546027939 0.3378515433 117.8631090 82.99538
5.25 0.4456966296 0.3284268971 117.3154035 82.38537
5.30 0.4369465397 0.3191754756 116.7305940 81.77535
5.35 0.4283489850 0.3100928614 116.1102126 81.16534
5.40 0.4199004359 0.3011746842 115.4558760 80.55533
5.45 0.4115974474 0.2924166848 114.7687673 79.94532
5.50 0.4034367253 0.2838147997 114.0505992 79.33531
5.55 0.3954149631 0.2753649921 113.3028322 78.72530
5.60 0.3875290244 0.2670634451 112.5268470 78.11529
5.65 0.3797757819 0.2589063893 111.7239551 77.50528
5.70 0.3721521858 0.2508901704 110.8954588 76.89527
5.75 0.3646553260 0.2430113237 110.0426700 76.28526
5.80 0.3572822800 0.2352664186 109.1666567 75.67525
5.85 0.3500302809 0.2276522100 108.2683153 75.06524
5.90 0.3428965707 0.2201654795 107.3487306 74.45523
5.95 0.3358784614 0.2128031056 106.4091424 73.84522
6.00 0.3289733922 0.2055621225 105.4504062 73.23521
6.05 0.3221787900 0.1984395729 104.4735889 72.62520
6.10 0.3154922240 0.1914326692 103.4795914 72.01518
6.15 0.3089112688 0.1845386478 102.4694403 71.40517
6.20 0.3024335624 0.1777548285 101.4439249 70.79516
6.25 0.2960568580 0.1710786730 100.4038960 70.18515
6.30 0.2897788951 0.1645076478 99.3502208 69.57514
6.35 0.2835975424 0.1580393651 98.2836989 68.96513
6.40 0.2775106714 0.1516714505 97.2049873 68.35512
6.45 0.2715162097 0.1454016003 96.1149267 67.74511
6.50 0.2656121878 0.1392276282 95.0143881 67.13510
6.55 0.2597966224 0.1331473440 93.9037350 66.52509
6.60 0.2540676465 0.1271586879 92.7840582 65.91508
6.65 0.2484233772 0.1212595921 91.6558331 65.30507
6.70 0.2428620438 0.1154481136 90.5197733 64.69506
6.75 0.2373818745 0.1097223159 89.3766376 64.08505
6.80 0.2319811437 0.1040803203 88.2268299 63.47504
6.85 0.2266582161 0.0985203491 87.0712286 62.86503
6.90 0.2214114384 0.0930406106 85.9101768 62.25502
6.95 0.2162392592 0.0876394244 84.7443250 61.64500
7.00 0.2111401233 0.0823151109 83.5743492 61.03499
7.05 0.2061125156 0.0770660368 82.4007369 60.42498
7.10 0.2011550023 0.0718906576 81.2239800 59.81497
7.15 0.1962661304 0.0667874120 80.0445760 59.20496
7.20 0.1914445396 0.0617548388 78.8632201 58.59495
7.25 0.1866888616 0.0567914721 77.6802631 57.98494
7.30 0.1819977652 0.0518958867 76.4962334 57.37493
7.35 0.1773699914 0.0470667367 75.3116061 56.76492
7.40 0.1728042613 0.0423026584 74.1268323 56.15491
7.45 0.1682993791 0.0376023778 72.9422719 55.54490
7.50 0.1638541411 0.0329646145 71.7586955 54.93489
7.55 0.1594673739 0.0283881213 70.5761778 54.32488
7.60 0.1551379703 0.0238717223 69.3952146 53.71487
7.65 0.1508648026 0.0194142212 68.2162806 53.10486
7.70 0.1466468164 0.0150145000 67.0397981 52.49485
7.75 0.1424829503 0.0106714343 65.8660603 51.88483
7.80 0.1383721685 0.0063839272 64.6954193 51.27482
7.85 0.1343134946 0.0021509452 63.5283027 50.66481
7.90 0.1303059307 -0.0020285668 62.3651691 50.05480
7.95 0.1263485480 -0.0061555906 61.2062531 49.44479
8.00 0.1224404064 -0.0102311184 60.0518462 48.83478
8.05 0.1185805889 -0.0142561171 58.9023452 48.22477
8.10 0.1147682328 -0.0182314962 57.7580337 47.61476
8.15 0.1110024529 -0.0221581875 56.6193569 47.00475
8.20 0.1072824274 -0.0260370563 55.4862616 46.39474
8.25 0.1036073122 -0.0298689904 54.3594752 45.78473
8.30 0.0999763241 -0.0336548138 53.2389912 45.17472
8.35 0.0963886676 -0.0373953628 52.1251746 44.56471
8.40 0.0928435658 -0.0410914539 51.0183059 43.95470
8.45 0.0893402897 -0.0447438538 49.9187227 43.34469
8.50 0.0858780875 -0.0483533522 48.8263640 42.73468
8.55 0.0824562640 -0.0519206798 47.7417916 42.12466
8.60 0.0790741101 -0.0554465810 46.6651208 41.51465
8.65 0.0757309338 -0.0589317824 45.5967549 40.90464
8.70 0.0724260864 -0.0623769645 44.5365818 40.29463
8.75 0.0691588966 -0.0657828312 43.4851156 39.68462
8.80 0.0659287450 -0.0691500316 42.4422393 39.07461
8.85 0.0627349986 -0.0724792290 41.4085044 38.46460
8.90 0.0595770386 -0.0757710715 40.3839891 37.85459
8.95 0.0564542862 -0.0790261650 39.3688081 37.24458
9.00 0.0533661405 -0.0822451388 38.3630975 36.63457
9.05 0.0503120482 -0.0854285721 37.3671361 36.02456
9.10 0.0472914421 -0.0885770586 36.3812024 35.41455
9.15 0.0443037677 -0.0916911789 35.4051430 34.80454
9.20 0.0413485073 -0.0947714750 34.4394384 34.19453
9.25 0.0384251210 -0.0978185118 33.4840071 33.58452
9.30 0.0355331135 -0.1008328080 32.5391800 32.97451
9.35 0.0326719754 -0.1038148967 31.6049722 32.36450
9.40 0.0298412080 -0.1067652993 30.6815646 31.75448
9.45 0.0270403474 -0.1096845016 29.7690351 31.14447
9.50 0.0242689069 -0.1125730118 28.8676681 30.53446
9.55 0.0215264422 -0.1154318664 27.9773379 29.92445
9.60 0.0188124941 -0.1182603827 27.0983863 29.31444
9.65 0.0161266136 -0.1210596214 26.2307608 28.70443
9.70 0.0134683831 -0.1238300187 25.3746766 28.09442
9.75 0.0108373637 -0.1265720327 24.5302094 27.48441
9.80 0.0082331551 -0.1292860814 23.6975140 26.87440
9.85 0.0056553356 -0.1319726051 22.8766731 26.26439
9.90 0.0031035211 -0.1346320047 22.0677077 25.65438
9.95 0.0005773134 -0.1372646961 21.2707551 25.04437
10.00 -0.0019236774 -0.1398710864 20.4858523 24.43436
10.05 -0.0043998127 -0.1424515529 19.7132944 23.82435
10.10 -0.0068514744 -0.1450064945 18.9529198 23.21434
10.15 -0.0092790095 -0.1475362735 18.2050088 22.60433
10.20 -0.0116827780 -0.1500412665 17.4694990 21.99431
10.25 -0.0140631351 -0.1525218434 16.7466041 21.38430
10.30 -0.0164204067 -0.1549783452 16.0362738 20.77429
10.35 -0.0187549398 -0.1574111345 15.3386366 20.16428
10.40 -0.0210670484 -0.1598205394 14.6538250 19.55427
10.45 -0.0233570602 -0.1622069024 13.9819853 18.94426
10.50 -0.0256252966 -0.1645705591 13.3230781 18.33425
10.55 -0.0278720537 -0.1669118193 12.6771316 17.72424
10.60 -0.0300976474 -0.1692310130 12.0445726 17.11423
10.65 -0.0323023626 -0.1715284381 11.4250753 16.50422
10.70 -0.0344864977 -0.1738044063 10.8188790 15.89421
10.75 -0.0366503454 -0.1760592233 10.2261076 15.28420
10.80 -0.0387941746 -0.1782931701 9.6468100 14.67419
10.85 -0.0409182737 -0.1805065480 9.0811724 14.06418
10.90 -0.0430229016 -0.1826996272 8.5290081 13.45417
10.95 -0.0451083305 -0.1848726920 7.9905784 12.84416
11.00 -0.0471748277 -0.1870260211 7.4659216 12.23415
11.05 -0.0492226379 -0.1891598702 6.9550138 11.62413
11.10 -0.0512520247 -0.1912745141 6.4583146 11.01412
11.15 -0.0532632242 -0.1933701991 5.9754696 10.40411
11.20 -0.0552564851 -0.1954471846 5.5069847 9.79410
11.25 -0.0572320518 -0.1975057255 5.0529864 9.18409
11.30 -0.0591901478 -0.1995460547 4.6135796 8.57408
11.35 -0.0611310144 -0.2015684239 4.1889589 7.96407
11.40 -0.0630548671 -0.2035730579 3.7794159 7.35406
11.45 -0.0649619392 -0.2055601999 3.3850679 6.74405
11.50 -0.0668524386 -0.2075300666 3.0061805 6.13404
11.55 -0.0687265854 -0.2094828875 2.6431815 5.52403
11.60 -0.0705845961 -0.2114188883 2.2961434 4.91402
11.65 -0.0724266675 -0.2133382743 1.9655405 4.30401
11.70 -0.0742530142 -0.2152412691 1.6517141 3.69400
11.75 -0.0760638263 -0.2171280711 1.3551113 3.08399
11.80 -0.0778593061 -0.2189988910 1.0763132 2.47398
11.85 -0.0796396524 -0.2208539363 0.8161817 1.86396
11.90 -0.0814050456 -0.2226933951 0.5753903 1.25395
11.95 -0.0831556832 -0.2245174733 0.3546087 0.64394
12.00 -0.0848917394 -0.2263263526 0.1521340 0.03393
12.05 -0.0866134005 -0.2281202271 0.1522296 0.03393
12.10 -0.0883208492 -0.2298992877 0.1523121 0.03393
12.15 -0.0900142516 -0.2316637072 0.1523910 0.03393
12.20 -0.0916937895 -0.2334136754 0.1524658 0.03393
12.25 -0.0933596230 -0.2351493591 0.1525408 0.03393
12.30 -0.0950119237 -0.2368709373 0.1526155 0.03393
12.35 -0.0966508603 -0.2385785861 0.1526892 0.03393
12.40 -0.0982765851 -0.2402724642 0.1527613 0.03393
12.45 -0.0998892662 -0.2419527470 0.1528612 0.03393
12.50 -0.1014890509 -0.2436195879 0.1529102 0.03393
