Functional Exponent Coefficient Energy
BLYP 1 -100 -83.9266919832
BLYP 1 -99.85 -83.7912605887
BLYP 1 -99.7 -83.6558369776
BLYP 1 -99.55 -83.5204211695
BLYP 1 -99.4 -83.3850131919
BLYP 1 -99.25 -83.2496130609
BLYP 1 -99.1 -83.11422079
BLYP 1 -98.95 -82.9788363983
BLYP 1 -98.8 -82.8434599183
BLYP 1 -98.65 -82.7080913677
BLYP 1 -98.5 -82.5727307562
BLYP 1 -98.35 -82.4373781044
BLYP 1 -98.2 -82.3020334328
BLYP 1 -98.05 -82.1666967616
BLYP 1 -97.9 -82.0313681113
BLYP 1 -97.75 -81.8960475023
BLYP 1 -97.6 -81.7607349553
BLYP 1 -97.45 -81.625430491
BLYP 1 -97.3 -81.4901341301
BLYP 1 -97.15 -81.3548458935
BLYP 1 -97 -81.2195658023
BLYP 1 -96.85 -81.0842938775
BLYP 1 -96.7 -80.9490301404
BLYP 1 -96.55 -80.8137746123
BLYP 1 -96.4 -80.6785273148
BLYP 1 -96.25 -80.5432882695
BLYP 1 -96.1 -80.4080574979
BLYP 1 -95.95 -80.2728350219
BLYP 1 -95.8 -80.1376208634
BLYP 1 -95.65 -80.0024150444
BLYP 1 -95.5 -79.8672175871
BLYP 1 -95.35 -79.7320285137
BLYP 1 -95.2 -79.5968478467
BLYP 1 -95.05 -79.4616756086
BLYP 1 -94.9 -79.3265118221
BLYP 1 -94.75 -79.1913565099
BLYP 1 -94.6 -79.0562096949
BLYP 1 -94.45 -78.9210714001
BLYP 1 -94.3 -78.7859416487
BLYP 1 -94.15 -78.650820464
BLYP 1 -94 -78.5157078694
BLYP 1 -93.85 -78.3806038884
BLYP 1 -93.7 -78.2455085447
BLYP 1 -93.55 -78.1104218621
BLYP 1 -93.4 -77.9753438644
BLYP 1 -93.25 -77.8402745758
BLYP 1 -93.1 -77.7052140205
BLYP 1 -92.95 -77.5701622227
BLYP 1 -92.8 -77.435119207
BLYP 1 -92.65 -77.3000849982
BLYP 1 -92.5 -77.1650596208
BLYP 1 -92.35 -77.0300430997
BLYP 1 -92.2 -76.89503546
BLYP 1 -92.05 -76.7600367267
BLYP 1 -91.9 -76.6250469249
BLYP 1 -91.75 -76.4900660803
BLYP 1 -91.6 -76.3550942185
BLYP 1 -91.45 -76.220131365
BLYP 1 -91.3 -76.0851775459
BLYP 1 -91.15 -75.9502327878
BLYP 1 -91 -75.8152971161
BLYP 1 -90.85 -75.6803705569
BLYP 1 -90.7 -75.5454531367
BLYP 1 -90.55 -75.4105448822
BLYP 1 -90.4 -75.2756458208
BLYP 1 -90.25 -75.1407559788
BLYP 1 -90.1 -75.0058753842
BLYP 1 -89.95 -74.8710040638
BLYP 1 -89.8 -74.7361420443
BLYP 1 -89.65 -74.6012893533
BLYP 1 -89.5 -74.4664460184
BLYP 1 -89.35 -74.3316120675
BLYP 1 -89.2 -74.1967875287
BLYP 1 -89.05 -74.06197243
BLYP 1 -88.9 -73.9271667999
BLYP 1 -88.75 -73.7923706681
BLYP 1 -88.6 -73.6575840618
BLYP 1 -88.45 -73.5228070101
BLYP 1 -88.3 -73.3880395419
BLYP 1 -88.15 -73.2532816864
BLYP 1 -88 -73.1185334735
BLYP 1 -87.85 -72.9837949345
BLYP 1 -87.7 -72.8490660969
BLYP 1 -87.55 -72.7143469902
BLYP 1 -87.4 -72.5796376444
BLYP 1 -87.25 -72.4449380898
BLYP 1 -87.1 -72.3102483565
BLYP 1 -86.95 -72.1755684752
BLYP 1 -86.8 -72.0408984765
BLYP 1 -86.65 -71.9062383913
BLYP 1 -86.5 -71.7715882505
BLYP 1 -86.35 -71.6369480856
BLYP 1 -86.2 -71.5023179279
BLYP 1 -86.05 -71.367697809
BLYP 1 -85.9 -71.2330877606
BLYP 1 -85.75 -71.0984878147
BLYP 1 -85.6 -70.9638980034
BLYP 1 -85.45 -70.8293183591
BLYP 1 -85.3 -70.6947489143
BLYP 1 -85.15 -70.5601897017
BLYP 1 -85 -70.4256407543
BLYP 1 -84.85 -70.2911021051
BLYP 1 -84.7 -70.1565737874
BLYP 1 -84.55 -70.0220558347
BLYP 1 -84.4 -69.8875482807
BLYP 1 -84.25 -69.7530511594
BLYP 1 -84.1 -69.6185645047
BLYP 1 -83.95 -69.4840883511
BLYP 1 -83.8 -69.349622733
BLYP 1 -83.65 -69.2151676851
BLYP 1 -83.5 -69.0807232423
BLYP 1 -83.35 -68.9462894397
BLYP 1 -83.2 -68.8118663127
BLYP 1 -83.05 -68.6774538969
BLYP 1 -82.9 -68.5430522278
BLYP 1 -82.75 -68.4086613416
BLYP 1 -82.6 -68.2742812744
BLYP 1 -82.45 -68.1399120626
BLYP 1 -82.3 -68.0055537428
BLYP 1 -82.15 -67.8712063518
BLYP 1 -82 -67.7368699267
BLYP 1 -81.85 -67.6025445048
BLYP 1 -81.7 -67.4682301235
BLYP 1 -81.55 -67.3339268206
BLYP 1 -81.4 -67.1996346341
BLYP 1 -81.25 -67.0653536021
BLYP 1 -81.1 -66.931083763
BLYP 1 -80.95 -66.7968251556
BLYP 1 -80.8 -66.662577819
BLYP 1 -80.65 -66.5283417929
BLYP 1 -80.5 -66.3941171179
BLYP 1 -80.35 -66.2599038328
BLYP 1 -80.2 -66.1257019768
BLYP 1 -80.05 -65.9915115896
BLYP 1 -79.9 -65.8573327114
BLYP 1 -79.75 -65.7231653829
BLYP 1 -79.6 -65.5890096448
BLYP 1 -79.45 -65.4548655383
BLYP 1 -79.3 -65.3207331047
BLYP 1 -79.15 -65.1866123856
BLYP 1 -79 -65.0525034228
BLYP 1 -78.85 -64.9184062595
BLYP 1 -78.7 -64.7843209414
BLYP 1 -78.55 -64.650247507
BLYP 1 -78.4 -64.516185999
BLYP 1 -78.25 -64.3821364604
BLYP 1 -78.1 -64.2480989348
BLYP 1 -77.95 -64.1140734657
BLYP 1 -77.8 -63.9800600971
BLYP 1 -77.65 -63.8460588731
BLYP 1 -77.5 -63.7120698384
BLYP 1 -77.35 -63.5780930375
BLYP 1 -77.2 -63.4441285156
BLYP 1 -77.05 -63.310176318
BLYP 1 -76.9 -63.1762364903
BLYP 1 -76.75 -63.0423090784
BLYP 1 -76.6 -62.9083941284
BLYP 1 -76.45 -62.7744916868
BLYP 1 -76.3 -62.6406018004
BLYP 1 -76.15 -62.5067245162
BLYP 1 -76 -62.3728598816
BLYP 1 -75.85 -62.2390079441
BLYP 1 -75.7 -62.1051687518
BLYP 1 -75.55 -61.9713423529
BLYP 1 -75.4 -61.8375287959
BLYP 1 -75.25 -61.7037281296
BLYP 1 -75.1 -61.5699404033
BLYP 1 -74.95 -61.4361656663
BLYP 1 -74.8 -61.3024039685
BLYP 1 -74.65 -61.16865536
BLYP 1 -74.5 -61.0349198911
BLYP 1 -74.35 -60.9011976127
BLYP 1 -74.2 -60.7674885756
BLYP 1 -74.05 -60.6337928315
BLYP 1 -73.9 -60.5001104318
BLYP 1 -73.75 -60.3664414287
BLYP 1 -73.6 -60.2327858745
BLYP 1 -73.45 -60.0991438219
BLYP 1 -73.3 -59.965515324
BLYP 1 -73.15 -59.8319004342
BLYP 1 -73 -59.698299206
BLYP 1 -72.85 -59.5647116937
BLYP 1 -72.7 -59.4311379515
BLYP 1 -72.55 -59.2975780343
BLYP 1 -72.4 -59.1640319972
BLYP 1 -72.25 -59.0304998955
BLYP 1 -72.1 -58.8969817852
BLYP 1 -71.95 -58.7634777224
BLYP 1 -71.8 -58.6299877636
BLYP 1 -71.65 -58.4965119657
BLYP 1 -71.5 -58.363050386
BLYP 1 -71.35 -58.2296030822
BLYP 1 -71.2 -58.0961701122
BLYP 1 -71.05 -57.9627515345
BLYP 1 -70.9 -57.8293474077
BLYP 1 -70.75 -57.6959577911
BLYP 1 -70.6 -57.5625827441
BLYP 1 -70.45 -57.4292223267
BLYP 1 -70.3 -57.2958765992
BLYP 1 -70.15 -57.1625456223
BLYP 1 -70 -57.0292294571
BLYP 1 -69.85 -56.8959281651
BLYP 1 -69.7 -56.7626418081
BLYP 1 -69.55 -56.6293704485
BLYP 1 -69.4 -56.4961141489
BLYP 1 -69.25 -56.3628729726
BLYP 1 -69.1 -56.229646983
BLYP 1 -68.95 -56.096436244
BLYP 1 -68.8 -55.9632408201
BLYP 1 -68.65 -55.830060776
BLYP 1 -68.5 -55.696896177
BLYP 1 -68.35 -55.5637470886
BLYP 1 -68.2 -55.430613577
BLYP 1 -68.05 -55.2974957087
BLYP 1 -67.9 -55.1643935507
BLYP 1 -67.75 -55.0313071703
BLYP 1 -67.6 -54.8982366353
BLYP 1 -67.45 -54.7651820142
BLYP 1 -67.3 -54.6321433755
BLYP 1 -67.15 -54.4991207886
BLYP 1 -67 -54.3661143231
BLYP 1 -66.85 -54.233124049
BLYP 1 -66.7 -54.1001500371
BLYP 1 -66.55 -53.9671923583
BLYP 1 -66.4 -53.8342510842
BLYP 1 -66.25 -53.7013262868
BLYP 1 -66.1 -53.5684180386
BLYP 1 -65.95 -53.4355264125
BLYP 1 -65.8 -53.3026514821
BLYP 1 -65.65 -53.1697933213
BLYP 1 -65.5 -53.0369520045
BLYP 1 -65.35 -52.9041276066
BLYP 1 -65.2 -52.7713202033
BLYP 1 -65.05 -52.6385298703
BLYP 1 -64.9 -52.5057566842
BLYP 1 -64.75 -52.3730007219
BLYP 1 -64.6 -52.240262061
BLYP 1 -64.45 -52.1075407795
BLYP 1 -64.3 -51.9748369559
BLYP 1 -64.15 -51.8421506694
BLYP 1 -64 -51.7094819994
BLYP 1 -63.85 -51.5768310263
BLYP 1 -63.7 -51.4441978307
BLYP 1 -63.55 -51.3115824938
BLYP 1 -63.4 -51.1789850974
BLYP 1 -63.25 -51.0464057239
BLYP 1 -63.1 -50.9138444563
BLYP 1 -62.95 -50.7813013778
BLYP 1 -62.8 -50.6487765727
BLYP 1 -62.65 -50.5162701255
BLYP 1 -62.5 -50.3837821215
BLYP 1 -62.35 -50.2513126463
BLYP 1 -62.2 -50.1188617863
BLYP 1 -62.05 -49.9864296285
BLYP 1 -61.9 -49.8540162605
BLYP 1 -61.75 -49.7216217703
BLYP 1 -61.6 -49.5892462468
BLYP 1 -61.45 -49.4568897792
BLYP 1 -61.3 -49.3245524575
BLYP 1 -61.15 -49.1922343723
BLYP 1 -61 -49.0599356149
BLYP 1 -60.85 -48.927656277
BLYP 1 -60.7 -48.7953964511
BLYP 1 -60.55 -48.6631562303
BLYP 1 -60.4 -48.5309357083
BLYP 1 -60.25 -48.3987349796
BLYP 1 -60.1 -48.2665541391
BLYP 1 -59.95 -48.1343932826
BLYP 1 -59.8 -48.0022525064
BLYP 1 -59.65 -47.8701319076
BLYP 1 -59.5 -47.7380315838
BLYP 1 -59.35 -47.6059516334
BLYP 1 -59.2 -47.4738921554
BLYP 1 -59.05 -47.3418532497
BLYP 1 -58.9 -47.2098350165
BLYP 1 -58.75 -47.0778375571
BLYP 1 -58.6 -46.9458609733
BLYP 1 -58.45 -46.8139053677
BLYP 1 -58.3 -46.6819708434
BLYP 1 -58.15 -46.5500575044
BLYP 1 -58 -46.4181654555
BLYP 1 -57.85 -46.2862948021
BLYP 1 -57.7 -46.1544456503
BLYP 1 -57.55 -46.0226181071
BLYP 1 -57.4 -45.89081228
BLYP 1 -57.25 -45.7590282776
BLYP 1 -57.1 -45.6272662089
BLYP 1 -56.95 -45.495526184
BLYP 1 -56.8 -45.3638083134
BLYP 1 -56.65 -45.2321127088
BLYP 1 -56.5 -45.1004394822
BLYP 1 -56.35 -44.9687887469
BLYP 1 -56.2 -44.8371606165
BLYP 1 -56.05 -44.7055552059
BLYP 1 -55.9 -44.5739726303
BLYP 1 -55.75 -44.4424130062
BLYP 1 -55.6 -44.3108764505
BLYP 1 -55.45 -44.1793630812
BLYP 1 -55.3 -44.0478730169
BLYP 1 -55.15 -43.9164063774
BLYP 1 -55 -43.784963283
BLYP 1 -54.85 -43.6535438549
BLYP 1 -54.7 -43.5221482154
BLYP 1 -54.55 -43.3907764874
BLYP 1 -54.4 -43.2594287947
BLYP 1 -54.25 -43.1281052621
BLYP 1 -54.1 -42.9968060153
BLYP 1 -53.95 -42.8655311808
BLYP 1 -53.8 -42.7342808859
BLYP 1 -53.65 -42.603055259
BLYP 1 -53.5 -42.4718544294
BLYP 1 -53.35 -42.3406785271
BLYP 1 -53.2 -42.2095276833
BLYP 1 -53.05 -42.0784020299
BLYP 1 -52.9 -41.9473017
BLYP 1 -52.75 -41.8162268274
BLYP 1 -52.6 -41.6851775469
BLYP 1 -52.45 -41.5541539944
BLYP 1 -52.3 -41.4231563067
BLYP 1 -52.15 -41.2921846216
BLYP 1 -52 -41.1612390777
BLYP 1 -51.85 -41.0303198148
BLYP 1 -51.7 -40.8994269736
BLYP 1 -51.55 -40.7685606959
BLYP 1 -51.4 -40.6377211245
BLYP 1 -51.25 -40.5069084031
BLYP 1 -51.1 -40.3761226766
BLYP 1 -50.95 -40.2453640907
BLYP 1 -50.8 -40.1146327924
BLYP 1 -50.65 -39.9839289296
BLYP 1 -50.5 -39.8532526513
BLYP 1 -50.35 -39.7226041077
BLYP 1 -50.2 -39.5919834499
BLYP 1 -50.05 -39.46139083
BLYP 1 -49.9 -39.3308264016
BLYP 1 -49.75 -39.2002903189
BLYP 1 -49.6 -39.0697827377
BLYP 1 -49.45 -38.9393038144
BLYP 1 -49.3 -38.8088537071
BLYP 1 -49.15 -38.6784325745
BLYP 1 -49 -38.5480405769
BLYP 1 -48.85 -38.4176778753
BLYP 1 -48.7 -38.2873446324
BLYP 1 -48.55 -38.1570410115
BLYP 1 -48.4 -38.0267671776
BLYP 1 -48.25 -37.8965232966
BLYP 1 -48.1 -37.7663095355
BLYP 1 -47.95 -37.6361260629
BLYP 1 -47.8 -37.5059730482
BLYP 1 -47.65 -37.3758506624
BLYP 1 -47.5 -37.2457590773
BLYP 1 -47.35 -37.1156984664
BLYP 1 -47.2 -36.9856690042
BLYP 1 -47.05 -36.8556708665
BLYP 1 -46.9 -36.7257042305
BLYP 1 -46.75 -36.5957692744
BLYP 1 -46.6 -36.4658661779
BLYP 1 -46.45 -36.3359951222
BLYP 1 -46.3 -36.2061562894
BLYP 1 -46.15 -36.0763498631
BLYP 1 -46 -35.9465760284
BLYP 1 -45.85 -35.8168349715
BLYP 1 -45.7 -35.6871268801
BLYP 1 -45.55 -35.5574519432
BLYP 1 -45.4 -35.4278103513
BLYP 1 -45.25 -35.2982022961
BLYP 1 -45.1 -35.1686279708
BLYP 1 -44.95 -35.03908757
BLYP 1 -44.8 -34.9095812897
BLYP 1 -44.65 -34.7801093274
BLYP 1 -44.5 -34.650671882
BLYP 1 -44.35 -34.5212691538
BLYP 1 -44.2 -34.3919013446
BLYP 1 -44.05 -34.2625686577
BLYP 1 -43.9 -34.1332712979
BLYP 1 -43.75 -34.0040094715
BLYP 1 -43.6 -33.8747833863
BLYP 1 -43.45 -33.7455932515
BLYP 1 -43.3 -33.616439278
BLYP 1 -43.15 -33.4873216782
BLYP 1 -43 -33.3582406661
BLYP 1 -42.85 -33.2291964571
BLYP 1 -42.7 -33.1001892684
BLYP 1 -42.55 -32.9712193188
BLYP 1 -42.4 -32.8422868284
BLYP 1 -42.25 -32.7133920194
BLYP 1 -42.1 -32.5845351152
BLYP 1 -41.95 -32.4557163412
BLYP 1 -41.8 -32.3269359243
BLYP 1 -41.65 -32.1981940932
BLYP 1 -41.5 -32.0694910784
BLYP 1 -41.35 -31.9408271119
BLYP 1 -41.2 -31.8122024281
BLYP 1 -41.05 -31.6836172636
BLYP 1 -40.9 -31.5550718988
BLYP 1 -40.75 -31.4265665826
BLYP 1 -40.6 -31.2981015059
BLYP 1 -40.45 -31.1696769098
BLYP 1 -40.3 -31.0412930379
BLYP 1 -40.15 -30.9129501361
BLYP 1 -40 -30.784648452
BLYP 1 -39.85 -30.656388235
BLYP 1 -39.7 -30.5281697367
BLYP 1 -39.55 -30.3999932104
BLYP 1 -39.4 -30.2718589113
BLYP 1 -39.25 -30.1437670966
BLYP 1 -39.1 -30.0157180253
BLYP 1 -38.95 -29.8877119585
BLYP 1 -38.8 -29.7597491592
BLYP 1 -38.65 -29.6318298925
BLYP 1 -38.5 -29.5039544252
BLYP 1 -38.35 -29.3761230265
BLYP 1 -38.2 -29.2483359675
BLYP 1 -38.05 -29.1205935213
BLYP 1 -37.9 -28.9928959632
BLYP 1 -37.75 -28.8652435708
BLYP 1 -37.6 -28.7376366236
BLYP 1 -37.45 -28.6100754036
BLYP 1 -37.3 -28.4825601951
BLYP 1 -37.15 -28.3550912844
BLYP 1 -37 -28.2276689607
BLYP 1 -36.85 -28.1002935151
BLYP 1 -36.7 -27.9729652411
BLYP 1 -36.55 -27.8456844338
BLYP 1 -36.4 -27.7184513891
BLYP 1 -36.25 -27.5912664047
BLYP 1 -36.1 -27.4641297803
BLYP 1 -35.95 -27.3370418178
BLYP 1 -35.8 -27.2100028217
BLYP 1 -35.65 -27.0830130989
BLYP 1 -35.5 -26.9560729586
BLYP 1 -35.35 -26.8291827124
BLYP 1 -35.2 -26.7023426747
BLYP 1 -35.05 -26.5755531621
BLYP 1 -34.9 -26.4488144938
BLYP 1 -34.75 -26.3221269914
BLYP 1 -34.6 -26.1954909792
BLYP 1 -34.45 -26.0689067839
BLYP 1 -34.3 -25.9423747347
BLYP 1 -34.15 -25.8158951636
BLYP 1 -34 -25.6894684049
BLYP 1 -33.85 -25.5630947958
BLYP 1 -33.7 -25.4367746759
BLYP 1 -33.55 -25.3105083875
BLYP 1 -33.4 -25.1842962757
BLYP 1 -33.25 -25.0581386882
BLYP 1 -33.1 -24.9320359756
BLYP 1 -32.95 -24.8059884909
BLYP 1 -32.8 -24.6799965902
BLYP 1 -32.65 -24.5540606323
BLYP 1 -32.5 -24.4281809789
BLYP 1 -32.35 -24.3023579945
BLYP 1 -32.2 -24.1765920466
BLYP 1 -32.05 -24.0508835054
BLYP 1 -31.9 -23.9252327443
BLYP 1 -31.75 -23.7996401397
BLYP 1 -31.6 -23.6741060708
BLYP 1 -31.45 -23.5486309202
BLYP 1 -31.3 -23.4232150732
BLYP 1 -31.15 -23.2978589186
BLYP 1 -31 -23.1725628482
BLYP 1 -30.85 -23.0473272569
BLYP 1 -30.7 -22.9221525431
BLYP 1 -30.55 -22.7970391083
BLYP 1 -30.4 -22.6719873574
BLYP 1 -30.25 -22.5469976986
BLYP 1 -30.1 -22.4220705436
BLYP 1 -29.95 -22.2972063076
BLYP 1 -29.8 -22.1724054091
BLYP 1 -29.65 -22.0476682702
BLYP 1 -29.5 -21.9229953168
BLYP 1 -29.35 -21.7983869783
BLYP 1 -29.2 -21.6738436876
BLYP 1 -29.05 -21.5493658816
BLYP 1 -28.9 -21.424954001
BLYP 1 -28.75 -21.3006084902
BLYP 1 -28.6 -21.1763297975
BLYP 1 -28.45 -21.0521183753
BLYP 1 -28.3 -20.9279746799
BLYP 1 -28.15 -20.8038991718
BLYP 1 -28 -20.6798923154
BLYP 1 -27.85 -20.5559545796
BLYP 1 -27.7 -20.4320864373
BLYP 1 -27.55 -20.308288366
BLYP 1 -27.4 -20.1845608475
BLYP 1 -27.25 -20.0609043679
BLYP 1 -27.1 -19.9373194182
BLYP 1 -26.95 -19.8138064937
BLYP 1 -26.8 -19.6903660947
BLYP 1 -26.65 -19.566998726
BLYP 1 -26.5 -19.4437048976
BLYP 1 -26.35 -19.3204851242
BLYP 1 -26.2 -19.1973399257
BLYP 1 -26.05 -19.074269827
BLYP 1 -25.9 -18.9512753585
BLYP 1 -25.75 -18.8283570558
BLYP 1 -25.6 -18.7055154599
BLYP 1 -25.45 -18.5827511174
BLYP 1 -25.3 -18.4600645807
BLYP 1 -25.15 -18.3374564078
BLYP 1 -25 -18.2149271626
BLYP 1 -24.85 -18.0924774154
BLYP 1 -24.7 -17.9701077422
BLYP 1 -24.55 -17.8478187257
BLYP 1 -24.4 -17.7256109549
BLYP 1 -24.25 -17.6034850253
BLYP 1 -24.1 -17.4814415396
BLYP 1 -23.95 -17.3594811073
BLYP 1 -23.8 -17.2376043451
BLYP 1 -23.65 -17.1158118777
BLYP 1 -23.5 -16.9941043377
BLYP 1 -23.35 -16.872482367
BLYP 1 -23.2 -16.7509466194
BLYP 1 -23.05 -16.6294978573
BLYP 1 -22.9 -16.5081371828
BLYP 1 -22.75 -16.3868647609
BLYP 1 -22.6 -16.265681253
BLYP 1 -22.45 -16.1445873404
BLYP 1 -22.3 -16.0235837159
BLYP 1 -22.15 -15.9026710828
BLYP 1 -22 -15.7818501541
BLYP 1 -21.85 -15.6611216531
BLYP 1 -21.7 -15.5404863126
BLYP 1 -21.55 -15.4199448761
BLYP 1 -21.4 -15.2994980974
BLYP 1 -21.25 -15.1791467411
BLYP 1 -21.1 -15.0588915828
BLYP 1 -20.95 -14.9387334092
BLYP 1 -20.8 -14.818673019
BLYP 1 -20.65 -14.6987112225
BLYP 1 -20.5 -14.5788488425
BLYP 1 -20.35 -14.4590867143
BLYP 1 -20.2 -14.3394256862
BLYP 1 -20.05 -14.2198666198
BLYP 1 -19.9 -14.1004103908
BLYP 1 -19.75 -13.9810578884
BLYP 1 -19.6 -13.8618100168
BLYP 1 -19.45 -13.7426676945
BLYP 1 -19.3 -13.6236318549
BLYP 1 -19.15 -13.5047034468
BLYP 1 -19 -13.3858835033
BLYP 1 -18.85 -13.2671732267
BLYP 1 -18.7 -13.1485733326
BLYP 1 -18.55 -13.0300848253
BLYP 1 -18.4 -12.9117087529
BLYP 1 -18.25 -12.7934461829
BLYP 1 -18.1 -12.675298208
BLYP 1 -17.95 -12.5572661605
BLYP 1 -17.8 -12.4393514186
BLYP 1 -17.65 -12.3215546966
BLYP 1 -17.5 -12.2038771462
BLYP 1 -17.35 -12.0863199542
BLYP 1 -17.2 -11.9688843347
BLYP 1 -17.05 -11.8515715287
BLYP 1 -16.9 -11.7343828045
BLYP 1 -16.75 -11.6173194584
BLYP 1 -16.6 -11.5003828157
BLYP 1 -16.45 -11.3835742319
BLYP 1 -16.3 -11.266895094
BLYP 1 -16.15 -11.150346823
BLYP 1 -16 -11.0339308856
BLYP 1 -15.85 -10.917648993
BLYP 1 -15.7 -10.8015024762
BLYP 1 -15.55 -10.6854929072
BLYP 1 -15.4 -10.569621864
BLYP 1 -15.25 -10.4538909565
BLYP 1 -15.1 -10.3383018584
BLYP 1 -14.95 -10.2228562843
BLYP 1 -14.8 -10.1075560792
BLYP 1 -14.65 -9.9924030352
BLYP 1 -14.5 -9.8773989994
BLYP 1 -14.35 -9.7625458862
BLYP 1 -14.2 -9.647845662
BLYP 1 -14.05 -9.5333003512
BLYP 1 -13.9 -9.418912099
BLYP 1 -13.75 -9.3046830979
BLYP 1 -13.6 -9.1906154269
BLYP 1 -13.45 -9.076711355
BLYP 1 -13.3 -8.9629735716
BLYP 1 -13.15 -8.8494041636
BLYP 1 -13 -8.7360059355
BLYP 1 -12.85 -8.622781155
BLYP 1 -12.7 -8.5097324492
BLYP 1 -12.55 -8.3968625489
BLYP 1 -12.4 -8.2841742691
BLYP 1 -12.25 -8.1716705145
BLYP 1 -12.1 -8.059354285
BLYP 1 -11.95 -7.9472286796
BLYP 1 -11.8 -7.8352969025
BLYP 1 -11.65 -7.7235622654
BLYP 1 -11.5 -7.6120281929
BLYP 1 -11.35 -7.5006982297
BLYP 1 -11.2 -7.3895760452
BLYP 1 -11.05 -7.2786654394
BLYP 1 -10.9 -7.1679703486
BLYP 1 -10.75 -7.0574948525
BLYP 1 -10.6 -6.9472431801
BLYP 1 -10.45 -6.8372197174
BLYP 1 -10.3 -6.7274290149
BLYP 1 -10.15 -6.6178757954
BLYP 1 -10 -6.508564962
BLYP 1 -9.85 -6.3995016075
BLYP 1 -9.7 -6.290691025
BLYP 1 -9.55 -6.1821387142
BLYP 1 -9.4 -6.0738503918
BLYP 1 -9.25 -5.9658320122
BLYP 1 -9.1 -5.8580897595
BLYP 1 -8.95 -5.7506300764
BLYP 1 -8.8 -5.643459676
BLYP 1 -8.65 -5.5365855462
BLYP 1 -8.5 -5.4300149725
BLYP 1 -8.35 -5.3237555566
BLYP 1 -8.2 -5.2178152159
BLYP 1 -8.05 -5.112202218
BLYP 1 -7.9 -5.0069251887
BLYP 1 -7.75 -4.9019931356
BLYP 1 -7.6 -4.7974154698
BLYP 1 -7.45 -4.6932020279
BLYP 1 -7.3 -4.5893630949
BLYP 1 -7.15 -4.4859094294
BLYP 1 -7 -4.382852291
BLYP 1 -6.85 -4.280203469
BLYP 1 -6.7 -4.1779753136
BLYP 1 -6.55 -4.0761807698
BLYP 1 -6.4 -3.9748334138
BLYP 1 -6.25 -3.8739475018
BLYP 1 -6.1 -3.7735379857
BLYP 1 -5.95 -3.6736205984
BLYP 1 -5.8 -3.5742118552
BLYP 1 -5.65 -3.4753291375
BLYP 1 -5.5 -3.3769907498
BLYP 1 -5.35 -3.2792159834
BLYP 1 -5.2 -3.1820251894
BLYP 1 -5.05 -3.0854398511
BLYP 1 -4.9 -2.9894826742
BLYP 1 -4.75 -2.8941776797
BLYP 1 -4.6 -2.799550354
BLYP 1 -4.45 -2.7056277906
BLYP 1 -4.3 -2.6124386943
BLYP 1 -4.15 -2.5200135442
BLYP 1 -4 -2.4283848478
BLYP 1 -3.85 -2.3375873258
BLYP 1 -3.7 -2.2476581016
BLYP 1 -3.55 -2.1586369421
BLYP 1 -3.4 -2.0705665299
BLYP 1 -3.25 -1.9834927692
BLYP 1 -3.1 -1.8974651305
BLYP 1 -2.95 -1.8125370387
BLYP 1 -2.8 -1.7287663082
BLYP 1 -2.65 -1.6462156287
BLYP 1 -2.5 -1.564953106
BLYP 1 -2.35 -1.4850528572
BLYP 1 -2.2 -1.4065956613
BLYP 1 -2.05 -1.3296696589
BLYP 1 -1.9 -1.2543710908
BLYP 1 -1.75 -1.1808050547
BLYP 1 -1.6 -1.1090862469
BLYP 1 -1.45 -1.0393396332
BLYP 1 -1.3 -0.9717009652
BLYP 1 -1.15 -0.9063170126
BLYP 1 -1 -0.8433453208
BLYP 1 -0.85 -0.7829532251
BLYP 1 -0.7 -0.7253157594
BLYP 1 -0.55 -0.6706120193
BLYP 1 -0.4 -0.6190195217
BLYP 1 -0.25 -0.5707062165
BLYP 1 -0.1 -0.5258201378
BLYP 1 0.05 -0.4844772352
BLYP 1 0.2 -0.4467486201
BLYP 1 0.35 -0.4126490505
BLYP 1 0.5 -0.3821287204
BLYP 1 0.65 -0.3550701625
BLYP 1 0.8 -0.3312913529
BLYP 1 0.95 -0.3105550817
BLYP 1 1.1 -0.292583512
BLYP 1 1.25 -0.2770758258
BLYP 1 1.4 -0.2637262588
BLYP 1 1.55 -0.2522399102
BLYP 1 1.7 -0.2423445048
BLYP 1 1.85 -0.2337974453
BLYP 1 2 -0.2263885394
BLYP 1 2.15 -0.2199393342
BLYP 1 2.3 -0.2142996513
BLYP 1 2.45 -0.2093411565
BLYP 1 2.6 -0.204952639
BLYP 1 2.75 -0.201040028
BLYP 1 2.9 -0.1975258443
BLYP 1 3.05 -0.194347154
BLYP 1 3.2 -0.1914530529
BLYP 1 3.35 -0.1888022959
BLYP 1 3.5 -0.1863612821
BLYP 1 3.65 -0.1841024486
BLYP 1 3.8 -0.1820029971
BLYP 1 3.95 -0.180043922
BLYP 1 4.1 -0.178209254
BLYP 1 4.25 -0.1764854685
BLYP 1 4.4 -0.1748610301
BLYP 1 4.55 -0.173326032
BLYP 1 4.7 -0.1718719125
BLYP 1 4.85 -0.1704912316
BLYP 1 5 -0.1691774866
BLYP 1 5.15 -0.1679249644
BLYP 1 5.3 -0.1667286212
BLYP 1 5.45 -0.1655839848
BLYP 1 5.6 -0.1644870728
BLYP 1 5.75 -0.163434326
BLYP 1 5.9 -0.1624225527
BLYP 1 6.05 -0.1614488808
BLYP 1 6.2 -0.1605107182
BLYP 1 6.35 -0.1596057182
BLYP 1 6.5 -0.1587317502
BLYP 1 6.65 -0.1578868745
BLYP 1 6.8 -0.1570693197
BLYP 1 6.95 -0.1562774647
BLYP 1 7.1 -0.1555098232
BLYP 1 7.25 -0.1547650298
BLYP 1 7.4 -0.1540418273
BLYP 1 7.55 -0.153339056
BLYP 1 7.7 -0.1526556439
BLYP 1 7.85 -0.1519905985
BLYP 1 8 -0.1513429994
BLYP 1 8.15 -0.1507119915
BLYP 1 8.3 -0.1500967793
BLYP 1 8.45 -0.1494966215
BLYP 1 8.6 -0.1489108264
BLYP 1 8.75 -0.1483387478
BLYP 1 8.9 -0.1477797807
BLYP 1 9.05 -0.1472333585
BLYP 1 9.2 -0.1466989497
BLYP 1 9.35 -0.1461760549
BLYP 1 9.5 -0.1456642044
BLYP 1 9.65 -0.1451629563
BLYP 1 9.8 -0.1446718937
BLYP 1 9.95 -0.1441906235
BLYP 1 10.1 -0.1437187745
BLYP 1 10.25 -0.1432559954
BLYP 1 10.4 -0.1428019541
BLYP 1 10.55 -0.1423563357
BLYP 1 10.7 -0.1419188419
BLYP 1 10.85 -0.1414891895
BLYP 1 11 -0.1410671095
BLYP 1 11.15 -0.1406523464
BLYP 1 11.3 -0.1402446569
BLYP 1 11.45 -0.1398438096
BLYP 1 11.6 -0.139449584
BLYP 1 11.75 -0.1390617697
BLYP 1 11.9 -0.1386801663
BLYP 1 12.05 -0.1383045822
BLYP 1 12.2 -0.1379348345
BLYP 1 12.35 -0.1375707484
BLYP 1 12.5 -0.1372121566
BLYP 1 12.65 -0.1368588991
BLYP 1 12.8 -0.1365108226
BLYP 1 12.95 -0.1361677801
BLYP 1 13.1 -0.1358296309
BLYP 1 13.25 -0.13549624
BLYP 1 13.4 -0.1351674776
BLYP 1 13.55 -0.1348432193
BLYP 1 13.7 -0.1345233454
BLYP 1 13.85 -0.1342077411
BLYP 1 14 -0.1338962957
BLYP 1 14.15 -0.1335889029
BLYP 1 14.3 -0.1332854602
BLYP 1 14.45 -0.132985869
BLYP 1 14.6 -0.1326900343
BLYP 1 14.75 -0.1323978645
BLYP 1 14.9 -0.1321092713
BLYP 1 15.05 -0.1318241694
BLYP 1 15.2 -0.1315424766
BLYP 1 15.35 -0.1312641135
BLYP 1 15.5 -0.1309890034
BLYP 1 15.65 -0.1307170722
BLYP 1 15.8 -0.1304482483
BLYP 1 15.95 -0.1301824624
BLYP 1 16.1 -0.1299196474
BLYP 1 16.25 -0.1296597385
BLYP 1 16.4 -0.129402673
BLYP 1 16.55 -0.1291483901
BLYP 1 16.7 -0.1288968309
BLYP 1 16.85 -0.1286479384
BLYP 1 17 -0.1284016572
BLYP 1 17.15 -0.1281579337
BLYP 1 17.3 -0.127916716
BLYP 1 17.45 -0.1276779536
BLYP 1 17.6 -0.1274415975
BLYP 1 17.75 -0.1272076002
BLYP 1 17.9 -0.1269759155
BLYP 1 18.05 -0.1267464987
BLYP 1 18.2 -0.1265193061
BLYP 1 18.35 -0.1262942955
BLYP 1 18.5 -0.1260714259
BLYP 1 18.65 -0.1258506571
BLYP 1 18.8 -0.1256319503
BLYP 1 18.95 -0.1254152675
BLYP 1 19.1 -0.1252005718
BLYP 1 19.25 -0.1249878275
BLYP 1 19.4 -0.1247769996
BLYP 1 19.55 -0.1245680542
BLYP 1 19.7 -0.1243609583
BLYP 1 19.85 -0.1241556796
BLYP 1 20 -0.1239521865
BLYP 1 20.15 -0.1237504485
BLYP 1 20.3 -0.1235504357
BLYP 1 20.45 -0.123352119
BLYP 1 20.6 -0.1231554699
BLYP 1 20.75 -0.1229604609
BLYP 1 20.9 -0.1227670649
BLYP 1 21.05 -0.1225752555
BLYP 1 21.2 -0.122385007
BLYP 1 21.35 -0.1221962943
BLYP 1 21.5 -0.1220090929
BLYP 1 21.65 -0.1218233788
BLYP 1 21.8 -0.1216391286
BLYP 1 21.95 -0.1214563194
BLYP 1 22.1 -0.121274929
BLYP 1 22.25 -0.1210949354
BLYP 1 22.4 -0.1209163176
BLYP 1 22.55 -0.1207390546
BLYP 1 22.7 -0.1205631258
BLYP 1 22.85 -0.1203885113
BLYP 1 23 -0.1202151918
BLYP 1 23.15 -0.120043148
BLYP 1 23.3 -0.1198723614
BLYP 1 23.45 -0.1197028136
BLYP 1 23.6 -0.1195344868
BLYP 1 23.75 -0.1193673635
BLYP 1 23.9 -0.1192014265
BLYP 1 24.05 -0.1190366591
BLYP 1 24.2 -0.1188730449
BLYP 1 24.35 -0.1187105677
BLYP 1 24.5 -0.1185492119
BLYP 1 24.65 -0.1183889619
BLYP 1 24.8 -0.1182298027
BLYP 1 24.95 -0.1180717195
BLYP 1 25.1 -0.1179146976
BLYP 1 25.25 -0.1177587229
BLYP 1 25.4 -0.1176037814
BLYP 1 25.55 -0.1174498594
BLYP 1 25.7 -0.1172969436
BLYP 1 25.85 -0.1171450207
BLYP 1 26 -0.1169940778
BLYP 1 26.15 -0.1168441023
BLYP 1 26.3 -0.1166950817
BLYP 1 26.45 -0.116547004
BLYP 1 26.6 -0.116399857
BLYP 1 26.75 -0.1162536291
BLYP 1 26.9 -0.1161083088
BLYP 1 27.05 -0.1159638847
BLYP 1 27.2 -0.1158203457
BLYP 1 27.35 -0.1156776811
BLYP 1 27.5 -0.1155358799
BLYP 1 27.65 -0.1153949318
BLYP 1 27.8 -0.1152548264
BLYP 1 27.95 -0.1151155536
BLYP 1 28.1 -0.1149771034
BLYP 1 28.25 -0.114839466
BLYP 1 28.4 -0.1147026318
BLYP 1 28.55 -0.1145665914
BLYP 1 28.7 -0.1144313354
BLYP 1 28.85 -0.1142968548
BLYP 1 29 -0.1141631406
BLYP 1 29.15 -0.1140301839
BLYP 1 29.3 -0.1138979762
BLYP 1 29.45 -0.1137665088
BLYP 1 29.6 -0.1136357734
BLYP 1 29.75 -0.1135057617
BLYP 1 29.9 -0.1133764657
BLYP 1 30.05 -0.1132478774
BLYP 1 30.2 -0.1131199888
BLYP 1 30.35 -0.1129927924
BLYP 1 30.5 -0.1128662806
BLYP 1 30.65 -0.1127404457
BLYP 1 30.8 -0.1126152806
BLYP 1 30.95 -0.112490778
BLYP 1 31.1 -0.1123669308
BLYP 1 31.25 -0.1122437319
BLYP 1 31.4 -0.1121211744
BLYP 1 31.55 -0.1119992517
BLYP 1 31.7 -0.1118779569
BLYP 1 31.85 -0.1117572835
BLYP 1 32 -0.111637225
BLYP 1 32.15 -0.1115177751
BLYP 1 32.3 -0.1113989275
BLYP 1 32.45 -0.1112806759
BLYP 1 32.6 -0.1111630143
BLYP 1 32.75 -0.1110459366
BLYP 1 32.9 -0.1109294371
BLYP 1 33.05 -0.1108135099
BLYP 1 33.2 -0.1106981492
BLYP 1 33.35 -0.1105833493
BLYP 1 33.5 -0.1104691047
BLYP 1 33.65 -0.1103554098
BLYP 1 33.8 -0.1102422593
BLYP 1 33.95 -0.1101296478
BLYP 1 34.1 -0.1100175701
BLYP 1 34.25 -0.1099060209
BLYP 1 34.4 -0.1097949953
BLYP 1 34.55 -0.109684488
BLYP 1 34.7 -0.1095744942
BLYP 1 34.85 -0.109465009
BLYP 1 35 -0.1093560275
BLYP 1 35.15 -0.109247545
BLYP 1 35.3 -0.1091395567
BLYP 1 35.45 -0.1090320582
BLYP 1 35.6 -0.1089250447
BLYP 1 35.75 -0.1088185117
BLYP 1 35.9 -0.1087124549
BLYP 1 36.05 -0.1086068699
BLYP 1 36.2 -0.1085017522
BLYP 1 36.35 -0.1083970977
BLYP 1 36.5 -0.1082929022
BLYP 1 36.65 -0.1081891614
BLYP 1 36.8 -0.1080858714
BLYP 1 36.95 -0.1079830279
BLYP 1 37.1 -0.1078806272
BLYP 1 37.25 -0.1077786653
BLYP 1 37.4 -0.1076771382
BLYP 1 37.55 -0.107576042
BLYP 1 37.7 -0.1074753731
BLYP 1 37.85 -0.1073751276
BLYP 1 38 -0.1072753019
BLYP 1 38.15 -0.1071758922
BLYP 1 38.3 -0.1070768951
BLYP 1 38.45 -0.1069783069
BLYP 1 38.6 -0.1068801242
BLYP 1 38.75 -0.1067823434
BLYP 1 38.9 -0.1066849612
BLYP 1 39.05 -0.1065879741
BLYP 1 39.2 -0.1064913789
BLYP 1 39.35 -0.1063951722
BLYP 1 39.5 -0.1062993508
BLYP 1 39.65 -0.1062039114
BLYP 1 39.8 -0.1061088509
BLYP 1 39.95 -0.1060141662
BLYP 1 40.1 -0.1059198541
BLYP 1 40.25 -0.1058259115
BLYP 1 40.4 -0.1057323356
BLYP 1 40.55 -0.1056391232
BLYP 1 40.7 -0.1055462714
BLYP 1 40.85 -0.1054537772
BLYP 1 41 -0.1053616379
BLYP 1 41.15 -0.1052698505
BLYP 1 41.3 -0.1051784122
BLYP 1 41.45 -0.1050873202
BLYP 1 41.6 -0.1049965718
BLYP 1 41.75 -0.1049061642
BLYP 1 41.9 -0.1048160948
BLYP 1 42.05 -0.1047263609
BLYP 1 42.2 -0.1046369599
BLYP 1 42.35 -0.1045478891
BLYP 1 42.5 -0.1044591461
BLYP 1 42.65 -0.1043707282
BLYP 1 42.8 -0.1042826329
BLYP 1 42.95 -0.1041948578
BLYP 1 43.1 -0.1041074004
BLYP 1 43.25 -0.1040202582
BLYP 1 43.4 -0.1039334289
BLYP 1 43.55 -0.1038469102
BLYP 1 43.7 -0.1037606995
BLYP 1 43.85 -0.1036747947
BLYP 1 44 -0.1035891934
BLYP 1 44.15 -0.1035038933
BLYP 1 44.3 -0.1034188923
BLYP 1 44.45 -0.103334188
BLYP 1 44.6 -0.1032497782
BLYP 1 44.75 -0.1031656609
BLYP 1 44.9 -0.1030818338
BLYP 1 45.05 -0.1029982949
BLYP 1 45.2 -0.1029150419
BLYP 1 45.35 -0.1028320728
BLYP 1 45.5 -0.1027493856
BLYP 1 45.65 -0.1026669782
BLYP 1 45.8 -0.1025848486
BLYP 1 45.95 -0.1025029948
BLYP 1 46.1 -0.1024214148
BLYP 1 46.25 -0.1023401066
BLYP 1 46.4 -0.1022590683
BLYP 1 46.55 -0.1021782981
BLYP 1 46.7 -0.102097794
BLYP 1 46.85 -0.102017554
BLYP 1 47 -0.1019375765
BLYP 1 47.15 -0.1018578594
BLYP 1 47.3 -0.1017784011
BLYP 1 47.45 -0.1016991996
BLYP 1 47.6 -0.1016202534
BLYP 1 47.75 -0.1015415605
BLYP 1 47.9 -0.1014631192
BLYP 1 48.05 -0.1013849278
BLYP 1 48.2 -0.1013069845
BLYP 1 48.35 -0.1012292876
BLYP 1 48.5 -0.1011518356
BLYP 1 48.65 -0.1010746266
BLYP 1 48.8 -0.100997659
BLYP 1 48.95 -0.1009209313
BLYP 1 49.1 -0.1008444418
BLYP 1 49.25 -0.1007681889
BLYP 1 49.4 -0.100692171
BLYP 1 49.55 -0.1006163865
BLYP 1 49.7 -0.1005408339
BLYP 1 49.85 -0.1004655117
BLYP 1 50 -0.1003904183
BLYP 1 50.15 -0.1003155523
BLYP 1 50.3 -0.100240912
BLYP 1 50.45 -0.1001664961
BLYP 1 50.6 -0.100092303
BLYP 1 50.75 -0.1000183314
BLYP 1 50.9 -0.0999445797
BLYP 1 51.05 -0.0998710466
BLYP 1 51.2 -0.0997977306
BLYP 1 51.35 -0.0997246303
BLYP 1 51.5 -0.0996517444
BLYP 1 51.65 -0.0995790715
BLYP 1 51.8 -0.0995066101
BLYP 1 51.95 -0.099434359
BLYP 1 52.1 -0.0993623169
BLYP 1 52.25 -0.0992904823
BLYP 1 52.4 -0.099218854
BLYP 1 52.55 -0.0991474307
BLYP 1 52.7 -0.0990762111
BLYP 1 52.85 -0.0990051939
BLYP 1 53 -0.0989343779
BLYP 1 53.15 -0.0988637617
BLYP 1 53.3 -0.0987933442
BLYP 1 53.45 -0.0987231241
BLYP 1 53.6 -0.0986531003
BLYP 1 53.75 -0.0985832714
BLYP 1 53.9 -0.0985136362
BLYP 1 54.05 -0.0984441937
BLYP 1 54.2 -0.0983749426
BLYP 1 54.35 -0.0983058818
BLYP 1 54.5 -0.09823701
BLYP 1 54.65 -0.0981683262
BLYP 1 54.8 -0.0980998292
BLYP 1 54.95 -0.0980315179
BLYP 1 55.1 -0.0979633911
BLYP 1 55.25 -0.0978954478
BLYP 1 55.4 -0.0978276869
BLYP 1 55.55 -0.0977601072
BLYP 1 55.7 -0.0976927077
BLYP 1 55.85 -0.0976254873
BLYP 1 56 -0.0975584449
BLYP 1 56.15 -0.0974915796
BLYP 1 56.3 -0.0974248902
BLYP 1 56.45 -0.0973583757
BLYP 1 56.6 -0.0972920351
BLYP 1 56.75 -0.0972258673
BLYP 1 56.9 -0.0971598715
BLYP 1 57.05 -0.0970940465
BLYP 1 57.2 -0.0970283913
BLYP 1 57.35 -0.0969629051
BLYP 1 57.5 -0.0968975867
BLYP 1 57.65 -0.0968324353
BLYP 1 57.8 -0.0967674499
BLYP 1 57.95 -0.0967026295
BLYP 1 58.1 -0.0966379732
BLYP 1 58.25 -0.09657348
BLYP 1 58.4 -0.096509149
BLYP 1 58.55 -0.0964449794
BLYP 1 58.7 -0.0963809701
BLYP 1 58.85 -0.0963171203
BLYP 1 59 -0.0962534291
BLYP 1 59.15 -0.0961898955
BLYP 1 59.3 -0.0961265187
BLYP 1 59.45 -0.0960632979
BLYP 1 59.6 -0.0960002321
BLYP 1 59.75 -0.0959373205
BLYP 1 59.9 -0.0958745622
BLYP 1 60.05 -0.0958119564
BLYP 1 60.2 -0.0957495023
BLYP 1 60.35 -0.0956871989
BLYP 1 60.5 -0.0956250455
BLYP 1 60.65 -0.0955630412
BLYP 1 60.8 -0.0955011853
BLYP 1 60.95 -0.0954394768
BLYP 1 61.1 -0.0953779151
BLYP 1 61.25 -0.0953164993
BLYP 1 61.4 -0.0952552286
BLYP 1 61.55 -0.0951941022
BLYP 1 61.7 -0.0951331194
BLYP 1 61.85 -0.0950722794
BLYP 1 62 -0.0950115813
BLYP 1 62.15 -0.0949510246
BLYP 1 62.3 -0.0948906083
BLYP 1 62.45 -0.0948303317
BLYP 1 62.6 -0.0947701942
BLYP 1 62.75 -0.0947101949
BLYP 1 62.9 -0.0946503331
BLYP 1 63.05 -0.0945906081
BLYP 1 63.2 -0.0945310192
BLYP 1 63.35 -0.0944715656
BLYP 1 63.5 -0.0944122467
BLYP 1 63.65 -0.0943530617
BLYP 1 63.8 -0.0942940099
BLYP 1 63.95 -0.0942350907
BLYP 1 64.1 -0.0941763033
BLYP 1 64.25 -0.0941176471
BLYP 1 64.4 -0.0940591214
BLYP 1 64.55 -0.0940007255
BLYP 1 64.7 -0.0939424587
BLYP 1 64.85 -0.0938843203
BLYP 1 65 -0.0938263098
BLYP 1 65.15 -0.0937684264
BLYP 1 65.3 -0.0937106695
BLYP 1 65.45 -0.0936530385
BLYP 1 65.6 -0.0935955327
BLYP 1 65.75 -0.0935381515
BLYP 1 65.9 -0.0934808941
BLYP 1 66.05 -0.0934237602
BLYP 1 66.2 -0.0933667488
BLYP 1 66.35 -0.0933098596
BLYP 1 66.5 -0.0932530918
BLYP 1 66.65 -0.0931964449
BLYP 1 66.8 -0.0931399182
BLYP 1 66.95 -0.0930835111
BLYP 1 67.1 -0.0930272231
BLYP 1 67.25 -0.0929710535
BLYP 1 67.4 -0.0929150018
BLYP 1 67.55 -0.0928590673
BLYP 1 67.7 -0.0928032495
BLYP 1 67.85 -0.0927475479
BLYP 1 68 -0.0926919618
BLYP 1 68.15 -0.0926364906
BLYP 1 68.3 -0.0925811339
BLYP 1 68.45 -0.092525891
BLYP 1 68.6 -0.0924707614
BLYP 1 68.75 -0.0924157445
BLYP 1 68.9 -0.0923608398
BLYP 1 69.05 -0.0923060468
BLYP 1 69.2 -0.0922513648
BLYP 1 69.35 -0.0921967935
BLYP 1 69.5 -0.0921423321
BLYP 1 69.65 -0.0920879803
BLYP 1 69.8 -0.0920337374
BLYP 1 69.95 -0.0919796029
BLYP 1 70.1 -0.0919255764
BLYP 1 70.25 -0.0918716573
BLYP 1 70.4 -0.0918178451
BLYP 1 70.55 -0.0917641393
BLYP 1 70.7 -0.0917105393
BLYP 1 70.85 -0.0916570448
BLYP 1 71 -0.0916036551
BLYP 1 71.15 -0.0915503698
BLYP 1 71.3 -0.0914971884
BLYP 1 71.45 -0.0914441104
BLYP 1 71.6 -0.0913911353
BLYP 1 71.75 -0.0913382626
BLYP 1 71.9 -0.0912854919
BLYP 1 72.05 -0.0912328227
BLYP 1 72.2 -0.0911802544
BLYP 1 72.35 -0.0911277867
BLYP 1 72.5 -0.0910754191
BLYP 1 72.65 -0.0910231511
BLYP 1 72.8 -0.0909709822
BLYP 1 72.95 -0.0909189119
BLYP 1 73.1 -0.09086694
BLYP 1 73.25 -0.0908150657
BLYP 1 73.4 -0.0907632889
BLYP 1 73.55 -0.0907116089
BLYP 1 73.7 -0.0906600253
BLYP 1 73.85 -0.0906085377
BLYP 1 74 -0.0905571457
BLYP 1 74.15 -0.0905058488
BLYP 1 74.3 -0.0904546466
BLYP 1 74.45 -0.0904035386
BLYP 1 74.6 -0.0903525245
BLYP 1 74.75 -0.0903016038
BLYP 1 74.9 -0.0902507761
BLYP 1 75.05 -0.0902000409
BLYP 1 75.2 -0.090149398
BLYP 1 75.35 -0.0900988467
BLYP 1 75.5 -0.0900483868
BLYP 1 75.65 -0.0899980178
BLYP 1 75.8 -0.0899477393
BLYP 1 75.95 -0.0898975509
BLYP 1 76.1 -0.0898474523
BLYP 1 76.25 -0.0897974429
BLYP 1 76.4 -0.0897475225
BLYP 1 76.55 -0.0896976906
BLYP 1 76.7 -0.0896479468
BLYP 1 76.85 -0.0895982908
BLYP 1 77 -0.0895487222
BLYP 1 77.15 -0.0894992405
BLYP 1 77.3 -0.0894498454
BLYP 1 77.45 -0.0894005366
BLYP 1 77.6 -0.0893513136
BLYP 1 77.75 -0.089302176
BLYP 1 77.9 -0.0892531235
BLYP 1 78.05 -0.0892041558
BLYP 1 78.2 -0.0891552725
BLYP 1 78.35 -0.0891064731
BLYP 1 78.5 -0.0890577573
BLYP 1 78.65 -0.0890091249
BLYP 1 78.8 -0.0889605753
BLYP 1 78.95 -0.0889121083
BLYP 1 79.1 -0.0888637235
BLYP 1 79.25 -0.0888154206
BLYP 1 79.4 -0.0887671991
BLYP 1 79.55 -0.0887190588
BLYP 1 79.7 -0.0886709993
BLYP 1 79.85 -0.0886230203
BLYP 1 80 -0.0885751214
BLYP 1 80.15 -0.0885273022
BLYP 1 80.3 -0.0884795626
BLYP 1 80.45 -0.088431902
BLYP 1 80.6 -0.0883843202
BLYP 1 80.75 -0.0883368168
BLYP 1 80.9 -0.0882893916
BLYP 1 81.05 -0.0882420441
BLYP 1 81.2 -0.0881947741
BLYP 1 81.35 -0.0881475812
BLYP 1 81.5 -0.0881004652
BLYP 1 81.65 -0.0880534256
BLYP 1 81.8 -0.0880064622
BLYP 1 81.95 -0.0879595747
BLYP 1 82.1 -0.0879127627
BLYP 1 82.25 -0.087866026
BLYP 1 82.4 -0.0878193641
BLYP 1 82.55 -0.0877727769
BLYP 1 82.7 -0.087726264
BLYP 1 82.85 -0.087679825
BLYP 1 83 -0.0876334598
BLYP 1 83.15 -0.087587168
BLYP 1 83.3 -0.0875409492
BLYP 1 83.45 -0.0874948032
BLYP 1 83.6 -0.0874487298
BLYP 1 83.75 -0.0874027285
BLYP 1 83.9 -0.0873567991
BLYP 1 84.05 -0.0873109413
BLYP 1 84.2 -0.0872651549
BLYP 1 84.35 -0.0872194395
BLYP 1 84.5 -0.0871737948
BLYP 1 84.65 -0.0871282206
BLYP 1 84.8 -0.0870827166
BLYP 1 84.95 -0.0870372824
BLYP 1 85.1 -0.0869919179
BLYP 1 85.25 -0.0869466227
BLYP 1 85.4 -0.0869013965
BLYP 1 85.55 -0.0868562391
BLYP 1 85.7 -0.0868111502
BLYP 1 85.85 -0.0867661296
BLYP 1 86 -0.0867211768
BLYP 1 86.15 -0.0866762918
BLYP 1 86.3 -0.0866314742
BLYP 1 86.45 -0.0865867237
BLYP 1 86.6 -0.08654204
BLYP 1 86.75 -0.0864974231
BLYP 1 86.9 -0.0864528725
BLYP 1 87.05 -0.0864083883
BLYP 1 87.2 -0.0863639704
BLYP 1 87.35 -0.0863196191
BLYP 1 87.5 -0.0862753339
BLYP 1 87.65 -0.086231114
BLYP 1 87.8 -0.0861869589
BLYP 1 87.95 -0.0861428684
BLYP 1 88.1 -0.0860988423
BLYP 1 88.25 -0.0860548801
BLYP 1 88.4 -0.0860109818
BLYP 1 88.55 -0.085967147
BLYP 1 88.7 -0.0859233755
BLYP 1 88.85 -0.085879667
BLYP 1 89 -0.0858360214
BLYP 1 89.15 -0.0857924383
BLYP 1 89.3 -0.0857489176
BLYP 1 89.45 -0.0857054589
BLYP 1 89.6 -0.0856620622
BLYP 1 89.75 -0.085618727
BLYP 1 89.9 -0.0855754533
BLYP 1 90.05 -0.0855322407
BLYP 1 90.2 -0.085489089
BLYP 1 90.35 -0.085445998
BLYP 1 90.5 -0.0854029675
BLYP 1 90.65 -0.0853599972
BLYP 1 90.8 -0.0853170869
BLYP 1 90.95 -0.0852742364
BLYP 1 91.1 -0.0852314454
BLYP 1 91.25 -0.0851887137
BLYP 1 91.4 -0.0851460412
BLYP 1 91.55 -0.0851034275
BLYP 1 91.7 -0.0850608725
BLYP 1 91.85 -0.0850183759
BLYP 1 92 -0.0849759375
BLYP 1 92.15 -0.0849335571
BLYP 1 92.3 -0.0848912344
BLYP 1 92.45 -0.0848489693
BLYP 1 92.6 -0.0848067615
BLYP 1 92.75 -0.0847646109
BLYP 1 92.9 -0.0847225173
BLYP 1 93.05 -0.0846804807
BLYP 1 93.2 -0.0846385021
BLYP 1 93.35 -0.0845965814
BLYP 1 93.5 -0.0845547173
BLYP 1 93.65 -0.0845129091
BLYP 1 93.8 -0.0844711566
BLYP 1 93.95 -0.0844294595
BLYP 1 94.1 -0.0843878176
BLYP 1 94.25 -0.0843462308
BLYP 1 94.4 -0.0843046988
BLYP 1 94.55 -0.0842632214
BLYP 1 94.7 -0.0842217985
BLYP 1 94.85 -0.0841804298
BLYP 1 95 -0.0841391151
BLYP 1 95.15 -0.0840978543
BLYP 1 95.3 -0.0840566472
BLYP 1 95.45 -0.0840154935
BLYP 1 95.6 -0.0839743932
BLYP 1 95.75 -0.0839333459
BLYP 1 95.9 -0.0838923515
BLYP 1 96.05 -0.0838514098
BLYP 1 96.2 -0.0838105207
BLYP 1 96.35 -0.0837696839
BLYP 1 96.5 -0.0837288992
BLYP 1 96.65 -0.0836881665
BLYP 1 96.8 -0.0836474856
BLYP 1 96.95 -0.0836068562
BLYP 1 97.1 -0.0835662783
BLYP 1 97.25 -0.0835257517
BLYP 1 97.4 -0.083485276
BLYP 1 97.55 -0.0834448513
BLYP 1 97.7 -0.0834044772
BLYP 1 97.85 -0.0833641536
BLYP 1 98 -0.0833238804
BLYP 1 98.15 -0.0832836573
BLYP 1 98.3 -0.0832434842
BLYP 1 98.45 -0.0832033609
BLYP 1 98.6 -0.0831632872
BLYP 1 98.75 -0.0831232629
BLYP 1 98.9 -0.083083288
BLYP 1 99.05 -0.0830433622
BLYP 1 99.2 -0.0830034853
BLYP 1 99.35 -0.0829636571
BLYP 1 99.5 -0.0829238776
BLYP 1 99.65 -0.0828841465
BLYP 1 99.8 -0.0828444636
BLYP 1 99.95 -0.0828048288
BLYP 1 100.1 -0.082765242
BLYP 1 100.25 -0.0827257029
BLYP 1 100.4 -0.0826862114
BLYP 1 100.55 -0.0826467674
BLYP 1 100.7 -0.0826073706
BLYP 1 100.85 -0.0825680209
BLYP 1 101 -0.0825287181
BLYP 1 101.15 -0.0824894622
BLYP 1 101.3 -0.0824502528
BLYP 1 101.45 -0.0824110899
BLYP 1 101.6 -0.0823719733
BLYP 1 101.75 -0.0823329029
BLYP 1 101.9 -0.0822938785
BLYP 1 102.05 -0.0822548999
BLYP 1 102.2 -0.082215967
BLYP 1 102.35 -0.0821770796
BLYP 1 102.5 -0.0821382377
BLYP 1 102.65 -0.0820994409
BLYP 1 102.8 -0.0820606894
BLYP 1 102.95 -0.0820219828
BLYP 1 103.1 -0.0819833211
BLYP 1 103.25 -0.0819447041
BLYP 1 103.4 -0.0819061317
BLYP 1 103.55 -0.0818676037
BLYP 1 103.7 -0.0818291199
BLYP 1 103.85 -0.0817906802
BLYP 1 104 -0.0817522843
BLYP 1 104.15 -0.0817139322
BLYP 1 104.3 -0.0816756236
BLYP 1 104.45 -0.0816373585
BLYP 1 104.6 -0.0815991366
BLYP 1 104.75 -0.0815609579
BLYP 1 104.9 -0.0815228222
BLYP 1 105.05 -0.0814847293
BLYP 1 105.2 -0.0814466791
BLYP 1 105.35 -0.0814086715
BLYP 1 105.5 -0.0813707063
BLYP 1 105.65 -0.0813327834
BLYP 1 105.8 -0.0812949027
BLYP 1 105.95 -0.0812570639
BLYP 1 106.1 -0.081219267
BLYP 1 106.25 -0.0811815119
BLYP 1 106.4 -0.0811437983
BLYP 1 106.55 -0.0811061262
BLYP 1 106.7 -0.0810684954
BLYP 1 106.85 -0.0810309058
BLYP 1 107 -0.0809933572
BLYP 1 107.15 -0.0809558495
BLYP 1 107.3 -0.0809183827
BLYP 1 107.45 -0.0808809565
BLYP 1 107.6 -0.0808435707
BLYP 1 107.75 -0.0808062254
BLYP 1 107.9 -0.0807689204
BLYP 1 108.05 -0.0807316554
BLYP 1 108.2 -0.0806944305
BLYP 1 108.35 -0.0806572454
BLYP 1 108.5 -0.0806201001
BLYP 1 108.65 -0.0805829943
BLYP 1 108.8 -0.0805459281
BLYP 1 108.95 -0.0805089012
BLYP 1 109.1 -0.0804719135
BLYP 1 109.25 -0.080434965
BLYP 1 109.4 -0.0803980554
BLYP 1 109.55 -0.0803611847
BLYP 1 109.7 -0.0803243527
BLYP 1 109.85 -0.0802875593
BLYP 1 110 -0.0802508044
BLYP 1 110.15 -0.0802140878
BLYP 1 110.3 -0.0801774095
BLYP 1 110.45 -0.0801407693
BLYP 1 110.6 -0.0801041671
BLYP 1 110.75 -0.0800676027
BLYP 1 110.9 -0.0800310762
BLYP 1 111.05 -0.0799945872
BLYP 1 111.2 -0.0799581358
BLYP 1 111.35 -0.0799217218
BLYP 1 111.5 -0.079885345
BLYP 1 111.65 -0.0798490054
BLYP 1 111.8 -0.0798127029
BLYP 1 111.95 -0.0797764373
BLYP 1 112.1 -0.0797402085
BLYP 1 112.25 -0.0797040163
BLYP 1 112.4 -0.0796678608
BLYP 1 112.55 -0.0796317417
BLYP 1 112.7 -0.079595659
BLYP 1 112.85 -0.0795596125
BLYP 1 113 -0.0795236022
BLYP 1 113.15 -0.0794876278
BLYP 1 113.3 -0.0794516894
BLYP 1 113.45 -0.0794157867
BLYP 1 113.6 -0.0793799196
BLYP 1 113.75 -0.0793440881
BLYP 1 113.9 -0.0793082921
BLYP 1 114.05 -0.0792725313
BLYP 1 114.2 -0.0792368057
BLYP 1 114.35 -0.0792011163
BLYP 1 114.5 -0.0791654633
BLYP 1 114.65 -0.0791298453
BLYP 1 114.8 -0.079094262
BLYP 1 114.95 -0.0790587134
BLYP 1 115.1 -0.0790231993
BLYP 1 115.25 -0.0789877196
BLYP 1 115.4 -0.0789522743
BLYP 1 115.55 -0.0789168632
BLYP 1 115.7 -0.0788814862
BLYP 1 115.85 -0.0788461433
BLYP 1 116 -0.0788108343
BLYP 1 116.15 -0.0787755592
BLYP 1 116.3 -0.0787403178
BLYP 1 116.45 -0.0787051101
BLYP 1 116.6 -0.0786699358
BLYP 1 116.75 -0.078634795
BLYP 1 116.9 -0.0785996876
BLYP 1 117.05 -0.0785646134
BLYP 1 117.2 -0.0785295723
BLYP 1 117.35 -0.0784945643
BLYP 1 117.5 -0.0784595892
BLYP 1 117.65 -0.0784246469
BLYP 1 117.8 -0.0783897374
BLYP 1 117.95 -0.0783548605
BLYP 1 118.1 -0.0783200162
BLYP 1 118.25 -0.0782852043
BLYP 1 118.4 -0.0782504248
BLYP 1 118.55 -0.0782156775
BLYP 1 118.7 -0.0781809624
BLYP 1 118.85 -0.0781462794
BLYP 1 119 -0.0781116284
BLYP 1 119.15 -0.0780770092
BLYP 1 119.3 -0.0780424218
BLYP 1 119.45 -0.0780078661
BLYP 1 119.6 -0.0779733419
BLYP 1 119.75 -0.0779388493
BLYP 1 119.9 -0.0779043881
BLYP 1 120.05 -0.0778699582
BLYP 1 120.2 -0.0778355596
BLYP 1 120.35 -0.0778011921
BLYP 1 120.5 -0.0777668556
BLYP 1 120.65 -0.07773255
BLYP 1 120.8 -0.0776982754
BLYP 1 120.95 -0.0776640315
BLYP 1 121.1 -0.0776298182
BLYP 1 121.25 -0.0775956356
BLYP 1 121.4 -0.0775614835
BLYP 1 121.55 -0.0775273617
BLYP 1 121.7 -0.0774932703
BLYP 1 121.85 -0.0774592092
BLYP 1 122 -0.0774251782
BLYP 1 122.15 -0.0773911772
BLYP 1 122.3 -0.0773572062
BLYP 1 122.45 -0.0773232651
BLYP 1 122.6 -0.0772893539
BLYP 1 122.75 -0.0772554723
BLYP 1 122.9 -0.0772216203
BLYP 1 123.05 -0.0771877979
BLYP 1 123.2 -0.077154005
BLYP 1 123.35 -0.0771202414
BLYP 1 123.5 -0.0770865071
BLYP 1 123.65 -0.077052802
BLYP 1 123.8 -0.0770191261
BLYP 1 123.95 -0.0769854791
BLYP 1 124.1 -0.0769518612
BLYP 1 124.25 -0.0769182721
BLYP 1 124.4 -0.0768847118
BLYP 1 124.55 -0.0768511802
BLYP 1 124.7 -0.0768176772
BLYP 1 124.85 -0.0767842028
BLYP 1 125 -0.0767507568
BLYP 1 125.15 -0.0767173392
BLYP 1 125.3 -0.0766839499
BLYP 1 125.45 -0.0766505889
BLYP 1 125.6 -0.076617256
BLYP 1 125.75 -0.0765839511
BLYP 1 125.9 -0.0765506742
BLYP 1 126.05 -0.0765174252
BLYP 1 126.2 -0.0764842041
BLYP 1 126.35 -0.0764510107
BLYP 1 126.5 -0.076417845
BLYP 1 126.65 -0.0763847068
BLYP 1 126.8 -0.0763515962
BLYP 1 126.95 -0.076318513
BLYP 1 127.1 -0.0762854572
BLYP 1 127.25 -0.0762524286
BLYP 1 127.4 -0.0762194273
BLYP 1 127.55 -0.076186453
BLYP 1 127.7 -0.0761535059
BLYP 1 127.85 -0.0761205857
BLYP 1 128 -0.0760876924
BLYP 1 128.15 -0.076054826
BLYP 1 128.3 -0.0760219863
BLYP 1 128.45 -0.0759891733
BLYP 1 128.6 -0.0759563868
BLYP 1 128.75 -0.075923627
BLYP 1 128.9 -0.0758908935
BLYP 1 129.05 -0.0758581865
BLYP 1 129.2 -0.0758255058
BLYP 1 129.35 -0.0757928513
BLYP 1 129.5 -0.075760223
BLYP 1 129.65 -0.0757276208
BLYP 1 129.8 -0.0756950446
BLYP 1 129.95 -0.0756624944
BLYP 1 130.1 -0.07562997
BLYP 1 130.25 -0.0755974715
BLYP 1 130.4 -0.0755649986
BLYP 1 130.55 -0.0755325515
BLYP 1 130.7 -0.07550013
BLYP 1 130.85 -0.075467734
BLYP 1 131 -0.0754353634
BLYP 1 131.15 -0.0754030182
BLYP 1 131.3 -0.0753706984
BLYP 1 131.45 -0.0753384038
BLYP 1 131.6 -0.0753061344
BLYP 1 131.75 -0.0752738901
BLYP 1 131.9 -0.0752416709
BLYP 1 132.05 -0.0752094766
BLYP 1 132.2 -0.0751773073
BLYP 1 132.35 -0.0751451628
BLYP 1 132.5 -0.075113043
BLYP 1 132.65 -0.075080948
BLYP 1 132.8 -0.0750488776
BLYP 1 132.95 -0.0750168318
BLYP 1 133.1 -0.0749848105
BLYP 1 133.25 -0.0749528137
BLYP 1 133.4 -0.0749208412
BLYP 1 133.55 -0.0748888931
BLYP 1 133.7 -0.0748569691
BLYP 1 133.85 -0.0748250694
BLYP 1 134 -0.0747931938
BLYP 1 134.15 -0.0747613423
BLYP 1 134.3 -0.0747295147
BLYP 1 134.45 -0.0746977111
BLYP 1 134.6 -0.0746659313
BLYP 1 134.75 -0.0746341753
BLYP 1 134.9 -0.0746024431
BLYP 1 135.05 -0.0745707345
BLYP 1 135.2 -0.0745390496
BLYP 1 135.35 -0.0745073882
BLYP 1 135.5 -0.0744757503
BLYP 1 135.65 -0.0744441358
BLYP 1 135.8 -0.0744125446
BLYP 1 135.95 -0.0743809768
BLYP 1 136.1 -0.0743494322
BLYP 1 136.25 -0.0743179108
BLYP 1 136.4 -0.0742864125
BLYP 1 136.55 -0.0742549372
BLYP 1 136.7 -0.0742234849
BLYP 1 136.85 -0.0741920556
BLYP 1 137 -0.0741606492
BLYP 1 137.15 -0.0741292655
BLYP 1 137.3 -0.0740979046
BLYP 1 137.45 -0.0740665664
BLYP 1 137.6 -0.0740352509
BLYP 1 137.75 -0.0740039579
BLYP 1 137.9 -0.0739726874
BLYP 1 138.05 -0.0739414394
BLYP 1 138.2 -0.0739102138
BLYP 1 138.35 -0.0738790105
BLYP 1 138.5 -0.0738478296
BLYP 1 138.65 -0.0738166708
BLYP 1 138.8 -0.0737855342
BLYP 1 138.95 -0.0737544197
BLYP 1 139.1 -0.0737233273
BLYP 1 139.25 -0.0736922569
BLYP 1 139.4 -0.0736612084
BLYP 1 139.55 -0.0736301818
BLYP 1 139.7 -0.073599177
BLYP 1 139.85 -0.073568194
BLYP 1 140 -0.0735372327
BLYP 1 140.15 -0.073506293
BLYP 1 140.3 -0.073475375
BLYP 1 140.45 -0.0734444785
BLYP 1 140.6 -0.0734136035
BLYP 1 140.75 -0.0733827499
BLYP 1 140.9 -0.0733519178
BLYP 1 141.05 -0.0733211069
BLYP 1 141.2 -0.0732903173
BLYP 1 141.35 -0.073259549
BLYP 1 141.5 -0.0732288018
BLYP 1 141.65 -0.0731980757
BLYP 1 141.8 -0.0731673707
BLYP 1 141.95 -0.0731366866
BLYP 1 142.1 -0.0731060236
BLYP 1 142.25 -0.0730753814
BLYP 1 142.4 -0.0730447601
BLYP 1 142.55 -0.0730141595
BLYP 1 142.7 -0.0729835797
BLYP 1 142.85 -0.0729530206
BLYP 1 143 -0.0729224821
BLYP 1 143.15 -0.0728919642
BLYP 1 143.3 -0.0728614668
BLYP 1 143.45 -0.07283099
BLYP 1 143.6 -0.0728005335
BLYP 1 143.75 -0.0727700974
BLYP 1 143.9 -0.0727396817
BLYP 1 144.05 -0.0727092862
BLYP 1 144.2 -0.0726789109
BLYP 1 144.35 -0.0726485558
BLYP 1 144.5 -0.0726182209
BLYP 1 144.65 -0.072587906
BLYP 1 144.8 -0.0725576111
BLYP 1 144.95 -0.0725273363
BLYP 1 145.1 -0.0724970813
BLYP 1 145.25 -0.0724668462
BLYP 1 145.4 -0.072436631
BLYP 1 145.55 -0.0724064361
BLYP 1 145.7 -0.0723762611
BLYP 1 145.85 -0.0723461056
BLYP 1 146 -0.0723159699
BLYP 1 146.15 -0.0722858537
BLYP 1 146.3 -0.072255757
BLYP 1 146.45 -0.0722256798
BLYP 1 146.6 -0.072195622
BLYP 1 146.75 -0.0721655836
BLYP 1 146.9 -0.0721355645
BLYP 1 147.05 -0.0721055647
BLYP 1 147.2 -0.0720755841
BLYP 1 147.35 -0.0720456227
BLYP 1 147.5 -0.0720156805
BLYP 1 147.65 -0.0719857573
BLYP 1 147.8 -0.0719558532
BLYP 1 147.95 -0.071925968
BLYP 1 148.1 -0.0718961019
BLYP 1 148.25 -0.0718662546
BLYP 1 148.4 -0.0718364262
BLYP 1 148.55 -0.0718066165
BLYP 1 148.7 -0.0717768257
BLYP 1 148.85 -0.0717470535
BLYP 1 149 -0.0717173001
BLYP 1 149.15 -0.0716875652
BLYP 1 149.3 -0.0716578489
BLYP 1 149.45 -0.0716281512
BLYP 1 149.6 -0.071598472
BLYP 1 149.75 -0.0715688112
BLYP 1 149.9 -0.0715391688
BLYP 1 150.05 -0.0715095447
BLYP 1 150.2 -0.071479939
BLYP 1 150.35 -0.0714503515
BLYP 1 150.5 -0.0714207823
BLYP 1 150.65 -0.0713912312
BLYP 1 150.8 -0.0713616983
BLYP 1 150.95 -0.0713321835
BLYP 1 151.1 -0.0713026867
BLYP 1 151.25 -0.0712732079
BLYP 1 151.4 -0.0712437471
BLYP 1 151.55 -0.0712143042
BLYP 1 151.7 -0.0711848791
BLYP 1 151.85 -0.071155472
BLYP 1 152 -0.0711260825
BLYP 1 152.15 -0.0710967109
BLYP 1 152.3 -0.0710673569
BLYP 1 152.45 -0.0710380207
BLYP 1 152.6 -0.071008702
BLYP 1 152.75 -0.0709794009
BLYP 1 152.9 -0.0709501174
BLYP 1 153.05 -0.0709208513
BLYP 1 153.2 -0.0708916027
BLYP 1 153.35 -0.0708623716
BLYP 1 153.5 -0.0708331578
BLYP 1 153.65 -0.0708039618
BLYP 1 153.8 -0.070774783
BLYP 1 153.95 -0.0707456215
BLYP 1 154.1 -0.0707164772
BLYP 1 154.25 -0.0706873501
BLYP 1 154.4 -0.0706582401
BLYP 1 154.55 -0.0706291473
BLYP 1 154.7 -0.0706000714
BLYP 1 154.85 -0.0705710126
BLYP 1 155 -0.0705419707
BLYP 1 155.15 -0.0705129457
BLYP 1 155.3 -0.0704839377
BLYP 1 155.45 -0.0704549465
BLYP 1 155.6 -0.0704259721
BLYP 1 155.75 -0.0703970144
BLYP 1 155.9 -0.0703680735
BLYP 1 156.05 -0.0703391493
BLYP 1 156.2 -0.0703102417
BLYP 1 156.35 -0.0702813507
BLYP 1 156.5 -0.0702524763
BLYP 1 156.65 -0.0702236185
BLYP 1 156.8 -0.0701947771
BLYP 1 156.95 -0.0701659522
BLYP 1 157.1 -0.0701371437
BLYP 1 157.25 -0.0701083516
BLYP 1 157.4 -0.0700795758
BLYP 1 157.55 -0.0700508163
BLYP 1 157.7 -0.0700220731
BLYP 1 157.85 -0.0699933462
BLYP 1 158 -0.0699646354
BLYP 1 158.15 -0.0699359407
BLYP 1 158.3 -0.0699072622
BLYP 1 158.45 -0.0698785998
BLYP 1 158.6 -0.0698499534
BLYP 1 158.75 -0.069821323
BLYP 1 158.9 -0.0697927086
BLYP 1 159.05 -0.0697641101
BLYP 1 159.2 -0.0697355275
BLYP 1 159.35 -0.0697069607
BLYP 1 159.5 -0.0696784098
BLYP 1 159.65 -0.0696498746
BLYP 1 159.8 -0.0696213552
BLYP 1 159.95 -0.0695928516
BLYP 1 160.1 -0.0695643636
BLYP 1 160.25 -0.0695358912
BLYP 1 160.4 -0.0695074344
BLYP 1 160.55 -0.0694789932
BLYP 1 160.7 -0.0694505676
BLYP 1 160.85 -0.0694221574
BLYP 1 161 -0.0693937627
BLYP 1 161.15 -0.0693653835
BLYP 1 161.3 -0.0693370196
BLYP 1 161.45 -0.0693086711
BLYP 1 161.6 -0.0692803379
BLYP 1 161.75 -0.06925202
BLYP 1 161.9 -0.0692237173
BLYP 1 162.05 -0.0691954299
BLYP 1 162.2 -0.0691671576
BLYP 1 162.35 -0.0691389005
BLYP 1 162.5 -0.0691106585
BLYP 1 162.65 -0.0690824317
BLYP 1 162.8 -0.0690542198
BLYP 1 162.95 -0.069026023
BLYP 1 163.1 -0.0689978411
BLYP 1 163.25 -0.0689696742
BLYP 1 163.4 -0.0689415222
BLYP 1 163.55 -0.0689133851
BLYP 1 163.7 -0.0688852628
BLYP 1 163.85 -0.0688571554
BLYP 1 164 -0.0688290627
BLYP 1 164.15 -0.0688009848
BLYP 1 164.3 -0.0687729215
BLYP 1 164.45 -0.068744873
BLYP 1 164.6 -0.0687168391
BLYP 1 164.75 -0.0686888199
BLYP 1 164.9 -0.0686608152
BLYP 1 165.05 -0.068632825
BLYP 1 165.2 -0.0686048494
BLYP 1 165.35 -0.0685768883
BLYP 1 165.5 -0.0685489416
BLYP 1 165.65 -0.0685210094
BLYP 1 165.8 -0.0684930915
BLYP 1 165.95 -0.068465188
BLYP 1 166.1 -0.0684372989
BLYP 1 166.25 -0.068409424
BLYP 1 166.4 -0.0683815634
BLYP 1 166.55 -0.068353717
BLYP 1 166.7 -0.0683258848
BLYP 1 166.85 -0.0682980668
BLYP 1 167 -0.0682702629
BLYP 1 167.15 -0.0682424732
BLYP 1 167.3 -0.0682146975
BLYP 1 167.45 -0.0681869358
BLYP 1 167.6 -0.0681591882
BLYP 1 167.75 -0.0681314546
BLYP 1 167.9 -0.0681037349
BLYP 1 168.05 -0.0680760292
BLYP 1 168.2 -0.0680483373
BLYP 1 168.35 -0.0680206593
BLYP 1 168.5 -0.0679929951
BLYP 1 168.65 -0.0679653448
BLYP 1 168.8 -0.0679377082
BLYP 1 168.95 -0.0679100854
BLYP 1 169.1 -0.0678824762
BLYP 1 169.25 -0.0678548808
BLYP 1 169.4 -0.067827299
BLYP 1 169.55 -0.0677997309
BLYP 1 169.7 -0.0677721763
BLYP 1 169.85 -0.0677446353
BLYP 1 170 -0.0677171079
BLYP 1 170.15 -0.067689594
BLYP 1 170.3 -0.0676620935
BLYP 1 170.45 -0.0676346065
BLYP 1 170.6 -0.067607133
BLYP 1 170.75 -0.0675796729
BLYP 1 170.9 -0.0675522261
BLYP 1 171.05 -0.0675247928
BLYP 1 171.2 -0.0674973741
BLYP 1 171.35 -0.0674699708
BLYP 1 171.5 -0.0674425819
BLYP 1 171.65 -0.0674152067
BLYP 1 171.8 -0.0673878447
BLYP 1 171.95 -0.067360496
BLYP 1 172.1 -0.0673331603
BLYP 1 172.25 -0.0673058377
BLYP 1 172.4 -0.0672785282
BLYP 1 172.55 -0.0672512317
BLYP 1 172.7 -0.0672239483
BLYP 1 172.85 -0.0671966779
BLYP 1 173 -0.0671694204
BLYP 1 173.15 -0.0671421758
BLYP 1 173.3 -0.0671149441
BLYP 1 173.45 -0.0670877253
BLYP 1 173.6 -0.0670605194
BLYP 1 173.75 -0.0670333263
BLYP 1 173.9 -0.067006146
BLYP 1 174.05 -0.0669789784
BLYP 1 174.2 -0.0669518236
BLYP 1 174.35 -0.0669246814
BLYP 1 174.5 -0.066897552
BLYP 1 174.65 -0.0668704352
BLYP 1 174.8 -0.0668433311
BLYP 1 174.95 -0.0668162395
BLYP 1 175.1 -0.0667891605
BLYP 1 175.25 -0.0667620941
BLYP 1 175.4 -0.0667350402
BLYP 1 175.55 -0.0667079988
BLYP 1 175.7 -0.0666809698
BLYP 1 175.85 -0.0666539533
BLYP 1 176 -0.0666269492
BLYP 1 176.15 -0.0665999575
BLYP 1 176.3 -0.0665729782
BLYP 1 176.45 -0.0665460111
BLYP 1 176.6 -0.0665190564
BLYP 1 176.75 -0.066492114
BLYP 1 176.9 -0.0664651839
BLYP 1 177.05 -0.0664382659
BLYP 1 177.2 -0.0664113602
BLYP 1 177.35 -0.0663844667
BLYP 1 177.5 -0.0663575853
BLYP 1 177.65 -0.066330716
BLYP 1 177.8 -0.0663038589
BLYP 1 177.95 -0.0662770138
BLYP 1 178.1 -0.0662501807
BLYP 1 178.25 -0.0662233598
BLYP 1 178.4 -0.0661965508
BLYP 1 178.55 -0.0661697537
BLYP 1 178.7 -0.0661429687
BLYP 1 178.85 -0.0661161955
BLYP 1 179 -0.0660894343
BLYP 1 179.15 -0.0660626849
BLYP 1 179.3 -0.0660359474
BLYP 1 179.45 -0.0660092218
BLYP 1 179.6 -0.0659825079
BLYP 1 179.75 -0.0659558058
BLYP 1 179.9 -0.0659291155
BLYP 1 180.05 -0.0659024369
BLYP 1 180.2 -0.06587577
BLYP 1 180.35 -0.0658491148
BLYP 1 180.5 -0.0658224712
BLYP 1 180.65 -0.0657958393
BLYP 1 180.8 -0.065769219
BLYP 1 180.95 -0.0657426102
BLYP 1 181.1 -0.0657160131
BLYP 1 181.25 -0.0656894274
BLYP 1 181.4 -0.0656628533
BLYP 1 181.55 -0.0656362907
BLYP 1 181.7 -0.0656097396
BLYP 1 181.85 -0.0655831999
BLYP 1 182 -0.0655566716
BLYP 1 182.15 -0.0655301547
BLYP 1 182.3 -0.0655036492
BLYP 1 182.45 -0.065477155
BLYP 1 182.6 -0.0654506722
BLYP 1 182.75 -0.0654242007
BLYP 1 182.9 -0.0653977404
BLYP 1 183.05 -0.0653712914
BLYP 1 183.2 -0.0653448537
BLYP 1 183.35 -0.0653184271
BLYP 1 183.5 -0.0652920118
BLYP 1 183.65 -0.0652656076
BLYP 1 183.8 -0.0652392146
BLYP 1 183.95 -0.0652128327
BLYP 1 184.1 -0.0651864618
BLYP 1 184.25 -0.0651601021
BLYP 1 184.4 -0.0651337534
BLYP 1 184.55 -0.0651074158
BLYP 1 184.7 -0.0650810891
BLYP 1 184.85 -0.0650547735
BLYP 1 185 -0.0650284688
BLYP 1 185.15 -0.065002175
BLYP 1 185.3 -0.0649758922
BLYP 1 185.45 -0.0649496203
BLYP 1 185.6 -0.0649233592
BLYP 1 185.75 -0.0648971091
BLYP 1 185.9 -0.0648708697
BLYP 1 186.05 -0.0648446412
BLYP 1 186.2 -0.0648184234
BLYP 1 186.35 -0.0647922164
BLYP 1 186.5 -0.0647660202
BLYP 1 186.65 -0.0647398347
BLYP 1 186.8 -0.0647136599
BLYP 1 186.95 -0.0646874957
BLYP 1 187.1 -0.0646613423
BLYP 1 187.25 -0.0646351995
BLYP 1 187.4 -0.0646090673
BLYP 1 187.55 -0.0645829456
BLYP 1 187.7 -0.0645568346
BLYP 1 187.85 -0.0645307341
BLYP 1 188 -0.0645046442
BLYP 1 188.15 -0.0644785648
BLYP 1 188.3 -0.0644524958
BLYP 1 188.45 -0.0644264374
BLYP 1 188.6 -0.0644003894
BLYP 1 188.75 -0.0643743518
BLYP 1 188.9 -0.0643483246
BLYP 1 189.05 -0.0643223079
BLYP 1 189.2 -0.0642963015
BLYP 1 189.35 -0.0642703054
BLYP 1 189.5 -0.0642443197
BLYP 1 189.65 -0.0642183442
BLYP 1 189.8 -0.0641923791
BLYP 1 189.95 -0.0641664242
BLYP 1 190.1 -0.0641404796
BLYP 1 190.25 -0.0641145452
BLYP 1 190.4 -0.064088621
BLYP 1 190.55 -0.064062707
BLYP 1 190.7 -0.0640368032
BLYP 1 190.85 -0.0640109095
BLYP 1 191 -0.0639850259
BLYP 1 191.15 -0.0639591525
BLYP 1 191.3 -0.0639332891
BLYP 1 191.45 -0.0639074358
BLYP 1 191.6 -0.0638815925
BLYP 1 191.75 -0.0638557593
BLYP 1 191.9 -0.0638299361
BLYP 1 192.05 -0.0638041229
BLYP 1 192.2 -0.0637783196
BLYP 1 192.35 -0.0637525263
BLYP 1 192.5 -0.0637267429
BLYP 1 192.65 -0.0637009694
BLYP 1 192.8 -0.0636752059
BLYP 1 192.95 -0.0636494522
BLYP 1 193.1 -0.0636237083
BLYP 1 193.25 -0.0635979743
BLYP 1 193.4 -0.0635722501
BLYP 1 193.55 -0.0635465357
BLYP 1 193.7 -0.0635208311
BLYP 1 193.85 -0.0634951362
BLYP 1 194 -0.0634694511
BLYP 1 194.15 -0.0634437757
BLYP 1 194.3 -0.06341811
BLYP 1 194.45 -0.063392454
BLYP 1 194.6 -0.0633668076
BLYP 1 194.75 -0.0633411709
BLYP 1 194.9 -0.0633155438
BLYP 1 195.05 -0.0632899264
BLYP 1 195.2 -0.0632643185
BLYP 1 195.35 -0.0632387202
BLYP 1 195.5 -0.0632131314
BLYP 1 195.65 -0.0631875522
BLYP 1 195.8 -0.0631619825
BLYP 1 195.95 -0.0631364223
BLYP 1 196.1 -0.0631108716
BLYP 1 196.25 -0.0630853303
BLYP 1 196.4 -0.0630597985
BLYP 1 196.55 -0.0630342761
BLYP 1 196.7 -0.0630087631
BLYP 1 196.85 -0.0629832596
BLYP 1 197 -0.0629577653
BLYP 1 197.15 -0.0629322805
BLYP 1 197.3 -0.062906805
BLYP 1 197.45 -0.0628813388
BLYP 1 197.6 -0.0628558819
BLYP 1 197.75 -0.0628304342
BLYP 1 197.9 -0.0628049959
BLYP 1 198.05 -0.0627795668
BLYP 1 198.2 -0.0627541469
BLYP 1 198.35 -0.0627287363
BLYP 1 198.5 -0.0627033348
BLYP 1 198.65 -0.0626779425
BLYP 1 198.8 -0.0626525594
BLYP 1 198.95 -0.0626271854
BLYP 1 199.1 -0.0626018206
BLYP 1 199.25 -0.0625764648
BLYP 1 199.4 -0.0625511182
BLYP 1 199.55 -0.0625257806
BLYP 1 199.7 -0.0625004521
BLYP 1 199.85 -0.0624751326
BLYP 1 200 -0.0624498222
