Functional Exponent Coefficient Energy
BLYP 200 -175 -0.999511656
BLYP 200 -174.7 -0.9961701144
BLYP 200 -174.4 -0.9928541913
BLYP 200 -174.1 -0.9895636775
BLYP 200 -173.8 -0.9862983653
BLYP 200 -173.5 -0.9830580485
BLYP 200 -173.2 -0.9798425221
BLYP 200 -172.9 -0.976651583
BLYP 200 -172.6 -0.9734850289
BLYP 200 -172.3 -0.9703426596
BLYP 200 -172 -0.9672242757
BLYP 200 -171.7 -0.9641296798
BLYP 200 -171.4 -0.9610586754
BLYP 200 -171.1 -0.9580110677
BLYP 200 -170.8 -0.9549866634
BLYP 200 -170.5 -0.9519852703
BLYP 200 -170.2 -0.9490066979
BLYP 200 -169.9 -0.9460507568
BLYP 200 -169.6 -0.9431172593
BLYP 200 -169.3 -0.9402060189
BLYP 200 -169 -0.9373168505
BLYP 200 -168.7 -0.9344495704
BLYP 200 -168.4 -0.9316039963
BLYP 200 -168.1 -0.9287799473
BLYP 200 -167.8 -0.9259772438
BLYP 200 -167.5 -0.9231957074
BLYP 200 -167.2 -0.9204351615
BLYP 200 -166.9 -0.9176954303
BLYP 200 -166.6 -0.9149763398
BLYP 200 -166.3 -0.9122777171
BLYP 200 -166 -0.9095993907
BLYP 200 -165.7 -0.9069411904
BLYP 200 -165.4 -0.9043029472
BLYP 200 -165.1 -0.9016844937
BLYP 200 -164.8 -0.8990856636
BLYP 200 -164.5 -0.8965062919
BLYP 200 -164.2 -0.893946215
BLYP 200 -163.9 -0.8914052705
BLYP 200 -163.6 -0.8888832973
BLYP 200 -163.3 -0.8863801357
BLYP 200 -163 -0.883895627
BLYP 200 -162.7 -0.8814296141
BLYP 200 -162.4 -0.8789819408
BLYP 200 -162.1 -0.8765524525
BLYP 200 -161.8 -0.8741409956
BLYP 200 -161.5 -0.8717474179
BLYP 200 -161.2 -0.8693715682
BLYP 200 -160.9 -0.8670132968
BLYP 200 -160.6 -0.8646724551
BLYP 200 -160.3 -0.8623488956
BLYP 200 -160 -0.8600424722
BLYP 200 -159.7 -0.8577530399
BLYP 200 -159.4 -0.8554804549
BLYP 200 -159.1 -0.8532245745
BLYP 200 -158.8 -0.8509852574
BLYP 200 -158.5 -0.8487623632
BLYP 200 -158.2 -0.8465557528
BLYP 200 -157.9 -0.8443652883
BLYP 200 -157.6 -0.8421908329
BLYP 200 -157.3 -0.840032251
BLYP 200 -157 -0.8378894079
BLYP 200 -156.7 -0.8357621703
BLYP 200 -156.4 -0.8336504059
BLYP 200 -156.1 -0.8315539836
BLYP 200 -155.8 -0.8294727733
BLYP 200 -155.5 -0.827406646
BLYP 200 -155.2 -0.8253554738
BLYP 200 -154.9 -0.82331913
BLYP 200 -154.6 -0.8212974889
BLYP 200 -154.3 -0.8192904258
BLYP 200 -154 -0.8172978172
BLYP 200 -153.7 -0.8153195405
BLYP 200 -153.4 -0.8133554742
BLYP 200 -153.1 -0.811405498
BLYP 200 -152.8 -0.8094694925
BLYP 200 -152.5 -0.8075473392
BLYP 200 -152.2 -0.8056389208
BLYP 200 -151.9 -0.8037441211
BLYP 200 -151.6 -0.8018628246
BLYP 200 -151.3 -0.799994917
BLYP 200 -151 -0.7981402851
BLYP 200 -150.7 -0.7962988164
BLYP 200 -150.4 -0.7944703995
BLYP 200 -150.1 -0.7926549241
BLYP 200 -149.8 -0.7908522807
BLYP 200 -149.5 -0.7890623608
BLYP 200 -149.2 -0.7872850569
BLYP 200 -148.9 -0.7855202624
BLYP 200 -148.6 -0.7837678716
BLYP 200 -148.3 -0.7820277797
BLYP 200 -148 -0.780299883
BLYP 200 -147.7 -0.7785840785
BLYP 200 -147.4 -0.7768802643
BLYP 200 -147.1 -0.7751883392
BLYP 200 -146.8 -0.773508203
BLYP 200 -146.5 -0.7718397565
BLYP 200 -146.2 -0.770182901
BLYP 200 -145.9 -0.7685375392
BLYP 200 -145.6 -0.7669035742
BLYP 200 -145.3 -0.7652809103
BLYP 200 -145 -0.7636694524
BLYP 200 -144.7 -0.7620691063
BLYP 200 -144.4 -0.7604797788
BLYP 200 -144.1 -0.7589013773
BLYP 200 -143.8 -0.7573338102
BLYP 200 -143.5 -0.7557769867
BLYP 200 -143.2 -0.7542308166
BLYP 200 -142.9 -0.7526952109
BLYP 200 -142.6 -0.7511700809
BLYP 200 -142.3 -0.7496553392
BLYP 200 -142 -0.7481508988
BLYP 200 -141.7 -0.7466566736
BLYP 200 -141.4 -0.7451725784
BLYP 200 -141.1 -0.7436985285
BLYP 200 -140.8 -0.7422344403
BLYP 200 -140.5 -0.7407802306
BLYP 200 -140.2 -0.7393358173
BLYP 200 -139.9 -0.7379011186
BLYP 200 -139.6 -0.7364760539
BLYP 200 -139.3 -0.735060543
BLYP 200 -139 -0.7336545066
BLYP 200 -138.7 -0.7322578659
BLYP 200 -138.4 -0.7308705432
BLYP 200 -138.1 -0.7294924611
BLYP 200 -137.8 -0.728123543
BLYP 200 -137.5 -0.7267637132
BLYP 200 -137.2 -0.7254128965
BLYP 200 -136.9 -0.7240710183
BLYP 200 -136.6 -0.7227380048
BLYP 200 -136.3 -0.721413783
BLYP 200 -136 -0.7200982803
BLYP 200 -135.7 -0.7187914249
BLYP 200 -135.4 -0.7174931455
BLYP 200 -135.1 -0.7162033717
BLYP 200 -134.8 -0.7149220336
BLYP 200 -134.5 -0.7136490619
BLYP 200 -134.2 -0.7123843879
BLYP 200 -133.9 -0.7111279436
BLYP 200 -133.6 -0.7098796616
BLYP 200 -133.3 -0.7086394752
BLYP 200 -133 -0.707407318
BLYP 200 -132.7 -0.7061831247
BLYP 200 -132.4 -0.7049668301
BLYP 200 -132.1 -0.7037583698
BLYP 200 -131.8 -0.70255768
BLYP 200 -131.5 -0.7013646975
BLYP 200 -131.2 -0.7001793596
BLYP 200 -130.9 -0.6990016042
BLYP 200 -130.6 -0.6978313697
BLYP 200 -130.3 -0.6966685953
BLYP 200 -130 -0.6955132203
BLYP 200 -129.7 -0.694365185
BLYP 200 -129.4 -0.6932244301
BLYP 200 -129.1 -0.6920908966
BLYP 200 -128.8 -0.6909645264
BLYP 200 -128.5 -0.6898452617
BLYP 200 -128.2 -0.6887330453
BLYP 200 -127.9 -0.6876278204
BLYP 200 -127.6 -0.686529531
BLYP 200 -127.3 -0.6854381212
BLYP 200 -127 -0.684353536
BLYP 200 -126.7 -0.6832757207
BLYP 200 -126.4 -0.682204621
BLYP 200 -126.1 -0.6811401833
BLYP 200 -125.8 -0.6800823544
BLYP 200 -125.5 -0.6790310816
BLYP 200 -125.2 -0.6779863126
BLYP 200 -124.9 -0.6769479957
BLYP 200 -124.6 -0.6759160794
BLYP 200 -124.3 -0.6748905131
BLYP 200 -124 -0.6738712463
BLYP 200 -123.7 -0.672858229
BLYP 200 -123.4 -0.6718514119
BLYP 200 -123.1 -0.6708507458
BLYP 200 -122.8 -0.6698561822
BLYP 200 -122.5 -0.6688676729
BLYP 200 -122.2 -0.6678851703
BLYP 200 -121.9 -0.6669086269
BLYP 200 -121.6 -0.6659379961
BLYP 200 -121.3 -0.6649732312
BLYP 200 -121 -0.6640142863
BLYP 200 -120.7 -0.6630611159
BLYP 200 -120.4 -0.6621136746
BLYP 200 -120.1 -0.6611719178
BLYP 200 -119.8 -0.6602358009
BLYP 200 -119.5 -0.6593052801
BLYP 200 -119.2 -0.6583803117
BLYP 200 -118.9 -0.6574608526
BLYP 200 -118.6 -0.6565468598
BLYP 200 -118.3 -0.655638291
BLYP 200 -118 -0.6547351042
BLYP 200 -117.7 -0.6538372576
BLYP 200 -117.4 -0.65294471
BLYP 200 -117.1 -0.6520574203
BLYP 200 -116.8 -0.6511753481
BLYP 200 -116.5 -0.6502984532
BLYP 200 -116.2 -0.6494266956
BLYP 200 -115.9 -0.648560036
BLYP 200 -115.6 -0.6476984351
BLYP 200 -115.3 -0.6468418542
BLYP 200 -115 -0.6459902548
BLYP 200 -114.7 -0.6451435989
BLYP 200 -114.4 -0.6443018486
BLYP 200 -114.1 -0.6434649666
BLYP 200 -113.8 -0.6426329157
BLYP 200 -113.5 -0.6418056592
BLYP 200 -113.2 -0.6409831607
BLYP 200 -112.9 -0.640165384
BLYP 200 -112.6 -0.6393522933
BLYP 200 -112.3 -0.6385438532
BLYP 200 -112 -0.6377400285
BLYP 200 -111.7 -0.6369407843
BLYP 200 -111.4 -0.6361460861
BLYP 200 -111.1 -0.6353558997
BLYP 200 -110.8 -0.6345701911
BLYP 200 -110.5 -0.6337889267
BLYP 200 -110.2 -0.6330120732
BLYP 200 -109.9 -0.6322395975
BLYP 200 -109.6 -0.6314714668
BLYP 200 -109.3 -0.6307076486
BLYP 200 -109 -0.6299481109
BLYP 200 -108.7 -0.6291928216
BLYP 200 -108.4 -0.6284417493
BLYP 200 -108.1 -0.6276948624
BLYP 200 -107.8 -0.6269521301
BLYP 200 -107.5 -0.6262135213
BLYP 200 -107.2 -0.6254790058
BLYP 200 -106.9 -0.6247485531
BLYP 200 -106.6 -0.6240221333
BLYP 200 -106.3 -0.6232997166
BLYP 200 -106 -0.6225812736
BLYP 200 -105.7 -0.6218667751
BLYP 200 -105.4 -0.621156192
BLYP 200 -105.1 -0.6204494957
BLYP 200 -104.8 -0.6197466578
BLYP 200 -104.5 -0.6190476499
BLYP 200 -104.2 -0.6183524442
BLYP 200 -103.9 -0.6176610129
BLYP 200 -103.6 -0.6169733285
BLYP 200 -103.3 -0.6162893638
BLYP 200 -103 -0.6156090918
BLYP 200 -102.7 -0.6149324856
BLYP 200 -102.4 -0.6142595187
BLYP 200 -102.1 -0.6135901648
BLYP 200 -101.8 -0.6129243979
BLYP 200 -101.5 -0.612262192
BLYP 200 -101.2 -0.6116035215
BLYP 200 -100.9 -0.6109483609
BLYP 200 -100.6 -0.6102966851
BLYP 200 -100.3 -0.6096484691
BLYP 200 -100 -0.6090036881
BLYP 200 -99.7 -0.6083623175
BLYP 200 -99.4 -0.6077243329
BLYP 200 -99.1 -0.6070897103
BLYP 200 -98.8 -0.6064584257
BLYP 200 -98.5 -0.6058304553
BLYP 200 -98.2 -0.6052057756
BLYP 200 -97.9 -0.6045843633
BLYP 200 -97.6 -0.6039661952
BLYP 200 -97.3 -0.6033512484
BLYP 200 -97 -0.6027395002
BLYP 200 -96.7 -0.6021309279
BLYP 200 -96.4 -0.6015255093
BLYP 200 -96.1 -0.6009232222
BLYP 200 -95.8 -0.6003240445
BLYP 200 -95.5 -0.5997279546
BLYP 200 -95.2 -0.5991349307
BLYP 200 -94.9 -0.5985449514
BLYP 200 -94.6 -0.5979579955
BLYP 200 -94.3 -0.5973740419
BLYP 200 -94 -0.5967930697
BLYP 200 -93.7 -0.5962150582
BLYP 200 -93.4 -0.5956399869
BLYP 200 -93.1 -0.5950678353
BLYP 200 -92.8 -0.5944985833
BLYP 200 -92.5 -0.5939322108
BLYP 200 -92.2 -0.593368698
BLYP 200 -91.9 -0.5928080251
BLYP 200 -91.6 -0.5922501726
BLYP 200 -91.3 -0.5916951212
BLYP 200 -91 -0.5911428515
BLYP 200 -90.7 -0.5905933447
BLYP 200 -90.4 -0.5900465817
BLYP 200 -90.1 -0.5895025438
BLYP 200 -89.8 -0.5889612125
BLYP 200 -89.5 -0.5884225693
BLYP 200 -89.2 -0.587886596
BLYP 200 -88.9 -0.5873532743
BLYP 200 -88.6 -0.5868225863
BLYP 200 -88.3 -0.5862945143
BLYP 200 -88 -0.5857690404
BLYP 200 -87.7 -0.5852461472
BLYP 200 -87.4 -0.5847258173
BLYP 200 -87.1 -0.5842080334
BLYP 200 -86.8 -0.5836927784
BLYP 200 -86.5 -0.5831800354
BLYP 200 -86.2 -0.5826697874
BLYP 200 -85.9 -0.5821620179
BLYP 200 -85.6 -0.5816567102
BLYP 200 -85.3 -0.5811538479
BLYP 200 -85 -0.5806534147
BLYP 200 -84.7 -0.5801553946
BLYP 200 -84.4 -0.5796597713
BLYP 200 -84.1 -0.5791665292
BLYP 200 -83.8 -0.5786756523
BLYP 200 -83.5 -0.578187125
BLYP 200 -83.2 -0.5777009319
BLYP 200 -82.9 -0.5772170575
BLYP 200 -82.6 -0.5767354865
BLYP 200 -82.3 -0.5762562039
BLYP 200 -82 -0.5757791946
BLYP 200 -81.7 -0.5753044438
BLYP 200 -81.4 -0.5748319365
BLYP 200 -81.1 -0.5743616582
BLYP 200 -80.8 -0.5738935943
BLYP 200 -80.5 -0.5734277304
BLYP 200 -80.2 -0.5729640522
BLYP 200 -79.9 -0.5725025455
BLYP 200 -79.6 -0.5720431962
BLYP 200 -79.3 -0.5715859903
BLYP 200 -79 -0.5711309139
BLYP 200 -78.7 -0.5706779534
BLYP 200 -78.4 -0.570227095
BLYP 200 -78.1 -0.5697783253
BLYP 200 -77.8 -0.5693316307
BLYP 200 -77.5 -0.5688869981
BLYP 200 -77.2 -0.5684444141
BLYP 200 -76.9 -0.5680038656
BLYP 200 -76.6 -0.5675653397
BLYP 200 -76.3 -0.5671288235
BLYP 200 -76 -0.566694304
BLYP 200 -75.7 -0.5662617687
BLYP 200 -75.4 -0.5658312049
BLYP 200 -75.1 -0.5654026002
BLYP 200 -74.8 -0.564975942
BLYP 200 -74.5 -0.5645512181
BLYP 200 -74.2 -0.5641284163
BLYP 200 -73.9 -0.5637075245
BLYP 200 -73.6 -0.5632885306
BLYP 200 -73.3 -0.5628714227
BLYP 200 -73 -0.5624561889
BLYP 200 -72.7 -0.5620428176
BLYP 200 -72.4 -0.561631297
BLYP 200 -72.1 -0.5612216156
BLYP 200 -71.8 -0.560813762
BLYP 200 -71.5 -0.5604077246
BLYP 200 -71.2 -0.5600034923
BLYP 200 -70.9 -0.5596010538
BLYP 200 -70.6 -0.5592003979
BLYP 200 -70.3 -0.5588015137
BLYP 200 -70 -0.5584043902
BLYP 200 -69.7 -0.5580090165
BLYP 200 -69.4 -0.5576153818
BLYP 200 -69.1 -0.5572234754
BLYP 200 -68.8 -0.5568332867
BLYP 200 -68.5 -0.5564448052
BLYP 200 -68.2 -0.5560580203
BLYP 200 -67.9 -0.5556729217
BLYP 200 -67.6 -0.5552894991
BLYP 200 -67.3 -0.5549077422
BLYP 200 -67 -0.5545276409
BLYP 200 -66.7 -0.5541491852
BLYP 200 -66.4 -0.553772365
BLYP 200 -66.1 -0.5533971704
BLYP 200 -65.8 -0.5530235916
BLYP 200 -65.5 -0.5526516188
BLYP 200 -65.2 -0.5522812423
BLYP 200 -64.9 -0.5519124524
BLYP 200 -64.6 -0.5515452397
BLYP 200 -64.3 -0.5511795945
BLYP 200 -64 -0.5508155076
BLYP 200 -63.7 -0.5504529696
BLYP 200 -63.4 -0.5500919712
BLYP 200 -63.1 -0.5497325032
BLYP 200 -62.8 -0.5493745564
BLYP 200 -62.5 -0.5490181219
BLYP 200 -62.2 -0.5486631906
BLYP 200 -61.9 -0.5483097535
BLYP 200 -61.6 -0.5479578019
BLYP 200 -61.3 -0.5476073268
BLYP 200 -61 -0.5472583197
BLYP 200 -60.7 -0.5469107717
BLYP 200 -60.4 -0.5465646743
BLYP 200 -60.1 -0.546220019
BLYP 200 -59.8 -0.5458767973
BLYP 200 -59.5 -0.5455350008
BLYP 200 -59.2 -0.545194621
BLYP 200 -58.9 -0.5448556498
BLYP 200 -58.6 -0.5445180788
BLYP 200 -58.3 -0.5441818999
BLYP 200 -58 -0.5438471051
BLYP 200 -57.7 -0.5435136861
BLYP 200 -57.4 -0.5431816351
BLYP 200 -57.1 -0.5428509441
BLYP 200 -56.8 -0.5425216053
BLYP 200 -56.5 -0.5421936107
BLYP 200 -56.2 -0.5418669526
BLYP 200 -55.9 -0.5415416234
BLYP 200 -55.6 -0.5412176154
BLYP 200 -55.3 -0.5408949209
BLYP 200 -55 -0.5405735324
BLYP 200 -54.7 -0.5402534425
BLYP 200 -54.4 -0.5399346437
BLYP 200 -54.1 -0.5396171286
BLYP 200 -53.8 -0.5393008899
BLYP 200 -53.5 -0.5389859204
BLYP 200 -53.2 -0.5386722127
BLYP 200 -52.9 -0.5383597597
BLYP 200 -52.6 -0.5380485543
BLYP 200 -52.3 -0.5377385894
BLYP 200 -52 -0.5374298581
BLYP 200 -51.7 -0.5371223533
BLYP 200 -51.4 -0.5368160681
BLYP 200 -51.1 -0.5365109956
BLYP 200 -50.8 -0.5362071291
BLYP 200 -50.5 -0.5359044617
BLYP 200 -50.2 -0.5356029867
BLYP 200 -49.9 -0.5353026975
BLYP 200 -49.6 -0.5350035873
BLYP 200 -49.3 -0.5347056497
BLYP 200 -49 -0.5344088781
BLYP 200 -48.7 -0.5341132659
BLYP 200 -48.4 -0.5338188068
BLYP 200 -48.1 -0.5335254943
BLYP 200 -47.8 -0.5332333222
BLYP 200 -47.5 -0.5329422839
BLYP 200 -47.2 -0.5326523734
BLYP 200 -46.9 -0.5323635844
BLYP 200 -46.6 -0.5320759106
BLYP 200 -46.3 -0.531789346
BLYP 200 -46 -0.5315038845
BLYP 200 -45.7 -0.5312195199
BLYP 200 -45.4 -0.5309362464
BLYP 200 -45.1 -0.5306540578
BLYP 200 -44.8 -0.5303729484
BLYP 200 -44.5 -0.5300929122
BLYP 200 -44.2 -0.5298139433
BLYP 200 -43.9 -0.529536036
BLYP 200 -43.6 -0.5292591844
BLYP 200 -43.3 -0.5289833829
BLYP 200 -43 -0.5287086258
BLYP 200 -42.7 -0.5284349074
BLYP 200 -42.4 -0.5281622221
BLYP 200 -42.1 -0.5278905644
BLYP 200 -41.8 -0.5276199286
BLYP 200 -41.5 -0.5273503093
BLYP 200 -41.2 -0.5270817011
BLYP 200 -40.9 -0.5268140986
BLYP 200 -40.6 -0.5265474962
BLYP 200 -40.3 -0.5262818888
BLYP 200 -40 -0.5260172709
BLYP 200 -39.7 -0.5257536373
BLYP 200 -39.4 -0.5254909828
BLYP 200 -39.1 -0.5252293021
BLYP 200 -38.8 -0.5249685902
BLYP 200 -38.5 -0.5247088418
BLYP 200 -38.2 -0.5244500518
BLYP 200 -37.9 -0.5241922152
BLYP 200 -37.6 -0.523935327
BLYP 200 -37.3 -0.5236793822
BLYP 200 -37 -0.5234243757
BLYP 200 -36.7 -0.5231703027
BLYP 200 -36.4 -0.5229171582
BLYP 200 -36.1 -0.5226649375
BLYP 200 -35.8 -0.5224136356
BLYP 200 -35.5 -0.5221632477
BLYP 200 -35.2 -0.5219137692
BLYP 200 -34.9 -0.5216651952
BLYP 200 -34.6 -0.521417521
BLYP 200 -34.3 -0.521170742
BLYP 200 -34 -0.5209248536
BLYP 200 -33.7 -0.520679851
BLYP 200 -33.4 -0.5204357298
BLYP 200 -33.1 -0.5201924853
BLYP 200 -32.8 -0.5199501131
BLYP 200 -32.5 -0.5197086087
BLYP 200 -32.2 -0.5194679676
BLYP 200 -31.9 -0.5192281853
BLYP 200 -31.6 -0.5189892574
BLYP 200 -31.3 -0.5187511797
BLYP 200 -31 -0.5185139476
BLYP 200 -30.7 -0.518277557
BLYP 200 -30.4 -0.5180420035
BLYP 200 -30.1 -0.5178072829
BLYP 200 -29.8 -0.5175733908
BLYP 200 -29.5 -0.5173403232
BLYP 200 -29.2 -0.5171080758
BLYP 200 -28.9 -0.5168766445
BLYP 200 -28.6 -0.5166460251
BLYP 200 -28.3 -0.5164162136
BLYP 200 -28 -0.5161872058
BLYP 200 -27.7 -0.5159589978
BLYP 200 -27.4 -0.5157315854
BLYP 200 -27.1 -0.5155049648
BLYP 200 -26.8 -0.5152791319
BLYP 200 -26.5 -0.5150540828
BLYP 200 -26.2 -0.5148298136
BLYP 200 -25.9 -0.5146063204
BLYP 200 -25.6 -0.5143835992
BLYP 200 -25.3 -0.5141616463
BLYP 200 -25 -0.5139404579
BLYP 200 -24.7 -0.5137200301
BLYP 200 -24.4 -0.5135003592
BLYP 200 -24.1 -0.5132814414
BLYP 200 -23.8 -0.513063273
BLYP 200 -23.5 -0.5128458504
BLYP 200 -23.2 -0.5126291697
BLYP 200 -22.9 -0.5124132274
BLYP 200 -22.6 -0.5121980199
BLYP 200 -22.3 -0.5119835435
BLYP 200 -22 -0.5117697946
BLYP 200 -21.7 -0.5115567698
BLYP 200 -21.4 -0.5113444653
BLYP 200 -21.1 -0.5111328779
BLYP 200 -20.8 -0.5109220038
BLYP 200 -20.5 -0.5107118397
BLYP 200 -20.2 -0.5105023821
BLYP 200 -19.9 -0.5102936276
BLYP 200 -19.6 -0.5100855727
BLYP 200 -19.3 -0.5098782142
BLYP 200 -19 -0.5096715485
BLYP 200 -18.7 -0.5094655724
BLYP 200 -18.4 -0.5092602826
BLYP 200 -18.1 -0.5090556757
BLYP 200 -17.8 -0.5088517484
BLYP 200 -17.5 -0.5086484975
BLYP 200 -17.2 -0.5084459198
BLYP 200 -16.9 -0.508244012
BLYP 200 -16.6 -0.5080427709
BLYP 200 -16.3 -0.5078421934
BLYP 200 -16 -0.5076422762
BLYP 200 -15.7 -0.5074430163
BLYP 200 -15.4 -0.5072444104
BLYP 200 -15.1 -0.5070464556
BLYP 200 -14.8 -0.5068491486
BLYP 200 -14.5 -0.5066524865
BLYP 200 -14.2 -0.5064564662
BLYP 200 -13.9 -0.5062610846
BLYP 200 -13.6 -0.5060663388
BLYP 200 -13.3 -0.5058722258
BLYP 200 -13 -0.5056787425
BLYP 200 -12.7 -0.505485886
BLYP 200 -12.4 -0.5052936534
BLYP 200 -12.1 -0.5051020418
BLYP 200 -11.8 -0.5049110482
BLYP 200 -11.5 -0.5047206698
BLYP 200 -11.2 -0.5045309036
BLYP 200 -10.9 -0.5043417469
BLYP 200 -10.6 -0.5041531969
BLYP 200 -10.3 -0.5039652506
BLYP 200 -10 -0.5037779053
BLYP 200 -9.7 -0.5035911582
BLYP 200 -9.4 -0.5034050065
BLYP 200 -9.1 -0.5032194476
BLYP 200 -8.8 -0.5030344785
BLYP 200 -8.5 -0.5028500967
BLYP 200 -8.2 -0.5026662995
BLYP 200 -7.9 -0.5024830841
BLYP 200 -7.6 -0.5023004479
BLYP 200 -7.3 -0.5021183881
BLYP 200 -7 -0.5019369023
BLYP 200 -6.7 -0.5017559878
BLYP 200 -6.4 -0.5015756418
BLYP 200 -6.1 -0.501395862
BLYP 200 -5.8 -0.5012166456
BLYP 200 -5.5 -0.5010379902
BLYP 200 -5.2 -0.5008598932
BLYP 200 -4.9 -0.500682352
BLYP 200 -4.6 -0.5005053641
BLYP 200 -4.3 -0.5003289271
BLYP 200 -4 -0.5001530384
BLYP 200 -3.7 -0.4999776956
BLYP 200 -3.4 -0.4998028962
BLYP 200 -3.1 -0.4996286378
BLYP 200 -2.8 -0.4994549179
BLYP 200 -2.5 -0.4992817342
BLYP 200 -2.2 -0.4991090842
BLYP 200 -1.9 -0.4989369656
BLYP 200 -1.6 -0.4987653759
BLYP 200 -1.3 -0.4985943128
BLYP 200 -1 -0.4984237741
BLYP 200 -0.7 -0.4982537572
BLYP 200 -0.4 -0.49808426
BLYP 200 -0.1 -0.4979152801
BLYP 200 0.2 -0.4977468152
BLYP 200 0.5 -0.4975788631
BLYP 200 0.8 -0.4974114214
BLYP 200 1.1 -0.497244488
BLYP 200 1.4 -0.4970780606
BLYP 200 1.7 -0.4969121369
BLYP 200 2 -0.4967467148
BLYP 200 2.3 -0.4965817921
BLYP 200 2.6 -0.4964173665
BLYP 200 2.9 -0.4962534359
BLYP 200 3.2 -0.4960899982
BLYP 200 3.5 -0.4959270511
BLYP 200 3.8 -0.4957645926
BLYP 200 4.1 -0.4956026205
BLYP 200 4.4 -0.4954411327
BLYP 200 4.7 -0.4952801271
BLYP 200 5 -0.4951196016
BLYP 200 5.3 -0.4949595542
BLYP 200 5.6 -0.4947999827
BLYP 200 5.9 -0.4946408851
BLYP 200 6.2 -0.4944822594
BLYP 200 6.5 -0.4943241036
BLYP 200 6.8 -0.4941664155
BLYP 200 7.1 -0.4940091933
BLYP 200 7.4 -0.4938524349
BLYP 200 7.7 -0.4936961383
BLYP 200 8 -0.4935403016
BLYP 200 8.3 -0.4933849228
BLYP 200 8.6 -0.4932299999
BLYP 200 8.9 -0.493075531
BLYP 200 9.2 -0.4929215142
BLYP 200 9.5 -0.4927679475
BLYP 200 9.8 -0.492614829
BLYP 200 10.1 -0.4924621569
BLYP 200 10.4 -0.4923099293
BLYP 200 10.7 -0.4921581442
BLYP 200 11 -0.4920067998
BLYP 200 11.3 -0.4918558943
BLYP 200 11.6 -0.4917054258
BLYP 200 11.9 -0.4915553925
BLYP 200 12.2 -0.4914057925
BLYP 200 12.5 -0.491256624
BLYP 200 12.8 -0.4911078853
BLYP 200 13.1 -0.4909595744
BLYP 200 13.4 -0.4908116898
BLYP 200 13.7 -0.4906642294
BLYP 200 14 -0.4905171917
BLYP 200 14.3 -0.4903705748
BLYP 200 14.6 -0.490224377
BLYP 200 14.9 -0.4900785966
BLYP 200 15.2 -0.4899332318
BLYP 200 15.5 -0.4897882809
BLYP 200 15.8 -0.4896437422
BLYP 200 16.1 -0.489499614
BLYP 200 16.4 -0.4893558946
BLYP 200 16.7 -0.4892125824
BLYP 200 17 -0.4890696756
BLYP 200 17.3 -0.4889271726
BLYP 200 17.6 -0.4887850717
BLYP 200 17.9 -0.4886433713
BLYP 200 18.2 -0.4885020698
BLYP 200 18.5 -0.4883611655
BLYP 200 18.8 -0.4882206568
BLYP 200 19.1 -0.4880805422
BLYP 200 19.4 -0.4879408199
BLYP 200 19.7 -0.4878014884
BLYP 200 20 -0.4876625461
BLYP 200 20.3 -0.4875239915
BLYP 200 20.6 -0.487385823
BLYP 200 20.9 -0.487248039
BLYP 200 21.2 -0.487110638
BLYP 200 21.5 -0.4869736183
BLYP 200 21.8 -0.4868369786
BLYP 200 22.1 -0.4867007173
BLYP 200 22.4 -0.4865648328
BLYP 200 22.7 -0.4864293236
BLYP 200 23 -0.4862941882
BLYP 200 23.3 -0.4861594252
BLYP 200 23.6 -0.4860250331
BLYP 200 23.9 -0.4858910103
BLYP 200 24.2 -0.4857573554
BLYP 200 24.5 -0.485624067
BLYP 200 24.8 -0.4854911435
BLYP 200 25.1 -0.4853585836
BLYP 200 25.4 -0.4852263858
BLYP 200 25.7 -0.4850945486
BLYP 200 26 -0.4849630707
BLYP 200 26.3 -0.4848319506
BLYP 200 26.6 -0.4847011868
BLYP 200 26.9 -0.4845707781
BLYP 200 27.2 -0.484440723
BLYP 200 27.5 -0.4843110201
BLYP 200 27.8 -0.484181668
BLYP 200 28.1 -0.4840526654
BLYP 200 28.4 -0.4839240108
BLYP 200 28.7 -0.483795703
BLYP 200 29 -0.4836677405
BLYP 200 29.3 -0.4835401221
BLYP 200 29.6 -0.4834128463
BLYP 200 29.9 -0.4832859118
BLYP 200 30.2 -0.4831593174
BLYP 200 30.5 -0.4830330616
BLYP 200 30.8 -0.4829071432
BLYP 200 31.1 -0.4827815608
BLYP 200 31.4 -0.4826563132
BLYP 200 31.7 -0.482531399
BLYP 200 32 -0.4824068169
BLYP 200 32.3 -0.4822825658
BLYP 200 32.6 -0.4821586442
BLYP 200 32.9 -0.4820350509
BLYP 200 33.2 -0.4819117847
BLYP 200 33.5 -0.4817888443
BLYP 200 33.8 -0.4816662283
BLYP 200 34.1 -0.4815439357
BLYP 200 34.4 -0.481421965
BLYP 200 34.7 -0.4813003152
BLYP 200 35 -0.4811789849
BLYP 200 35.3 -0.4810579729
BLYP 200 35.6 -0.4809372779
BLYP 200 35.9 -0.4808168989
BLYP 200 36.2 -0.4806968345
BLYP 200 36.5 -0.4805770836
BLYP 200 36.8 -0.4804576449
BLYP 200 37.1 -0.4803385173
BLYP 200 37.4 -0.4802196996
BLYP 200 37.7 -0.4801011905
BLYP 200 38 -0.4799829889
BLYP 200 38.3 -0.4798650936
BLYP 200 38.6 -0.4797475035
BLYP 200 38.9 -0.4796302173
BLYP 200 39.2 -0.479513234
BLYP 200 39.5 -0.4793965523
BLYP 200 39.8 -0.4792801711
BLYP 200 40.1 -0.4791640893
BLYP 200 40.4 -0.4790483057
BLYP 200 40.7 -0.4789328193
BLYP 200 41 -0.4788176287
BLYP 200 41.3 -0.4787027331
BLYP 200 41.6 -0.4785881311
BLYP 200 41.9 -0.4784738217
BLYP 200 42.2 -0.4783598039
BLYP 200 42.5 -0.4782460764
BLYP 200 42.8 -0.4781326382
BLYP 200 43.1 -0.4780194882
BLYP 200 43.4 -0.4779066253
BLYP 200 43.7 -0.4777940484
BLYP 200 44 -0.4776817565
BLYP 200 44.3 -0.4775697484
BLYP 200 44.6 -0.4774580231
BLYP 200 44.9 -0.4773465796
BLYP 200 45.2 -0.4772354167
BLYP 200 45.5 -0.4771245334
BLYP 200 45.8 -0.4770139287
BLYP 200 46.1 -0.4769036015
BLYP 200 46.4 -0.4767935507
BLYP 200 46.7 -0.4766837754
BLYP 200 47 -0.4765742745
BLYP 200 47.3 -0.476465047
BLYP 200 47.6 -0.4763560918
BLYP 200 47.9 -0.476247408
BLYP 200 48.2 -0.4761389944
BLYP 200 48.5 -0.4760308502
BLYP 200 48.8 -0.4759229743
BLYP 200 49.1 -0.4758153657
BLYP 200 49.4 -0.4757080234
BLYP 200 49.7 -0.4756009465
BLYP 200 50 -0.4754941338
BLYP 200 50.3 -0.4753875845
BLYP 200 50.6 -0.4752812977
BLYP 200 50.9 -0.4751752722
BLYP 200 51.2 -0.4750695071
BLYP 200 51.5 -0.4749640015
BLYP 200 51.8 -0.4748587545
BLYP 200 52.1 -0.474753765
BLYP 200 52.4 -0.4746490321
BLYP 200 52.7 -0.4745445549
BLYP 200 53 -0.4744403324
BLYP 200 53.3 -0.4743363637
BLYP 200 53.6 -0.4742326478
BLYP 200 53.9 -0.4741291839
BLYP 200 54.2 -0.474025971
BLYP 200 54.5 -0.4739230081
BLYP 200 54.8 -0.4738202944
BLYP 200 55.1 -0.473717829
BLYP 200 55.4 -0.4736156109
BLYP 200 55.7 -0.4735136393
BLYP 200 56 -0.4734119132
BLYP 200 56.3 -0.4733104318
BLYP 200 56.6 -0.4732091941
BLYP 200 56.9 -0.4731081993
BLYP 200 57.2 -0.4730074465
BLYP 200 57.5 -0.4729069349
BLYP 200 57.8 -0.4728066634
BLYP 200 58.1 -0.4727066313
BLYP 200 58.4 -0.4726068378
BLYP 200 58.7 -0.4725072818
BLYP 200 59 -0.4724079627
BLYP 200 59.3 -0.4723088795
BLYP 200 59.6 -0.4722100313
BLYP 200 59.9 -0.4721114174
BLYP 200 60.2 -0.4720130369
BLYP 200 60.5 -0.4719148889
BLYP 200 60.8 -0.4718169727
BLYP 200 61.1 -0.4717192873
BLYP 200 61.4 -0.471621832
BLYP 200 61.7 -0.4715246059
BLYP 200 62 -0.4714276083
BLYP 200 62.3 -0.4713308382
BLYP 200 62.6 -0.4712342949
BLYP 200 62.9 -0.4711379777
BLYP 200 63.2 -0.4710418855
BLYP 200 63.5 -0.4709460178
BLYP 200 63.8 -0.4708503736
BLYP 200 64.1 -0.4707549523
BLYP 200 64.4 -0.4706597529
BLYP 200 64.7 -0.4705647747
BLYP 200 65 -0.4704700169
BLYP 200 65.3 -0.4703754788
BLYP 200 65.6 -0.4702811596
BLYP 200 65.9 -0.4701870584
BLYP 200 66.2 -0.4700931746
BLYP 200 66.5 -0.4699995073
BLYP 200 66.8 -0.4699060559
BLYP 200 67.1 -0.4698128195
BLYP 200 67.4 -0.4697197974
BLYP 200 67.7 -0.4696269888
BLYP 200 68 -0.469534393
BLYP 200 68.3 -0.4694420093
BLYP 200 68.6 -0.4693498368
BLYP 200 68.9 -0.469257875
BLYP 200 69.2 -0.4691661229
BLYP 200 69.5 -0.46907458
BLYP 200 69.8 -0.4689832454
BLYP 200 70.1 -0.4688921185
BLYP 200 70.4 -0.4688011986
BLYP 200 70.7 -0.4687104848
BLYP 200 71 -0.4686199765
BLYP 200 71.3 -0.4685296731
BLYP 200 71.6 -0.4684395737
BLYP 200 71.9 -0.4683496776
BLYP 200 72.2 -0.4682599843
BLYP 200 72.5 -0.4681704929
BLYP 200 72.8 -0.4680812028
BLYP 200 73.1 -0.4679921133
BLYP 200 73.4 -0.4679032236
BLYP 200 73.7 -0.4678145332
BLYP 200 74 -0.4677260413
BLYP 200 74.3 -0.4676377473
BLYP 200 74.6 -0.4675496504
BLYP 200 74.9 -0.46746175
BLYP 200 75.2 -0.4673740455
BLYP 200 75.5 -0.4672865361
BLYP 200 75.8 -0.4671992212
BLYP 200 76.1 -0.4671121001
BLYP 200 76.4 -0.4670251722
BLYP 200 76.7 -0.4669384368
BLYP 200 77 -0.4668518933
BLYP 200 77.3 -0.466765541
BLYP 200 77.6 -0.4666793792
BLYP 200 77.9 -0.4665934074
BLYP 200 78.2 -0.4665076248
BLYP 200 78.5 -0.4664220309
BLYP 200 78.8 -0.466336625
BLYP 200 79.1 -0.4662514065
BLYP 200 79.4 -0.4661663747
BLYP 200 79.7 -0.466081529
BLYP 200 80 -0.4659968688
BLYP 200 80.3 -0.4659123934
BLYP 200 80.6 -0.4658281023
BLYP 200 80.9 -0.4657439949
BLYP 200 81.2 -0.4656600704
BLYP 200 81.5 -0.4655763284
BLYP 200 81.8 -0.4654927681
BLYP 200 82.1 -0.465409389
BLYP 200 82.4 -0.4653261906
BLYP 200 82.7 -0.4652431721
BLYP 200 83 -0.4651603329
BLYP 200 83.3 -0.4650776726
BLYP 200 83.6 -0.4649951905
BLYP 200 83.9 -0.464912886
BLYP 200 84.2 -0.4648307585
BLYP 200 84.5 -0.4647488074
BLYP 200 84.8 -0.4646670322
BLYP 200 85.1 -0.4645854323
BLYP 200 85.4 -0.4645040071
BLYP 200 85.7 -0.464422756
BLYP 200 86 -0.4643416784
BLYP 200 86.3 -0.4642607738
BLYP 200 86.6 -0.4641800416
BLYP 200 86.9 -0.4640994813
BLYP 200 87.2 -0.4640190923
BLYP 200 87.5 -0.4639388739
BLYP 200 87.8 -0.4638588258
BLYP 200 88.1 -0.4637789472
BLYP 200 88.4 -0.4636992377
BLYP 200 88.7 -0.4636196967
BLYP 200 89 -0.4635403237
BLYP 200 89.3 -0.463461118
BLYP 200 89.6 -0.4633820793
BLYP 200 89.9 -0.4633032068
BLYP 200 90.2 -0.4632245002
BLYP 200 90.5 -0.4631459588
BLYP 200 90.8 -0.4630675821
BLYP 200 91.1 -0.4629893696
BLYP 200 91.4 -0.4629113207
BLYP 200 91.7 -0.462833435
BLYP 200 92 -0.4627557119
BLYP 200 92.3 -0.4626781508
BLYP 200 92.6 -0.4626007513
BLYP 200 92.9 -0.4625235128
BLYP 200 93.2 -0.4624464349
BLYP 200 93.5 -0.4623695169
BLYP 200 93.8 -0.4622927585
BLYP 200 94.1 -0.462216159
BLYP 200 94.4 -0.462139718
BLYP 200 94.7 -0.462063435
BLYP 200 95 -0.4619873094
BLYP 200 95.3 -0.4619113408
BLYP 200 95.6 -0.4618355287
BLYP 200 95.9 -0.4617598725
BLYP 200 96.2 -0.4616843718
BLYP 200 96.5 -0.4616090261
BLYP 200 96.8 -0.4615338349
BLYP 200 97.1 -0.4614587976
BLYP 200 97.4 -0.4613839139
BLYP 200 97.7 -0.4613091832
BLYP 200 98 -0.461234605
BLYP 200 98.3 -0.4611601789
BLYP 200 98.6 -0.4610859044
BLYP 200 98.9 -0.4610117809
BLYP 200 99.2 -0.4609378081
BLYP 200 99.5 -0.4608639855
BLYP 200 99.8 -0.4607903125
BLYP 200 100.1 -0.4607167888
BLYP 200 100.4 -0.4606434138
BLYP 200 100.7 -0.4605701871
BLYP 200 101 -0.4604971082
BLYP 200 101.3 -0.4604241767
BLYP 200 101.6 -0.460351392
BLYP 200 101.9 -0.4602787538
BLYP 200 102.2 -0.4602062616
BLYP 200 102.5 -0.4601339149
BLYP 200 102.8 -0.4600617133
BLYP 200 103.1 -0.4599896563
BLYP 200 103.4 -0.4599177435
BLYP 200 103.7 -0.4598459744
BLYP 200 104 -0.4597743486
BLYP 200 104.3 -0.4597028657
BLYP 200 104.6 -0.4596315251
BLYP 200 104.9 -0.4595603265
BLYP 200 105.2 -0.4594892695
BLYP 200 105.5 -0.4594183535
BLYP 200 105.8 -0.4593475782
BLYP 200 106.1 -0.4592769431
BLYP 200 106.4 -0.4592064478
BLYP 200 106.7 -0.4591360918
BLYP 200 107 -0.4590658748
BLYP 200 107.3 -0.4589957963
BLYP 200 107.6 -0.4589258559
BLYP 200 107.9 -0.4588560532
BLYP 200 108.2 -0.4587863877
BLYP 200 108.5 -0.458716859
BLYP 200 108.8 -0.4586474667
BLYP 200 109.1 -0.4585782105
BLYP 200 109.4 -0.4585090898
BLYP 200 109.7 -0.4584401042
BLYP 200 110 -0.4583712535
BLYP 200 110.3 -0.458302537
BLYP 200 110.6 -0.4582339545
BLYP 200 110.9 -0.4581655056
BLYP 200 111.2 -0.4580971898
BLYP 200 111.5 -0.4580290067
BLYP 200 111.8 -0.4579609559
BLYP 200 112.1 -0.4578930371
BLYP 200 112.4 -0.4578252498
BLYP 200 112.7 -0.4577575937
BLYP 200 113 -0.4576900683
BLYP 200 113.3 -0.4576226732
BLYP 200 113.6 -0.4575554081
BLYP 200 113.9 -0.4574882725
BLYP 200 114.2 -0.4574212662
BLYP 200 114.5 -0.4573543886
BLYP 200 114.8 -0.4572876395
BLYP 200 115.1 -0.4572210183
BLYP 200 115.4 -0.4571545249
BLYP 200 115.7 -0.4570881586
BLYP 200 116 -0.4570219193
BLYP 200 116.3 -0.4569558065
BLYP 200 116.6 -0.4568898198
BLYP 200 116.9 -0.4568239589
BLYP 200 117.2 -0.4567582233
BLYP 200 117.5 -0.4566926127
BLYP 200 117.8 -0.4566271268
BLYP 200 118.1 -0.4565617652
BLYP 200 118.4 -0.4564965275
BLYP 200 118.7 -0.4564314133
BLYP 200 119 -0.4563664223
BLYP 200 119.3 -0.4563015541
BLYP 200 119.6 -0.4562368083
BLYP 200 119.9 -0.4561721847
BLYP 200 120.2 -0.4561076828
BLYP 200 120.5 -0.4560433022
BLYP 200 120.8 -0.4559790427
BLYP 200 121.1 -0.4559149038
BLYP 200 121.4 -0.4558508852
BLYP 200 121.7 -0.4557869866
BLYP 200 122 -0.4557232076
BLYP 200 122.3 -0.4556595479
BLYP 200 122.6 -0.4555960071
BLYP 200 122.9 -0.4555325848
BLYP 200 123.2 -0.4554692808
BLYP 200 123.5 -0.4554060946
BLYP 200 123.8 -0.4553430259
BLYP 200 124.1 -0.4552800745
BLYP 200 124.4 -0.4552172399
BLYP 200 124.7 -0.4551545218
BLYP 200 125 -0.4550919199
BLYP 200 125.3 -0.4550294338
BLYP 200 125.6 -0.4549670633
BLYP 200 125.9 -0.4549048079
BLYP 200 126.2 -0.4548426673
BLYP 200 126.5 -0.4547806413
BLYP 200 126.8 -0.4547187294
BLYP 200 127.1 -0.4546569314
BLYP 200 127.4 -0.4545952469
BLYP 200 127.7 -0.4545336756
BLYP 200 128 -0.4544722172
BLYP 200 128.3 -0.4544108713
BLYP 200 128.6 -0.4543496376
BLYP 200 128.9 -0.4542885159
BLYP 200 129.2 -0.4542275057
BLYP 200 129.5 -0.4541666068
BLYP 200 129.8 -0.4541058189
BLYP 200 130.1 -0.4540451416
BLYP 200 130.4 -0.4539845746
BLYP 200 130.7 -0.4539241176
BLYP 200 131 -0.4538637703
BLYP 200 131.3 -0.4538035324
BLYP 200 131.6 -0.4537434035
BLYP 200 131.9 -0.4536833834
BLYP 200 132.2 -0.4536234718
BLYP 200 132.5 -0.4535636683
BLYP 200 132.8 -0.4535039727
BLYP 200 133.1 -0.4534443845
BLYP 200 133.4 -0.4533849037
BLYP 200 133.7 -0.4533255297
BLYP 200 134 -0.4532662624
BLYP 200 134.3 -0.4532071014
BLYP 200 134.6 -0.4531480464
BLYP 200 134.9 -0.4530890972
BLYP 200 135.2 -0.4530302534
BLYP 200 135.5 -0.4529715148
BLYP 200 135.8 -0.452912881
BLYP 200 136.1 -0.4528543517
BLYP 200 136.4 -0.4527959267
BLYP 200 136.7 -0.4527376057
BLYP 200 137 -0.4526793884
BLYP 200 137.3 -0.4526212744
BLYP 200 137.6 -0.4525632635
BLYP 200 137.9 -0.4525053555
BLYP 200 138.2 -0.45244755
BLYP 200 138.5 -0.4523898467
BLYP 200 138.8 -0.4523322454
BLYP 200 139.1 -0.4522747458
BLYP 200 139.4 -0.4522173476
BLYP 200 139.7 -0.4521600505
BLYP 200 140 -0.4521028542
BLYP 200 140.3 -0.4520457584
BLYP 200 140.6 -0.451988763
BLYP 200 140.9 -0.4519318676
BLYP 200 141.2 -0.4518750719
BLYP 200 141.5 -0.4518183756
BLYP 200 141.8 -0.4517617785
BLYP 200 142.1 -0.4517052803
BLYP 200 142.4 -0.4516488808
BLYP 200 142.7 -0.4515925796
BLYP 200 143 -0.4515363766
BLYP 200 143.3 -0.4514802713
BLYP 200 143.6 -0.4514242636
BLYP 200 143.9 -0.4513683532
BLYP 200 144.2 -0.4513125398
BLYP 200 144.5 -0.4512568232
BLYP 200 144.8 -0.4512012031
BLYP 200 145.1 -0.4511456793
BLYP 200 145.4 -0.4510902514
BLYP 200 145.7 -0.4510349192
BLYP 200 146 -0.4509796824
BLYP 200 146.3 -0.4509245409
BLYP 200 146.6 -0.4508694943
BLYP 200 146.9 -0.4508145423
BLYP 200 147.2 -0.4507596848
BLYP 200 147.5 -0.4507049215
BLYP 200 147.8 -0.4506502521
BLYP 200 148.1 -0.4505956763
BLYP 200 148.4 -0.4505411939
BLYP 200 148.7 -0.4504868047
BLYP 200 149 -0.4504325084
BLYP 200 149.3 -0.4503783048
BLYP 200 149.6 -0.4503241936
BLYP 200 149.9 -0.4502701745
BLYP 200 150.2 -0.4502162473
BLYP 200 150.5 -0.4501624118
BLYP 200 150.8 -0.4501086677
BLYP 200 151.1 -0.4500550148
BLYP 200 151.4 -0.4500014528
BLYP 200 151.7 -0.4499479815
BLYP 200 152 -0.4498946006
BLYP 200 152.3 -0.44984131
BLYP 200 152.6 -0.4497881093
BLYP 200 152.9 -0.4497349983
BLYP 200 153.2 -0.4496819768
BLYP 200 153.5 -0.4496290446
BLYP 200 153.8 -0.4495762014
BLYP 200 154.1 -0.4495234469
BLYP 200 154.4 -0.449470781
BLYP 200 154.7 -0.4494182034
BLYP 200 155 -0.4493657139
BLYP 200 155.3 -0.4493133122
BLYP 200 155.6 -0.4492609981
BLYP 200 155.9 -0.4492087714
BLYP 200 156.2 -0.4491566319
BLYP 200 156.5 -0.4491045792
BLYP 200 156.8 -0.4490526133
BLYP 200 157.1 -0.4490007338
BLYP 200 157.4 -0.4489489405
BLYP 200 157.7 -0.4488972333
BLYP 200 158 -0.4488456118
BLYP 200 158.3 -0.4487940759
BLYP 200 158.6 -0.4487426253
BLYP 200 158.9 -0.4486912598
BLYP 200 159.2 -0.4486399792
BLYP 200 159.5 -0.4485887833
BLYP 200 159.8 -0.4485376718
BLYP 200 160.1 -0.4484866446
BLYP 200 160.4 -0.4484357013
BLYP 200 160.7 -0.4483848419
BLYP 200 161 -0.448334066
BLYP 200 161.3 -0.4482833734
BLYP 200 161.6 -0.448232764
BLYP 200 161.9 -0.4481822375
BLYP 200 162.2 -0.4481317938
BLYP 200 162.5 -0.4480814325
BLYP 200 162.8 -0.4480311535
BLYP 200 163.1 -0.4479809565
BLYP 200 163.4 -0.4479308414
BLYP 200 163.7 -0.447880808
BLYP 200 164 -0.447830856
BLYP 200 164.3 -0.4477809852
BLYP 200 164.6 -0.4477311954
BLYP 200 164.9 -0.4476814864
BLYP 200 165.2 -0.4476318581
BLYP 200 165.5 -0.4475823101
BLYP 200 165.8 -0.4475328423
BLYP 200 166.1 -0.4474834545
BLYP 200 166.4 -0.4474341464
BLYP 200 166.7 -0.4473849179
BLYP 200 167 -0.4473357688
BLYP 200 167.3 -0.4472866989
BLYP 200 167.6 -0.4472377079
BLYP 200 167.9 -0.4471887957
BLYP 200 168.2 -0.4471399621
BLYP 200 168.5 -0.4470912068
BLYP 200 168.8 -0.4470425296
BLYP 200 169.1 -0.4469939305
BLYP 200 169.4 -0.4469454091
BLYP 200 169.7 -0.4468969653
BLYP 200 170 -0.4468485988
BLYP 200 170.3 -0.4468003095
BLYP 200 170.6 -0.4467520972
BLYP 200 170.9 -0.4467039617
BLYP 200 171.2 -0.4466559028
BLYP 200 171.5 -0.4466079203
BLYP 200 171.8 -0.446560014
BLYP 200 172.1 -0.4465121837
BLYP 200 172.4 -0.4464644292
BLYP 200 172.7 -0.4464167504
BLYP 200 173 -0.446369147
BLYP 200 173.3 -0.4463216189
BLYP 200 173.6 -0.4462741658
BLYP 200 173.9 -0.4462267876
BLYP 200 174.2 -0.4461794841
BLYP 200 174.5 -0.4461322551
BLYP 200 174.8 -0.4460851004
