Functional Exponent Coefficient Energy
BLYP 0.1 -100 -95.8620936937
BLYP 0.1 -99.85 -95.7163982702
BLYP 0.1 -99.7 -95.5707054437
BLYP 0.1 -99.55 -95.425015218
BLYP 0.1 -99.4 -95.2793275974
BLYP 0.1 -99.25 -95.133642586
BLYP 0.1 -99.1 -94.987960188
BLYP 0.1 -98.95 -94.8422804074
BLYP 0.1 -98.8 -94.6966032486
BLYP 0.1 -98.65 -94.5509287158
BLYP 0.1 -98.5 -94.4052568132
BLYP 0.1 -98.35 -94.2595875452
BLYP 0.1 -98.2 -94.1139209161
BLYP 0.1 -98.05 -93.9682569304
BLYP 0.1 -97.9 -93.8225955928
BLYP 0.1 -97.75 -93.6769369081
BLYP 0.1 -97.6 -93.5312808818
BLYP 0.1 -97.45 -93.3856275557
BLYP 0.1 -97.3 -93.2399769582
BLYP 0.1 -97.15 -93.0943290336
BLYP 0.1 -97 -92.9486837847
BLYP 0.1 -96.85 -92.8030412152
BLYP 0.1 -96.7 -92.6574013289
BLYP 0.1 -96.55 -92.5117641302
BLYP 0.1 -96.4 -92.3661296232
BLYP 0.1 -96.25 -92.2204978122
BLYP 0.1 -96.1 -92.0748687015
BLYP 0.1 -95.95 -91.9292422956
BLYP 0.1 -95.8 -91.7836185989
BLYP 0.1 -95.65 -91.6379976158
BLYP 0.1 -95.5 -91.4923793507
BLYP 0.1 -95.35 -91.3467638083
BLYP 0.1 -95.2 -91.2011509931
BLYP 0.1 -95.05 -91.0555409095
BLYP 0.1 -94.9 -90.9099335622
BLYP 0.1 -94.75 -90.7643289558
BLYP 0.1 -94.6 -90.6187270948
BLYP 0.1 -94.45 -90.473127984
BLYP 0.1 -94.3 -90.327531628
BLYP 0.1 -94.15 -90.1819380315
BLYP 0.1 -94 -90.0363471992
BLYP 0.1 -93.85 -89.8907591359
BLYP 0.1 -93.7 -89.7451738462
BLYP 0.1 -93.55 -89.5995913351
BLYP 0.1 -93.4 -89.4540116072
BLYP 0.1 -93.25 -89.3084346674
BLYP 0.1 -93.1 -89.1628605205
BLYP 0.1 -92.95 -89.0172891715
BLYP 0.1 -92.8 -88.8717206252
BLYP 0.1 -92.65 -88.7261548864
BLYP 0.1 -92.5 -88.5805919602
BLYP 0.1 -92.35 -88.4350318515
BLYP 0.1 -92.2 -88.2894745653
BLYP 0.1 -92.05 -88.1439201066
BLYP 0.1 -91.9 -87.9983684803
BLYP 0.1 -91.75 -87.8528196917
BLYP 0.1 -91.6 -87.7072737456
BLYP 0.1 -91.45 -87.5617306473
BLYP 0.1 -91.3 -87.4161904018
BLYP 0.1 -91.15 -87.2706530143
BLYP 0.1 -91 -87.1251184899
BLYP 0.1 -90.85 -86.9795868339
BLYP 0.1 -90.7 -86.8340580514
BLYP 0.1 -90.55 -86.6885321477
BLYP 0.1 -90.4 -86.5430091281
BLYP 0.1 -90.25 -86.3974889978
BLYP 0.1 -90.1 -86.2519717622
BLYP 0.1 -89.95 -86.1064574266
BLYP 0.1 -89.8 -85.9609459964
BLYP 0.1 -89.65 -85.8154374769
BLYP 0.1 -89.5 -85.6699318736
BLYP 0.1 -89.35 -85.5244291919
BLYP 0.1 -89.2 -85.3789294373
BLYP 0.1 -89.05 -85.2334326152
BLYP 0.1 -88.9 -85.0879387312
BLYP 0.1 -88.75 -84.9424477909
BLYP 0.1 -88.6 -84.7969597998
BLYP 0.1 -88.45 -84.6514747635
BLYP 0.1 -88.3 -84.5059926876
BLYP 0.1 -88.15 -84.3605135778
BLYP 0.1 -88 -84.2150374399
BLYP 0.1 -87.85 -84.0695642794
BLYP 0.1 -87.7 -83.9240941021
BLYP 0.1 -87.55 -83.7786269138
BLYP 0.1 -87.4 -83.6331627204
BLYP 0.1 -87.25 -83.4877015275
BLYP 0.1 -87.1 -83.3422433411
BLYP 0.1 -86.95 -83.1967881671
BLYP 0.1 -86.8 -83.0513360113
BLYP 0.1 -86.65 -82.9058868798
BLYP 0.1 -86.5 -82.7604407784
BLYP 0.1 -86.35 -82.6149977132
BLYP 0.1 -86.2 -82.4695576902
BLYP 0.1 -86.05 -82.3241207155
BLYP 0.1 -85.9 -82.1786867951
BLYP 0.1 -85.75 -82.0332559353
BLYP 0.1 -85.6 -81.887828142
BLYP 0.1 -85.45 -81.7424034217
BLYP 0.1 -85.3 -81.5969817803
BLYP 0.1 -85.15 -81.4515632243
BLYP 0.1 -85 -81.3061477598
BLYP 0.1 -84.85 -81.1607353932
BLYP 0.1 -84.7 -81.0153261309
BLYP 0.1 -84.55 -80.8699199791
BLYP 0.1 -84.4 -80.7245169444
BLYP 0.1 -84.25 -80.5791170331
BLYP 0.1 -84.1 -80.4337202518
BLYP 0.1 -83.95 -80.288326607
BLYP 0.1 -83.8 -80.1429361051
BLYP 0.1 -83.65 -79.9975487527
BLYP 0.1 -83.5 -79.8521645565
BLYP 0.1 -83.35 -79.7067835232
BLYP 0.1 -83.2 -79.5614056592
BLYP 0.1 -83.05 -79.4160309714
BLYP 0.1 -82.9 -79.2706594665
BLYP 0.1 -82.75 -79.1252911511
BLYP 0.1 -82.6 -78.979926032
BLYP 0.1 -82.45 -78.834564116
BLYP 0.1 -82.3 -78.68920541
BLYP 0.1 -82.15 -78.5438499209
BLYP 0.1 -82 -78.3984976587
BLYP 0.1 -81.85 -78.253148649
BLYP 0.1 -81.7 -78.1078028982
BLYP 0.1 -81.55 -77.9624603941
BLYP 0.1 -81.4 -77.8171211413
BLYP 0.1 -81.25 -77.6717851467
BLYP 0.1 -81.1 -77.526452418
BLYP 0.1 -80.95 -77.3811229623
BLYP 0.1 -80.8 -77.2357967874
BLYP 0.1 -80.65 -77.0904739006
BLYP 0.1 -80.5 -76.9451543094
BLYP 0.1 -80.35 -76.7998380214
BLYP 0.1 -80.2 -76.6545250441
BLYP 0.1 -80.05 -76.5092153852
BLYP 0.1 -79.9 -76.3639090523
BLYP 0.1 -79.75 -76.2186060532
BLYP 0.1 -79.6 -76.0733063957
BLYP 0.1 -79.45 -75.9280100877
BLYP 0.1 -79.3 -75.7827171374
BLYP 0.1 -79.15 -75.6374275534
BLYP 0.1 -79 -75.4921413571
BLYP 0.1 -78.85 -75.3468585937
BLYP 0.1 -78.7 -75.2015792226
BLYP 0.1 -78.55 -75.0563032501
BLYP 0.1 -78.4 -74.9110306836
BLYP 0.1 -78.25 -74.7657615309
BLYP 0.1 -78.1 -74.6204958
BLYP 0.1 -77.95 -74.4752334987
BLYP 0.1 -77.8 -74.3299746352
BLYP 0.1 -77.65 -74.1847192177
BLYP 0.1 -77.5 -74.0394672543
BLYP 0.1 -77.35 -73.8942187534
BLYP 0.1 -77.2 -73.7489737232
BLYP 0.1 -77.05 -73.6037321722
BLYP 0.1 -76.9 -73.4584941089
BLYP 0.1 -76.75 -73.3132595416
BLYP 0.1 -76.6 -73.1680284791
BLYP 0.1 -76.45 -73.0228009298
BLYP 0.1 -76.3 -72.8775769024
BLYP 0.1 -76.15 -72.7323564057
BLYP 0.1 -76 -72.5871394484
BLYP 0.1 -75.85 -72.4419260394
BLYP 0.1 -75.7 -72.2967161874
BLYP 0.1 -75.55 -72.1515099016
BLYP 0.1 -75.4 -72.0063071907
BLYP 0.1 -75.25 -71.861108064
BLYP 0.1 -75.1 -71.7159125304
BLYP 0.1 -74.95 -71.5707205991
BLYP 0.1 -74.8 -71.4255322794
BLYP 0.1 -74.65 -71.2803475805
BLYP 0.1 -74.5 -71.1351665118
BLYP 0.1 -74.35 -70.9899890825
BLYP 0.1 -74.2 -70.8448153023
BLYP 0.1 -74.05 -70.6996451805
BLYP 0.1 -73.9 -70.5544787267
BLYP 0.1 -73.75 -70.4093159505
BLYP 0.1 -73.6 -70.2641568617
BLYP 0.1 -73.45 -70.11900147
BLYP 0.1 -73.3 -69.9738497852
BLYP 0.1 -73.15 -69.8287018171
BLYP 0.1 -73 -69.6835575757
BLYP 0.1 -72.85 -69.5384170709
BLYP 0.1 -72.7 -69.3932803129
BLYP 0.1 -72.55 -69.2481473118
BLYP 0.1 -72.4 -69.1030180777
BLYP 0.1 -72.25 -68.957892621
BLYP 0.1 -72.1 -68.8127709519
BLYP 0.1 -71.95 -68.6676530809
BLYP 0.1 -71.8 -68.5225390184
BLYP 0.1 -71.65 -68.377428775
BLYP 0.1 -71.5 -68.2323223614
BLYP 0.1 -71.35 -68.0872197882
BLYP 0.1 -71.2 -67.9421210663
BLYP 0.1 -71.05 -67.7970262075
BLYP 0.1 -70.9 -67.6519352233
BLYP 0.1 -70.75 -67.5068481355
BLYP 0.1 -70.6 -67.3617649536
BLYP 0.1 -70.45 -67.2166856792
BLYP 0.1 -70.3 -67.0716103228
BLYP 0.1 -70.15 -66.9265388957
BLYP 0.1 -70 -66.7814714089
BLYP 0.1 -69.85 -66.6364078739
BLYP 0.1 -69.7 -66.491348302
BLYP 0.1 -69.55 -66.3462927047
BLYP 0.1 -69.4 -66.2012410936
BLYP 0.1 -69.25 -66.0561934804
BLYP 0.1 -69.1 -65.9111498768
BLYP 0.1 -68.95 -65.7661102944
BLYP 0.1 -68.8 -65.6210747475
BLYP 0.1 -68.65 -65.4760432454
BLYP 0.1 -68.5 -65.3310158001
BLYP 0.1 -68.35 -65.1859924237
BLYP 0.1 -68.2 -65.0409731286
BLYP 0.1 -68.05 -64.895957927
BLYP 0.1 -67.9 -64.7509468314
BLYP 0.1 -67.75 -64.6059398545
BLYP 0.1 -67.6 -64.4609370103
BLYP 0.1 -67.45 -64.3159383105
BLYP 0.1 -67.3 -64.1709437677
BLYP 0.1 -67.15 -64.0259533948
BLYP 0.1 -67 -63.8809672046
BLYP 0.1 -66.85 -63.7359852102
BLYP 0.1 -66.7 -63.5910074247
BLYP 0.1 -66.55 -63.4460338612
BLYP 0.1 -66.4 -63.3010645332
BLYP 0.1 -66.25 -63.1560994539
BLYP 0.1 -66.1 -63.0111386369
BLYP 0.1 -65.95 -62.8661820958
BLYP 0.1 -65.8 -62.7212298441
BLYP 0.1 -65.65 -62.5762818957
BLYP 0.1 -65.5 -62.4313382644
BLYP 0.1 -65.35 -62.2863989643
BLYP 0.1 -65.2 -62.1414640093
BLYP 0.1 -65.05 -61.9965334136
BLYP 0.1 -64.9 -61.8516071915
BLYP 0.1 -64.75 -61.7066853573
BLYP 0.1 -64.6 -61.5617679255
BLYP 0.1 -64.45 -61.4168549106
BLYP 0.1 -64.3 -61.2719463272
BLYP 0.1 -64.15 -61.1270421901
BLYP 0.1 -64 -60.982142514
BLYP 0.1 -63.85 -60.8372473201
BLYP 0.1 -63.7 -60.692356621
BLYP 0.1 -63.55 -60.5474704285
BLYP 0.1 -63.4 -60.402588758
BLYP 0.1 -63.25 -60.2577116252
BLYP 0.1 -63.1 -60.1128390454
BLYP 0.1 -62.95 -59.9679710345
BLYP 0.1 -62.8 -59.8231076083
BLYP 0.1 -62.65 -59.6782487826
BLYP 0.1 -62.5 -59.5333945732
BLYP 0.1 -62.35 -59.3885449988
BLYP 0.1 -62.2 -59.2437000767
BLYP 0.1 -62.05 -59.0988598197
BLYP 0.1 -61.9 -58.9540242445
BLYP 0.1 -61.75 -58.8091933679
BLYP 0.1 -61.6 -58.6643672067
BLYP 0.1 -61.45 -58.5195457776
BLYP 0.1 -61.3 -58.3747290978
BLYP 0.1 -61.15 -58.2299171844
BLYP 0.1 -61 -58.0851100546
BLYP 0.1 -60.85 -57.9403077259
BLYP 0.1 -60.7 -57.7955102159
BLYP 0.1 -60.55 -57.6507175421
BLYP 0.1 -60.4 -57.5059297224
BLYP 0.1 -60.25 -57.3611467747
BLYP 0.1 -60.1 -57.2163687171
BLYP 0.1 -59.95 -57.0715955679
BLYP 0.1 -59.8 -56.9268273453
BLYP 0.1 -59.65 -56.7820640678
BLYP 0.1 -59.5 -56.6373057542
BLYP 0.1 -59.35 -56.4925524232
BLYP 0.1 -59.2 -56.3478040936
BLYP 0.1 -59.05 -56.2030607847
BLYP 0.1 -58.9 -56.0583225156
BLYP 0.1 -58.75 -55.9135893057
BLYP 0.1 -58.6 -55.7688611746
BLYP 0.1 -58.45 -55.6241381418
BLYP 0.1 -58.3 -55.4794202273
BLYP 0.1 -58.15 -55.3347074509
BLYP 0.1 -58 -55.189999833
BLYP 0.1 -57.85 -55.0452973937
BLYP 0.1 -57.7 -54.9006001535
BLYP 0.1 -57.55 -54.7559081333
BLYP 0.1 -57.4 -54.6112213535
BLYP 0.1 -57.25 -54.4665398353
BLYP 0.1 -57.1 -54.3218635999
BLYP 0.1 -56.95 -54.1771926684
BLYP 0.1 -56.8 -54.0325270623
BLYP 0.1 -56.65 -53.8878668034
BLYP 0.1 -56.5 -53.7432119134
BLYP 0.1 -56.35 -53.5985624143
BLYP 0.1 -56.2 -53.4539183288
BLYP 0.1 -56.05 -53.3092796786
BLYP 0.1 -55.9 -53.1646464864
BLYP 0.1 -55.75 -53.0200187748
BLYP 0.1 -55.6 -52.8753965667
BLYP 0.1 -55.45 -52.7307798851
BLYP 0.1 -55.3 -52.5861687535
BLYP 0.1 -55.15 -52.4415631954
BLYP 0.1 -55 -52.2969632347
BLYP 0.1 -54.85 -52.152368895
BLYP 0.1 -54.7 -52.0077802003
BLYP 0.1 -54.55 -51.8631971748
BLYP 0.1 -54.4 -51.7186198431
BLYP 0.1 -54.25 -51.5740482298
BLYP 0.1 -54.1 -51.4294823603
BLYP 0.1 -53.95 -51.2849222601
BLYP 0.1 -53.8 -51.1403679537
BLYP 0.1 -53.65 -50.9958194665
BLYP 0.1 -53.5 -50.8512768242
BLYP 0.1 -53.35 -50.7067400527
BLYP 0.1 -53.2 -50.5622091782
BLYP 0.1 -53.05 -50.4176842271
BLYP 0.1 -52.9 -50.2731652259
BLYP 0.1 -52.75 -50.1286522015
BLYP 0.1 -52.6 -49.9841451808
BLYP 0.1 -52.45 -49.8396441912
BLYP 0.1 -52.3 -49.6951492603
BLYP 0.1 -52.15 -49.5506604156
BLYP 0.1 -52 -49.4061776853
BLYP 0.1 -51.85 -49.2617010975
BLYP 0.1 -51.7 -49.1172306808
BLYP 0.1 -51.55 -48.9727664637
BLYP 0.1 -51.4 -48.8283084754
BLYP 0.1 -51.25 -48.6838567449
BLYP 0.1 -51.1 -48.5394113019
BLYP 0.1 -50.95 -48.3949721759
BLYP 0.1 -50.8 -48.250539397
BLYP 0.1 -50.65 -48.1061129954
BLYP 0.1 -50.5 -47.9616930017
BLYP 0.1 -50.35 -47.8172794466
BLYP 0.1 -50.2 -47.6728723612
BLYP 0.1 -50.05 -47.5284717767
BLYP 0.1 -49.9 -47.3840777249
BLYP 0.1 -49.75 -47.2396902375
BLYP 0.1 -49.6 -47.0953093467
BLYP 0.1 -49.45 -46.9509350851
BLYP 0.1 -49.3 -46.8065674852
BLYP 0.1 -49.15 -46.6622065802
BLYP 0.1 -49 -46.5178524034
BLYP 0.1 -48.85 -46.3735049883
BLYP 0.1 -48.7 -46.229164369
BLYP 0.1 -48.55 -46.0848305796
BLYP 0.1 -48.4 -45.9405036547
BLYP 0.1 -48.25 -45.7961836291
BLYP 0.1 -48.1 -45.651870538
BLYP 0.1 -47.95 -45.5075644169
BLYP 0.1 -47.8 -45.3632653016
BLYP 0.1 -47.65 -45.2189732282
BLYP 0.1 -47.5 -45.0746882332
BLYP 0.1 -47.35 -44.9304103534
BLYP 0.1 -47.2 -44.7861396258
BLYP 0.1 -47.05 -44.6418760881
BLYP 0.1 -46.9 -44.4976197779
BLYP 0.1 -46.75 -44.3533707334
BLYP 0.1 -46.6 -44.2091289933
BLYP 0.1 -46.45 -44.0648945963
BLYP 0.1 -46.3 -43.9206675816
BLYP 0.1 -46.15 -43.7764479889
BLYP 0.1 -46 -43.6322358582
BLYP 0.1 -45.85 -43.4880312297
BLYP 0.1 -45.7 -43.3438341442
BLYP 0.1 -45.55 -43.1996446428
BLYP 0.1 -45.4 -43.055462767
BLYP 0.1 -45.25 -42.9112885585
BLYP 0.1 -45.1 -42.7671220598
BLYP 0.1 -44.95 -42.6229633134
BLYP 0.1 -44.8 -42.4788123624
BLYP 0.1 -44.65 -42.3346692503
BLYP 0.1 -44.5 -42.190534021
BLYP 0.1 -44.35 -42.0464067187
BLYP 0.1 -44.2 -41.9022873882
BLYP 0.1 -44.05 -41.7581760747
BLYP 0.1 -43.9 -41.6140728237
BLYP 0.1 -43.75 -41.4699776812
BLYP 0.1 -43.6 -41.3258906937
BLYP 0.1 -43.45 -41.1818119082
BLYP 0.1 -43.3 -41.0377413719
BLYP 0.1 -43.15 -40.8936791326
BLYP 0.1 -43 -40.7496252387
BLYP 0.1 -42.85 -40.6055797389
BLYP 0.1 -42.7 -40.4615426824
BLYP 0.1 -42.55 -40.3175141189
BLYP 0.1 -42.4 -40.1734940986
BLYP 0.1 -42.25 -40.0294826721
BLYP 0.1 -42.1 -39.8854798906
BLYP 0.1 -41.95 -39.7414858058
BLYP 0.1 -41.8 -39.5975004699
BLYP 0.1 -41.65 -39.4535239355
BLYP 0.1 -41.5 -39.3095562558
BLYP 0.1 -41.35 -39.1655974846
BLYP 0.1 -41.2 -39.0216476762
BLYP 0.1 -41.05 -38.8777068852
BLYP 0.1 -40.9 -38.7337751672
BLYP 0.1 -40.75 -38.5898525779
BLYP 0.1 -40.6 -38.4459391738
BLYP 0.1 -40.45 -38.3020350119
BLYP 0.1 -40.3 -38.1581401499
BLYP 0.1 -40.15 -38.0142546458
BLYP 0.1 -40 -37.8703785584
BLYP 0.1 -39.85 -37.7265119471
BLYP 0.1 -39.7 -37.5826548718
BLYP 0.1 -39.55 -37.438807393
BLYP 0.1 -39.4 -37.2949695719
BLYP 0.1 -39.25 -37.1511414703
BLYP 0.1 -39.1 -37.0073231505
BLYP 0.1 -38.95 -36.8635146756
BLYP 0.1 -38.8 -36.7197161092
BLYP 0.1 -38.65 -36.5759275157
BLYP 0.1 -38.5 -36.4321489601
BLYP 0.1 -38.35 -36.288380508
BLYP 0.1 -38.2 -36.1446222258
BLYP 0.1 -38.05 -36.0008741804
BLYP 0.1 -37.9 -35.8571364396
BLYP 0.1 -37.75 -35.7134090716
BLYP 0.1 -37.6 -35.5696921458
BLYP 0.1 -37.45 -35.4259857318
BLYP 0.1 -37.3 -35.2822899002
BLYP 0.1 -37.15 -35.1386047222
BLYP 0.1 -37 -34.99493027
BLYP 0.1 -36.85 -34.8512666163
BLYP 0.1 -36.7 -34.7076138345
BLYP 0.1 -36.55 -34.5639719991
BLYP 0.1 -36.4 -34.4203411851
BLYP 0.1 -36.25 -34.2767214683
BLYP 0.1 -36.1 -34.1331129254
BLYP 0.1 -35.95 -33.989515634
BLYP 0.1 -35.8 -33.8459296723
BLYP 0.1 -35.65 -33.7023551195
BLYP 0.1 -35.5 -33.5587920554
BLYP 0.1 -35.35 -33.415240561
BLYP 0.1 -35.2 -33.2717007179
BLYP 0.1 -35.05 -33.1281726087
BLYP 0.1 -34.9 -32.9846563167
BLYP 0.1 -34.75 -32.8411519264
BLYP 0.1 -34.6 -32.697659523
BLYP 0.1 -34.45 -32.5541791925
BLYP 0.1 -34.3 -32.4107110221
BLYP 0.1 -34.15 -32.2672550999
BLYP 0.1 -34 -32.1238115147
BLYP 0.1 -33.85 -31.9803803564
BLYP 0.1 -33.7 -31.8369617161
BLYP 0.1 -33.55 -31.6935556855
BLYP 0.1 -33.4 -31.5501623576
BLYP 0.1 -33.25 -31.4067818263
BLYP 0.1 -33.1 -31.2634141865
BLYP 0.1 -32.95 -31.1200595342
BLYP 0.1 -32.8 -30.9767179663
BLYP 0.1 -32.65 -30.8333895811
BLYP 0.1 -32.5 -30.6900744775
BLYP 0.1 -32.35 -30.546772756
BLYP 0.1 -32.2 -30.4034845179
BLYP 0.1 -32.05 -30.2602098656
BLYP 0.1 -31.9 -30.1169489028
BLYP 0.1 -31.75 -29.9737017343
BLYP 0.1 -31.6 -29.8304684659
BLYP 0.1 -31.45 -29.6872492049
BLYP 0.1 -31.3 -29.5440440594
BLYP 0.1 -31.15 -29.4008531392
BLYP 0.1 -31 -29.2576765548
BLYP 0.1 -30.85 -29.1145144184
BLYP 0.1 -30.7 -28.9713668431
BLYP 0.1 -30.55 -28.8282339435
BLYP 0.1 -30.4 -28.6851158355
BLYP 0.1 -30.25 -28.5420126361
BLYP 0.1 -30.1 -28.3989244639
BLYP 0.1 -29.95 -28.2558514385
BLYP 0.1 -29.8 -28.1127936813
BLYP 0.1 -29.65 -27.9697513148
BLYP 0.1 -29.5 -27.8267244628
BLYP 0.1 -29.35 -27.6837132509
BLYP 0.1 -29.2 -27.5407178057
BLYP 0.1 -29.05 -27.3977382556
BLYP 0.1 -28.9 -27.2547747302
BLYP 0.1 -28.75 -27.1118273609
BLYP 0.1 -28.6 -26.9688962804
BLYP 0.1 -28.45 -26.8259816229
BLYP 0.1 -28.3 -26.6830835243
BLYP 0.1 -28.15 -26.5402021221
BLYP 0.1 -28 -26.3973375552
BLYP 0.1 -27.85 -26.2544899643
BLYP 0.1 -27.7 -26.1116594916
BLYP 0.1 -27.55 -25.9688462812
BLYP 0.1 -27.4 -25.8260504787
BLYP 0.1 -27.25 -25.6832722313
BLYP 0.1 -27.1 -25.5405116884
BLYP 0.1 -26.95 -25.3977690005
BLYP 0.1 -26.8 -25.2550443205
BLYP 0.1 -26.65 -25.1123378028
BLYP 0.1 -26.5 -24.9696496036
BLYP 0.1 -26.35 -24.8269798811
BLYP 0.1 -26.2 -24.6843287954
BLYP 0.1 -26.05 -24.5416965083
BLYP 0.1 -25.9 -24.3990831838
BLYP 0.1 -25.75 -24.2564889878
BLYP 0.1 -25.6 -24.1139140881
BLYP 0.1 -25.45 -23.9713586546
BLYP 0.1 -25.3 -23.8288228592
BLYP 0.1 -25.15 -23.6863068761
BLYP 0.1 -25 -23.5438108813
BLYP 0.1 -24.85 -23.4013350531
BLYP 0.1 -24.7 -23.2588795721
BLYP 0.1 -24.55 -23.116444621
BLYP 0.1 -24.4 -22.9740303845
BLYP 0.1 -24.25 -22.8316370501
BLYP 0.1 -24.1 -22.6892648073
BLYP 0.1 -23.95 -22.5469138478
BLYP 0.1 -23.8 -22.4045843661
BLYP 0.1 -23.65 -22.2622765587
BLYP 0.1 -23.5 -22.1199906249
BLYP 0.1 -23.35 -21.9777267663
BLYP 0.1 -23.2 -21.835485187
BLYP 0.1 -23.05 -21.6932660939
BLYP 0.1 -22.9 -21.5510696963
BLYP 0.1 -22.75 -21.4088962063
BLYP 0.1 -22.6 -21.2667458385
BLYP 0.1 -22.45 -21.1246188105
BLYP 0.1 -22.3 -20.9825153426
BLYP 0.1 -22.15 -20.8404356578
BLYP 0.1 -22 -20.6983799822
BLYP 0.1 -21.85 -20.5563485446
BLYP 0.1 -21.7 -20.414341577
BLYP 0.1 -21.55 -20.2723593144
BLYP 0.1 -21.4 -20.1304019946
BLYP 0.1 -21.25 -19.9884698589
BLYP 0.1 -21.1 -19.8465631515
BLYP 0.1 -20.95 -19.7046821202
BLYP 0.1 -20.8 -19.5628270157
BLYP 0.1 -20.65 -19.4209980924
BLYP 0.1 -20.5 -19.2791956078
BLYP 0.1 -20.35 -19.1374198232
BLYP 0.1 -20.2 -18.9956710033
BLYP 0.1 -20.05 -18.8539494164
BLYP 0.1 -19.9 -18.7122553345
BLYP 0.1 -19.75 -18.5705890334
BLYP 0.1 -19.6 -18.4289507927
BLYP 0.1 -19.45 -18.2873408959
BLYP 0.1 -19.3 -18.1457596305
BLYP 0.1 -19.15 -18.0042072881
BLYP 0.1 -19 -17.8626841644
BLYP 0.1 -18.85 -17.7211905593
BLYP 0.1 -18.7 -17.579726777
BLYP 0.1 -18.55 -17.4382931264
BLYP 0.1 -18.4 -17.2968899206
BLYP 0.1 -18.25 -17.1555174774
BLYP 0.1 -18.1 -17.0141761193
BLYP 0.1 -17.95 -16.8728661739
BLYP 0.1 -17.8 -16.7315879734
BLYP 0.1 -17.65 -16.5903418554
BLYP 0.1 -17.5 -16.4491281626
BLYP 0.1 -17.35 -16.3079472434
BLYP 0.1 -17.2 -16.1667994518
BLYP 0.1 -17.05 -16.0256851489
BLYP 0.1 -16.9 -15.8846047627
BLYP 0.1 -16.75 -15.7435586959
BLYP 0.1 -16.6 -15.6025472391
BLYP 0.1 -16.45 -15.4615707722
BLYP 0.1 -16.3 -15.320629683
BLYP 0.1 -16.15 -15.1797243662
BLYP 0.1 -16 -15.0388552233
BLYP 0.1 -15.85 -14.8980226626
BLYP 0.1 -15.7 -14.7572270998
BLYP 0.1 -15.55 -14.6164689575
BLYP 0.1 -15.4 -14.475748666
BLYP 0.1 -15.25 -14.3350666631
BLYP 0.1 -15.1 -14.1944233945
BLYP 0.1 -14.95 -14.0538193142
BLYP 0.1 -14.8 -13.9132548845
BLYP 0.1 -14.65 -13.772730576
BLYP 0.1 -14.5 -13.6322468687
BLYP 0.1 -14.35 -13.4918042514
BLYP 0.1 -14.2 -13.3514032225
BLYP 0.1 -14.05 -13.2110442903
BLYP 0.1 -13.9 -13.0707279745
BLYP 0.1 -13.75 -12.9304548133
BLYP 0.1 -13.6 -12.7902254109
BLYP 0.1 -13.45 -12.6500403112
BLYP 0.1 -13.3 -12.5099000182
BLYP 0.1 -13.15 -12.3698050996
BLYP 0.1 -13 -12.2297561436
BLYP 0.1 -12.85 -12.0897537524
BLYP 0.1 -12.7 -11.9497985419
BLYP 0.1 -12.55 -11.8098911423
BLYP 0.1 -12.4 -11.6700321988
BLYP 0.1 -12.25 -11.5302223719
BLYP 0.1 -12.1 -11.3904623386
BLYP 0.1 -11.95 -11.250752793
BLYP 0.1 -11.8 -11.1110944471
BLYP 0.1 -11.65 -10.9714880319
BLYP 0.1 -11.5 -10.8319342989
BLYP 0.1 -11.35 -10.6924340252
BLYP 0.1 -11.2 -10.5529880587
BLYP 0.1 -11.05 -10.4135973972
BLYP 0.1 -10.9 -10.2742626684
BLYP 0.1 -10.75 -10.134984728
BLYP 0.1 -10.6 -9.9957644625
BLYP 0.1 -10.45 -9.8566027875
BLYP 0.1 -10.3 -9.7175006478
BLYP 0.1 -10.15 -9.5784590189
BLYP 0.1 -10 -9.4394789088
BLYP 0.1 -9.85 -9.3005613594
BLYP 0.1 -9.7 -9.161707449
BLYP 0.1 -9.55 -9.0229182936
BLYP 0.1 -9.4 -8.8841950502
BLYP 0.1 -9.25 -8.7455389191
BLYP 0.1 -9.1 -8.6069511726
BLYP 0.1 -8.95 -8.4684332917
BLYP 0.1 -8.8 -8.3299864278
BLYP 0.1 -8.65 -8.1916119705
BLYP 0.1 -8.5 -8.0533113749
BLYP 0.1 -8.35 -7.9150861587
BLYP 0.1 -8.2 -7.7769379083
BLYP 0.1 -8.05 -7.6388683342
BLYP 0.1 -7.9 -7.5008791282
BLYP 0.1 -7.75 -7.3629720877
BLYP 0.1 -7.6 -7.2251491164
BLYP 0.1 -7.45 -7.0874122264
BLYP 0.1 -7.3 -6.9497634792
BLYP 0.1 -7.15 -6.8122050661
BLYP 0.1 -7 -6.6747393139
BLYP 0.1 -6.85 -6.537368693
BLYP 0.1 -6.7 -6.4000957089
BLYP 0.1 -6.55 -6.2629230664
BLYP 0.1 -6.4 -6.1258536225
BLYP 0.1 -6.25 -5.9888903995
BLYP 0.1 -6.1 -5.8520365988
BLYP 0.1 -5.95 -5.7152956154
BLYP 0.1 -5.8 -5.5786710549
BLYP 0.1 -5.65 -5.4421667508
BLYP 0.1 -5.5 -5.3057867853
BLYP 0.1 -5.35 -5.1695355098
BLYP 0.1 -5.2 -5.0334175736
BLYP 0.1 -5.05 -4.8974379375
BLYP 0.1 -4.9 -4.7616019157
BLYP 0.1 -4.75 -4.625915212
BLYP 0.1 -4.6 -4.4903839422
BLYP 0.1 -4.45 -4.3550146917
BLYP 0.1 -4.3 -4.2198145405
BLYP 0.1 -4.15 -4.0847911235
BLYP 0.1 -4 -3.9499526925
BLYP 0.1 -3.85 -3.8153081765
BLYP 0.1 -3.7 -3.6808672543
BLYP 0.1 -3.55 -3.5466404363
BLYP 0.1 -3.4 -3.412639158
BLYP 0.1 -3.25 -3.2788758869
BLYP 0.1 -3.1 -3.1453642455
BLYP 0.1 -2.95 -3.0121191532
BLYP 0.1 -2.8 -2.8791569936
BLYP 0.1 -2.65 -2.7464958728
BLYP 0.1 -2.5 -2.6141557131
BLYP 0.1 -2.35 -2.4821586203
BLYP 0.1 -2.2 -2.350529295
BLYP 0.1 -2.05 -2.2192952397
BLYP 0.1 -1.9 -2.0884874895
BLYP 0.1 -1.75 -1.9581412404
BLYP 0.1 -1.6 -1.8282969187
BLYP 0.1 -1.45 -1.6990012384
BLYP 0.1 -1.3 -1.5703087961
BLYP 0.1 -1.15 -1.4422848419
BLYP 0.1 -1 -1.3150086
BLYP 0.1 -0.85 -1.1885788231
BLYP 0.1 -0.7 -1.0631223084
BLYP 0.1 -0.55 -0.9388075056
BLYP 0.1 -0.4 -0.8158670079
BLYP 0.1 -0.25 -0.6946354306
BLYP 0.1 -0.1 -0.5756135372
BLYP 0.1 0.05 -0.4595737986
BLYP 0.1 0.2 -0.3477173181
BLYP 0.1 0.35 -0.241849109
BLYP 0.1 0.5 -0.1444305117
BLYP 0.1 0.65 -0.0582832059
BLYP 0.1 0.8 0.014136305
BLYP 0.1 0.95 0.0718167737
BLYP 0.1 1.1 0.1181515983
BLYP 0.1 1.25 0.1586730444
BLYP 0.1 1.4 0.1961469828
BLYP 0.1 1.55 0.2318116008
BLYP 0.1 1.7 0.2662769774
BLYP 0.1 1.85 0.299861419
BLYP 0.1 2 0.332760837
BLYP 0.1 2.15 0.365108384
BLYP 0.1 2.3 0.396999893
BLYP 0.1 2.45 0.4285071533
BLYP 0.1 2.6 0.4596856177
BLYP 0.1 2.75 0.4905791002
BLYP 0.1 2.9 0.5212215257
BLYP 0.1 3.05 0.5516393544
BLYP 0.1 3.2 0.5818534433
BLYP 0.1 3.35 0.6118897423
BLYP 0.1 3.5 0.6417683157
BLYP 0.1 3.65 0.6715012879
BLYP 0.1 3.8 0.7011040977
BLYP 0.1 3.95 0.7305870033
BLYP 0.1 4.1 0.7599468139
BLYP 0.1 4.25 0.7892054088
BLYP 0.1 4.4 0.818371499
BLYP 0.1 4.55 0.8474521204
BLYP 0.1 4.7 0.8764534357
BLYP 0.1 4.85 0.9053809396
BLYP 0.1 5 0.9342395692
BLYP 0.1 5.15 0.9630337833
BLYP 0.1 5.3 0.9917676245
BLYP 0.1 5.45 1.0204447699
BLYP 0.1 5.6 1.0490685733
BLYP 0.1 5.75 1.0776421012
BLYP 0.1 5.9 1.1061681628
BLYP 0.1 6.05 1.1346493345
BLYP 0.1 6.2 1.1630879787
BLYP 0.1 6.35 1.1914862534
BLYP 0.1 6.5 1.2198460917
BLYP 0.1 6.65 1.2481670605
BLYP 0.1 6.8 1.2764471187
BLYP 0.1 6.95 1.3046942809
BLYP 0.1 7.1 1.332910281
BLYP 0.1 7.25 1.3610966199
BLYP 0.1 7.4 1.3892546669
BLYP 0.1 7.55 1.4173856894
BLYP 0.1 7.7 1.4454908678
BLYP 0.1 7.85 1.4735713053
BLYP 0.1 8 1.5016280363
BLYP 0.1 8.15 1.529662032
BLYP 0.1 8.3 1.5576742059
BLYP 0.1 8.45 1.585665419
BLYP 0.1 8.6 1.613636483
BLYP 0.1 8.75 1.6415881649
BLYP 0.1 8.9 1.6695211898
BLYP 0.1 9.05 1.6974362438
BLYP 0.1 9.2 1.7253339771
BLYP 0.1 9.35 1.7532150064
BLYP 0.1 9.5 1.7810799169
BLYP 0.1 9.65 1.8089292647
BLYP 0.1 9.8 1.8367635783
BLYP 0.1 9.95 1.8645833607
BLYP 0.1 10.1 1.8923890911
BLYP 0.1 10.25 1.9201812259
BLYP 0.1 10.4 1.9479602004
BLYP 0.1 10.55 1.97572643
BLYP 0.1 10.7 2.0034803113
BLYP 0.1 10.85 2.0312222231
BLYP 0.1 11 2.0589525273
BLYP 0.1 11.15 2.086671569
BLYP 0.1 11.3 2.1143795902
BLYP 0.1 11.45 2.1420769715
BLYP 0.1 11.6 2.169764047
BLYP 0.1 11.75 2.1974411104
BLYP 0.1 11.9 2.2251084432
BLYP 0.1 12.05 2.2527663154
BLYP 0.1 12.2 2.2804149863
BLYP 0.1 12.35 2.308054705
BLYP 0.1 12.5 2.335685711
BLYP 0.1 12.65 2.3633082346
BLYP 0.1 12.8 2.3909224974
BLYP 0.1 12.95 2.4185287128
BLYP 0.1 13.1 2.4461270865
BLYP 0.1 13.25 2.4737178165
BLYP 0.1 13.4 2.5013010938
BLYP 0.1 13.55 2.5288771024
BLYP 0.1 13.7 2.5564460201
BLYP 0.1 13.85 2.5840080184
BLYP 0.1 14 2.6115632629
BLYP 0.1 14.15 2.6391119135
BLYP 0.1 14.3 2.6666541247
BLYP 0.1 14.45 2.694190046
BLYP 0.1 14.6 2.7217198218
BLYP 0.1 14.75 2.7492435919
BLYP 0.1 14.9 2.7767614915
BLYP 0.1 15.05 2.8042736514
BLYP 0.1 15.2 2.8317801984
BLYP 0.1 15.35 2.8592812553
BLYP 0.1 15.5 2.8867769408
BLYP 0.1 15.65 2.9142673703
BLYP 0.1 15.8 2.9417526555
BLYP 0.1 15.95 2.9692329048
BLYP 0.1 16.1 2.9967082231
BLYP 0.1 16.25 3.0241787126
BLYP 0.1 16.4 3.0516444722
BLYP 0.1 16.55 3.0791055978
BLYP 0.1 16.7 3.1065621829
BLYP 0.1 16.85 3.134014318
BLYP 0.1 17 3.1614620912
BLYP 0.1 17.15 3.188905588
BLYP 0.1 17.3 3.2163448916
BLYP 0.1 17.45 3.2437800829
BLYP 0.1 17.6 3.2712112404
BLYP 0.1 17.75 3.2986384406
BLYP 0.1 17.9 3.3260617581
BLYP 0.1 18.05 3.3534812651
BLYP 0.1 18.2 3.3808970323
BLYP 0.1 18.35 3.4083091282
BLYP 0.1 18.5 3.4357176196
BLYP 0.1 18.65 3.4631225717
BLYP 0.1 18.8 3.4905240479
BLYP 0.1 18.95 3.5179221099
BLYP 0.1 19.1 3.5453168181
BLYP 0.1 19.25 3.572708231
BLYP 0.1 19.4 3.600096406
BLYP 0.1 19.55 3.6274813989
BLYP 0.1 19.7 3.654863264
BLYP 0.1 19.85 3.6822420546
BLYP 0.1 20 3.7096178224
BLYP 0.1 20.15 3.7369906179
BLYP 0.1 20.3 3.7643604906
BLYP 0.1 20.45 3.7917274886
BLYP 0.1 20.6 3.819091659
BLYP 0.1 20.75 3.8464530476
BLYP 0.1 20.9 3.8738116994
BLYP 0.1 21.05 3.901167658
BLYP 0.1 21.2 3.9285209665
BLYP 0.1 21.35 3.9558716665
BLYP 0.1 21.5 3.9832197989
BLYP 0.1 21.65 4.0105654037
BLYP 0.1 21.8 4.03790852
BLYP 0.1 21.95 4.0652491858
BLYP 0.1 22.1 4.0925874385
BLYP 0.1 22.25 4.1199233145
BLYP 0.1 22.4 4.1472568496
BLYP 0.1 22.55 4.1745880786
BLYP 0.1 22.7 4.2019170355
BLYP 0.1 22.85 4.2292437539
BLYP 0.1 23 4.2565682662
BLYP 0.1 23.15 4.2838906043
BLYP 0.1 23.3 4.3112107995
BLYP 0.1 23.45 4.3385288821
BLYP 0.1 23.6 4.365844882
BLYP 0.1 23.75 4.3931588283
BLYP 0.1 23.9 4.4204707492
BLYP 0.1 24.05 4.4477806725
BLYP 0.1 24.2 4.4750886251
BLYP 0.1 24.35 4.502394633
BLYP 0.1 24.5 4.5296987216
BLYP 0.1 24.65 4.5570009148
BLYP 0.1 24.8 4.5843012354
BLYP 0.1 24.95 4.6115997036
BLYP 0.1 25.1 4.6388963349
BLYP 0.1 25.25 4.6661911205
BLYP 0.1 25.4 4.6934827904
BLYP 0.1 25.55 4.7207729744
BLYP 0.1 25.7 4.7480614357
BLYP 0.1 25.85 4.7753482036
BLYP 0.1 26 4.802633304
BLYP 0.1 26.15 4.8299167612
BLYP 0.1 26.3 4.8571985983
BLYP 0.1 26.45 4.8844788377
BLYP 0.1 26.6 4.9117575007
BLYP 0.1 26.75 4.9390346085
BLYP 0.1 26.9 4.9663101814
BLYP 0.1 27.05 4.9935842394
BLYP 0.1 27.2 5.020856802
BLYP 0.1 27.35 5.0481278883
BLYP 0.1 27.5 5.0753975171
BLYP 0.1 27.65 5.1026657067
BLYP 0.1 27.8 5.129932475
BLYP 0.1 27.95 5.1571978397
BLYP 0.1 28.1 5.1844618182
BLYP 0.1 28.25 5.2117244275
BLYP 0.1 28.4 5.2389856842
BLYP 0.1 28.55 5.2662456048
BLYP 0.1 28.7 5.2935042053
BLYP 0.1 28.85 5.3207615015
BLYP 0.1 29 5.3480175091
BLYP 0.1 29.15 5.3752722432
BLYP 0.1 29.3 5.4025257188
BLYP 0.1 29.45 5.4297779508
BLYP 0.1 29.6 5.4570289537
BLYP 0.1 29.75 5.4842787415
BLYP 0.1 29.9 5.5115273285
BLYP 0.1 30.05 5.5387747283
BLYP 0.1 30.2 5.5660209546
BLYP 0.1 30.35 5.5932660205
BLYP 0.1 30.5 5.6205099394
BLYP 0.1 30.65 5.6477527239
BLYP 0.1 30.8 5.674994387
BLYP 0.1 30.95 5.7022349409
BLYP 0.1 31.1 5.7294743981
BLYP 0.1 31.25 5.7567127706
BLYP 0.1 31.4 5.7839500703
BLYP 0.1 31.55 5.811186309
BLYP 0.1 31.7 5.8384214981
BLYP 0.1 31.85 5.865655649
BLYP 0.1 32 5.8928887729
BLYP 0.1 32.15 5.9201208809
BLYP 0.1 32.3 5.9473519837
BLYP 0.1 32.45 5.974582092
BLYP 0.1 32.6 6.0018112164
BLYP 0.1 32.75 6.0290393671
BLYP 0.1 32.9 6.0562665545
BLYP 0.1 33.05 6.0834927885
BLYP 0.1 33.2 6.1107180791
BLYP 0.1 33.35 6.1379424359
BLYP 0.1 33.5 6.1651658687
BLYP 0.1 33.65 6.1923883869
BLYP 0.1 33.8 6.2196099998
BLYP 0.1 33.95 6.2468307166
BLYP 0.1 34.1 6.2740505463
BLYP 0.1 34.25 6.301269498
BLYP 0.1 34.4 6.3284875804
BLYP 0.1 34.55 6.3557048021
BLYP 0.1 34.7 6.3829211707
BLYP 0.1 34.85 6.4101366948
BLYP 0.1 35 6.4373513835
BLYP 0.1 35.15 6.4645652451
BLYP 0.1 35.3 6.4917782877
BLYP 0.1 35.45 6.5189905191
BLYP 0.1 35.6 6.5462019474
BLYP 0.1 35.75 6.5734125801
BLYP 0.1 35.9 6.600622425
BLYP 0.1 36.05 6.6278314896
BLYP 0.1 36.2 6.6550397814
BLYP 0.1 36.35 6.6822473076
BLYP 0.1 36.5 6.7094540755
BLYP 0.1 36.65 6.7366600922
BLYP 0.1 36.8 6.7638653647
BLYP 0.1 36.95 6.7910699001
BLYP 0.1 37.1 6.8182737051
BLYP 0.1 37.25 6.8454767865
BLYP 0.1 37.4 6.8726791509
BLYP 0.1 37.55 6.8998808049
BLYP 0.1 37.7 6.927081755
BLYP 0.1 37.85 6.9542820075
BLYP 0.1 38 6.9814815689
BLYP 0.1 38.15 7.0086804451
BLYP 0.1 38.3 7.0358786423
BLYP 0.1 38.45 7.0630761665
BLYP 0.1 38.6 7.0902730155
BLYP 0.1 38.75 7.1174691905
BLYP 0.1 38.9 7.14466471
BLYP 0.1 39.05 7.1718595802
BLYP 0.1 39.2 7.1990538068
BLYP 0.1 39.35 7.2262473955
BLYP 0.1 39.5 7.253440352
BLYP 0.1 39.65 7.2806326818
BLYP 0.1 39.8 7.3078243902
BLYP 0.1 39.95 7.3350154828
BLYP 0.1 40.1 7.3622059648
BLYP 0.1 40.25 7.3893958414
BLYP 0.1 40.4 7.4165851179
BLYP 0.1 40.55 7.4437737993
BLYP 0.1 40.7 7.4709618906
BLYP 0.1 40.85 7.498149397
BLYP 0.1 41 7.5253363232
BLYP 0.1 41.15 7.5525226742
BLYP 0.1 41.3 7.5797084547
BLYP 0.1 41.45 7.6068936695
BLYP 0.1 41.6 7.6340783234
BLYP 0.1 41.75 7.6612624208
BLYP 0.1 41.9 7.6884459665
BLYP 0.1 42.05 7.7156289649
BLYP 0.1 42.2 7.7428114205
BLYP 0.1 42.35 7.7699933377
BLYP 0.1 42.5 7.7971747209
BLYP 0.1 42.65 7.8243555743
BLYP 0.1 42.8 7.8515359024
BLYP 0.1 42.95 7.8787157092
BLYP 0.1 43.1 7.905894999
BLYP 0.1 43.25 7.9330737759
BLYP 0.1 43.4 7.9602520439
BLYP 0.1 43.55 7.9874298071
BLYP 0.1 43.7 8.0146070694
BLYP 0.1 43.85 8.0417838348
BLYP 0.1 44 8.0689601072
BLYP 0.1 44.15 8.0961358904
BLYP 0.1 44.3 8.1233111882
BLYP 0.1 44.45 8.1504860044
BLYP 0.1 44.6 8.1776603427
BLYP 0.1 44.75 8.2048342068
BLYP 0.1 44.9 8.2320076004
BLYP 0.1 45.05 8.2591805269
BLYP 0.1 45.2 8.2863529901
BLYP 0.1 45.35 8.3135249933
BLYP 0.1 45.5 8.3406965402
BLYP 0.1 45.65 8.367867634
BLYP 0.1 45.8 8.3950382783
BLYP 0.1 45.95 8.4222084764
BLYP 0.1 46.1 8.4493782316
BLYP 0.1 46.25 8.4765475473
BLYP 0.1 46.4 8.5037164267
BLYP 0.1 46.55 8.5308848729
BLYP 0.1 46.7 8.5580528893
BLYP 0.1 46.85 8.585220479
BLYP 0.1 47 8.6123876451
BLYP 0.1 47.15 8.6395543907
BLYP 0.1 47.3 8.6667207188
BLYP 0.1 47.45 8.6938866325
BLYP 0.1 47.6 8.7210521349
BLYP 0.1 47.75 8.7482172287
BLYP 0.1 47.9 8.7753819171
BLYP 0.1 48.05 8.8025462028
BLYP 0.1 48.2 8.8297100888
BLYP 0.1 48.35 8.8568735779
BLYP 0.1 48.5 8.884036673
BLYP 0.1 48.65 8.9111993768
BLYP 0.1 48.8 8.938361692
BLYP 0.1 48.95 8.9655236215
BLYP 0.1 49.1 8.9926851679
BLYP 0.1 49.25 9.0198463339
BLYP 0.1 49.4 9.0470071221
BLYP 0.1 49.55 9.0741675352
BLYP 0.1 49.7 9.1013275758
BLYP 0.1 49.85 9.1284872464
BLYP 0.1 50 9.1556465496
BLYP 0.1 50.15 9.1828054879
BLYP 0.1 50.3 9.2099640638
BLYP 0.1 50.45 9.2371222798
BLYP 0.1 50.6 9.2642801383
BLYP 0.1 50.75 9.2914376418
BLYP 0.1 50.9 9.3185947926
BLYP 0.1 51.05 9.3457515932
BLYP 0.1 51.2 9.3729080458
BLYP 0.1 51.35 9.4000641529
BLYP 0.1 51.5 9.4272199166
BLYP 0.1 51.65 9.4543753394
BLYP 0.1 51.8 9.4815304235
BLYP 0.1 51.95 9.5086851711
BLYP 0.1 52.1 9.5358395844
BLYP 0.1 52.25 9.5629936657
BLYP 0.1 52.4 9.5901474171
BLYP 0.1 52.55 9.6173008408
BLYP 0.1 52.7 9.644453939
BLYP 0.1 52.85 9.6716067136
BLYP 0.1 53 9.698759167
BLYP 0.1 53.15 9.725911301
BLYP 0.1 53.3 9.7530631178
BLYP 0.1 53.45 9.7802146195
BLYP 0.1 53.6 9.807365808
BLYP 0.1 53.75 9.8345166854
BLYP 0.1 53.9 9.8616672536
BLYP 0.1 54.05 9.8888175147
BLYP 0.1 54.2 9.9159674705
BLYP 0.1 54.35 9.9431171229
BLYP 0.1 54.5 9.970266474
BLYP 0.1 54.65 9.9974155257
BLYP 0.1 54.8 10.0245642797
BLYP 0.1 54.95 10.0517127379
BLYP 0.1 55.1 10.0788609022
BLYP 0.1 55.25 10.1060087745
BLYP 0.1 55.4 10.1331563565
BLYP 0.1 55.55 10.1603036501
BLYP 0.1 55.7 10.1874506569
BLYP 0.1 55.85 10.2145973789
BLYP 0.1 56 10.2417438177
BLYP 0.1 56.15 10.2688899751
BLYP 0.1 56.3 10.2960358527
BLYP 0.1 56.45 10.3231814524
BLYP 0.1 56.6 10.3503267757
BLYP 0.1 56.75 10.3774718244
BLYP 0.1 56.9 10.4046166001
BLYP 0.1 57.05 10.4317611045
BLYP 0.1 57.2 10.4589053392
BLYP 0.1 57.35 10.4860493058
BLYP 0.1 57.5 10.5131930059
BLYP 0.1 57.65 10.5403364411
BLYP 0.1 57.8 10.567479613
BLYP 0.1 57.95 10.5946225232
BLYP 0.1 58.1 10.6217651732
BLYP 0.1 58.25 10.6489075644
BLYP 0.1 58.4 10.6760496986
BLYP 0.1 58.55 10.7031915771
BLYP 0.1 58.7 10.7303332015
BLYP 0.1 58.85 10.7574745732
BLYP 0.1 59 10.7846156938
BLYP 0.1 59.15 10.8117565646
BLYP 0.1 59.3 10.8388971872
BLYP 0.1 59.45 10.866037563
BLYP 0.1 59.6 10.8931776933
BLYP 0.1 59.75 10.9203175797
BLYP 0.1 59.9 10.9474572234
BLYP 0.1 60.05 10.974596626
BLYP 0.1 60.2 11.0017357887
BLYP 0.1 60.35 11.0288747129
BLYP 0.1 60.5 11.0560134001
BLYP 0.1 60.65 11.0831518515
BLYP 0.1 60.8 11.1102900685
BLYP 0.1 60.95 11.1374280524
BLYP 0.1 61.1 11.1645658044
BLYP 0.1 61.25 11.191703326
BLYP 0.1 61.4 11.2188406184
BLYP 0.1 61.55 11.2459776829
BLYP 0.1 61.7 11.2731145207
BLYP 0.1 61.85 11.3002511332
BLYP 0.1 62 11.3273875214
BLYP 0.1 62.15 11.3545236868
BLYP 0.1 62.3 11.3816596306
BLYP 0.1 62.45 11.4087953538
BLYP 0.1 62.6 11.4359308579
BLYP 0.1 62.75 11.4630661439
BLYP 0.1 62.9 11.4902012131
BLYP 0.1 63.05 11.5173360666
BLYP 0.1 63.2 11.5444707056
BLYP 0.1 63.35 11.5716051313
BLYP 0.1 63.5 11.5987393448
BLYP 0.1 63.65 11.6258733473
BLYP 0.1 63.8 11.6530071399
BLYP 0.1 63.95 11.6801407238
BLYP 0.1 64.1 11.7072741
BLYP 0.1 64.25 11.7344072697
BLYP 0.1 64.4 11.7615402339
BLYP 0.1 64.55 11.7886729939
BLYP 0.1 64.7 11.8158055505
BLYP 0.1 64.85 11.8429379051
BLYP 0.1 65 11.8700700585
BLYP 0.1 65.15 11.8972020119
BLYP 0.1 65.3 11.9243337663
BLYP 0.1 65.45 11.9514653228
BLYP 0.1 65.6 11.9785966823
BLYP 0.1 65.75 12.005727846
BLYP 0.1 65.9 12.0328588149
BLYP 0.1 66.05 12.0599895899
BLYP 0.1 66.2 12.087120172
BLYP 0.1 66.35 12.1142505624
BLYP 0.1 66.5 12.1413807619
BLYP 0.1 66.65 12.1685107715
BLYP 0.1 66.8 12.1956405923
BLYP 0.1 66.95 12.2227702252
BLYP 0.1 67.1 12.2498996711
BLYP 0.1 67.25 12.277028931
BLYP 0.1 67.4 12.3041580059
BLYP 0.1 67.55 12.3312868967
BLYP 0.1 67.7 12.3584156043
BLYP 0.1 67.85 12.3855441297
BLYP 0.1 68 12.4126724738
BLYP 0.1 68.15 12.4398006375
BLYP 0.1 68.3 12.4669286216
BLYP 0.1 68.45 12.4940564272
BLYP 0.1 68.6 12.5211840551
BLYP 0.1 68.75 12.5483115062
BLYP 0.1 68.9 12.5754387813
BLYP 0.1 69.05 12.6025658814
BLYP 0.1 69.2 12.6296928073
BLYP 0.1 69.35 12.6568195599
BLYP 0.1 69.5 12.6839461401
BLYP 0.1 69.65 12.7110725486
BLYP 0.1 69.8 12.7381987864
BLYP 0.1 69.95 12.7653248542
BLYP 0.1 70.1 12.7924507529
BLYP 0.1 70.25 12.8195764834
BLYP 0.1 70.4 12.8467020464
BLYP 0.1 70.55 12.8738274428
BLYP 0.1 70.7 12.9009526734
BLYP 0.1 70.85 12.9280777389
BLYP 0.1 71 12.9552026403
BLYP 0.1 71.15 12.9823273782
BLYP 0.1 71.3 13.0094519535
BLYP 0.1 71.45 13.0365763669
BLYP 0.1 71.6 13.0637006193
BLYP 0.1 71.75 13.0908247113
BLYP 0.1 71.9 13.1179486439
BLYP 0.1 72.05 13.1450724176
BLYP 0.1 72.2 13.1721960333
BLYP 0.1 72.35 13.1993194918
BLYP 0.1 72.5 13.2264427937
BLYP 0.1 72.65 13.2535659398
BLYP 0.1 72.8 13.2806889309
BLYP 0.1 72.95 13.3078117677
BLYP 0.1 73.1 13.3349344509
BLYP 0.1 73.25 13.3620569812
BLYP 0.1 73.4 13.3891793593
BLYP 0.1 73.55 13.416301586
BLYP 0.1 73.7 13.443423662
BLYP 0.1 73.85 13.4705455879
BLYP 0.1 74 13.4976673645
BLYP 0.1 74.15 13.5247889924
BLYP 0.1 74.3 13.5519104724
BLYP 0.1 74.45 13.5790318051
BLYP 0.1 74.6 13.6061529912
BLYP 0.1 74.75 13.6332740313
BLYP 0.1 74.9 13.6603949263
BLYP 0.1 75.05 13.6875156766
BLYP 0.1 75.2 13.714636283
BLYP 0.1 75.35 13.7417567461
BLYP 0.1 75.5 13.7688770666
BLYP 0.1 75.65 13.7959972452
BLYP 0.1 75.8 13.8231172824
BLYP 0.1 75.95 13.8502371789
BLYP 0.1 76.1 13.8773569353
BLYP 0.1 76.25 13.9044765524
BLYP 0.1 76.4 13.9315960306
BLYP 0.1 76.55 13.9587153707
BLYP 0.1 76.7 13.9858345732
BLYP 0.1 76.85 14.0129536388
BLYP 0.1 77 14.0400725681
BLYP 0.1 77.15 14.0671913617
BLYP 0.1 77.3 14.0943100201
BLYP 0.1 77.45 14.121428544
BLYP 0.1 77.6 14.1485469341
BLYP 0.1 77.75 14.1756651908
BLYP 0.1 77.9 14.2027833147
BLYP 0.1 78.05 14.2299013065
BLYP 0.1 78.2 14.2570191668
BLYP 0.1 78.35 14.284136896
BLYP 0.1 78.5 14.3112544949
BLYP 0.1 78.65 14.3383719639
BLYP 0.1 78.8 14.3654893036
BLYP 0.1 78.95 14.3926065146
BLYP 0.1 79.1 14.4197235974
BLYP 0.1 79.25 14.4468405527
BLYP 0.1 79.4 14.4739573809
BLYP 0.1 79.55 14.5010740826
BLYP 0.1 79.7 14.5281906584
BLYP 0.1 79.85 14.5553071087
BLYP 0.1 80 14.5824234342
BLYP 0.1 80.15 14.6095396354
BLYP 0.1 80.3 14.6366557128
BLYP 0.1 80.45 14.6637716669
BLYP 0.1 80.6 14.6908874983
BLYP 0.1 80.75 14.7180032075
BLYP 0.1 80.9 14.745118795
BLYP 0.1 81.05 14.7722342613
BLYP 0.1 81.2 14.7993496069
BLYP 0.1 81.35 14.8264648325
BLYP 0.1 81.5 14.8535799383
BLYP 0.1 81.65 14.8806949251
BLYP 0.1 81.8 14.9078097932
BLYP 0.1 81.95 14.9349245432
BLYP 0.1 82.1 14.9620391756
BLYP 0.1 82.25 14.9891536908
BLYP 0.1 82.4 15.0162680894
BLYP 0.1 82.55 15.0433823718
BLYP 0.1 82.7 15.0704965386
BLYP 0.1 82.85 15.0976105901
BLYP 0.1 83 15.124724527
BLYP 0.1 83.15 15.1518383496
BLYP 0.1 83.3 15.1789520585
BLYP 0.1 83.45 15.2060656541
BLYP 0.1 83.6 15.2331791368
BLYP 0.1 83.75 15.2602925072
BLYP 0.1 83.9 15.2874057657
BLYP 0.1 84.05 15.3145189128
BLYP 0.1 84.2 15.3416319489
BLYP 0.1 84.35 15.3687448745
BLYP 0.1 84.5 15.39585769
BLYP 0.1 84.65 15.422970396
BLYP 0.1 84.8 15.4500829927
BLYP 0.1 84.95 15.4771954807
BLYP 0.1 85.1 15.5043078604
BLYP 0.1 85.25 15.5314201323
BLYP 0.1 85.4 15.5585322968
BLYP 0.1 85.55 15.5856443543
BLYP 0.1 85.7 15.6127563053
BLYP 0.1 85.85 15.6398681501
BLYP 0.1 86 15.6669798893
BLYP 0.1 86.15 15.6940915232
BLYP 0.1 86.3 15.7212030522
BLYP 0.1 86.45 15.7483144769
BLYP 0.1 86.6 15.7754257975
BLYP 0.1 86.75 15.8025370145
BLYP 0.1 86.9 15.8296481284
BLYP 0.1 87.05 15.8567591395
BLYP 0.1 87.2 15.8838700482
BLYP 0.1 87.35 15.910980855
BLYP 0.1 87.5 15.9380915603
BLYP 0.1 87.65 15.9652021643
BLYP 0.1 87.8 15.9923126677
BLYP 0.1 87.95 16.0194230706
BLYP 0.1 88.1 16.0465333736
BLYP 0.1 88.25 16.0736435771
BLYP 0.1 88.4 16.1007536813
BLYP 0.1 88.55 16.1278636868
BLYP 0.1 88.7 16.1549735939
BLYP 0.1 88.85 16.1820834029
BLYP 0.1 89 16.2091931143
BLYP 0.1 89.15 16.2363027284
BLYP 0.1 89.3 16.2634122456
BLYP 0.1 89.45 16.2905216663
BLYP 0.1 89.6 16.3176309909
BLYP 0.1 89.75 16.3447402197
BLYP 0.1 89.9 16.3718493531
BLYP 0.1 90.05 16.3989583914
BLYP 0.1 90.2 16.4260673351
BLYP 0.1 90.35 16.4531761845
BLYP 0.1 90.5 16.4802849399
BLYP 0.1 90.65 16.5073936017
BLYP 0.1 90.8 16.5345021703
BLYP 0.1 90.95 16.561610646
BLYP 0.1 91.1 16.5887190292
BLYP 0.1 91.25 16.6158273202
BLYP 0.1 91.4 16.6429355194
BLYP 0.1 91.55 16.6700436271
BLYP 0.1 91.7 16.6971516436
BLYP 0.1 91.85 16.7242595694
BLYP 0.1 92 16.7513674047
BLYP 0.1 92.15 16.7784751499
BLYP 0.1 92.3 16.8055828053
BLYP 0.1 92.45 16.8326903713
BLYP 0.1 92.6 16.8597978481
BLYP 0.1 92.75 16.8869052362
BLYP 0.1 92.9 16.9140125359
BLYP 0.1 93.05 16.9411197474
BLYP 0.1 93.2 16.9682268711
BLYP 0.1 93.35 16.9953339074
BLYP 0.1 93.5 17.0224408566
BLYP 0.1 93.65 17.0495477189
BLYP 0.1 93.8 17.0766544947
BLYP 0.1 93.95 17.1037611843
BLYP 0.1 94.1 17.1308677881
BLYP 0.1 94.25 17.1579743063
BLYP 0.1 94.4 17.1850807393
BLYP 0.1 94.55 17.2121870874
BLYP 0.1 94.7 17.2392933508
BLYP 0.1 94.85 17.2663995299
BLYP 0.1 95 17.2935056251
BLYP 0.1 95.15 17.3206116365
BLYP 0.1 95.3 17.3477175646
BLYP 0.1 95.45 17.3748234095
BLYP 0.1 95.6 17.4019291717
BLYP 0.1 95.75 17.4290348514
BLYP 0.1 95.9 17.4561404489
BLYP 0.1 96.05 17.4832459645
BLYP 0.1 96.2 17.5103513985
BLYP 0.1 96.35 17.5374567512
BLYP 0.1 96.5 17.5645620229
BLYP 0.1 96.65 17.5916672138
BLYP 0.1 96.8 17.6187723243
BLYP 0.1 96.95 17.6458773547
BLYP 0.1 97.1 17.6729823051
BLYP 0.1 97.25 17.700087176
BLYP 0.1 97.4 17.7271919676
BLYP 0.1 97.55 17.7542966802
BLYP 0.1 97.7 17.781401314
BLYP 0.1 97.85 17.8085058694
BLYP 0.1 98 17.8356103466
BLYP 0.1 98.15 17.8627147458
BLYP 0.1 98.3 17.8898190675
BLYP 0.1 98.45 17.9169233117
BLYP 0.1 98.6 17.9440274789
BLYP 0.1 98.75 17.9711315692
BLYP 0.1 98.9 17.998235583
BLYP 0.1 99.05 18.0253395205
BLYP 0.1 99.2 18.052443382
BLYP 0.1 99.35 18.0795471677
BLYP 0.1 99.5 18.1066508779
BLYP 0.1 99.65 18.1337545129
BLYP 0.1 99.8 18.1608580729
BLYP 0.1 99.95 18.1879615582
BLYP 0.1 100.1 18.2150649691
BLYP 0.1 100.25 18.2421683057
BLYP 0.1 100.4 18.2692715684
BLYP 0.1 100.55 18.2963747574
BLYP 0.1 100.7 18.323477873
BLYP 0.1 100.85 18.3505809154
BLYP 0.1 101 18.3776838848
BLYP 0.1 101.15 18.4047867816
BLYP 0.1 101.3 18.4318896059
BLYP 0.1 101.45 18.4589923581
BLYP 0.1 101.6 18.4860950382
BLYP 0.1 101.75 18.5131976467
BLYP 0.1 101.9 18.5403001837
BLYP 0.1 102.05 18.5674026495
BLYP 0.1 102.2 18.5945050444
BLYP 0.1 102.35 18.6216073685
BLYP 0.1 102.5 18.648709622
BLYP 0.1 102.65 18.6758118054
BLYP 0.1 102.8 18.7029139187
BLYP 0.1 102.95 18.7300159622
BLYP 0.1 103.1 18.7571179361
BLYP 0.1 103.25 18.7842198408
BLYP 0.1 103.4 18.8113216763
BLYP 0.1 103.55 18.838423443
BLYP 0.1 103.7 18.865525141
BLYP 0.1 103.85 18.8926267706
BLYP 0.1 104 18.9197283321
BLYP 0.1 104.15 18.9468298256
BLYP 0.1 104.3 18.9739312514
BLYP 0.1 104.45 19.0010326097
BLYP 0.1 104.6 19.0281339006
BLYP 0.1 104.75 19.0552351246
BLYP 0.1 104.9 19.0823362817
BLYP 0.1 105.05 19.1094373722
BLYP 0.1 105.2 19.1365383962
BLYP 0.1 105.35 19.1636393541
BLYP 0.1 105.5 19.1907402461
BLYP 0.1 105.65 19.2178410722
BLYP 0.1 105.8 19.2449418329
BLYP 0.1 105.95 19.2720425282
BLYP 0.1 106.1 19.2991431584
BLYP 0.1 106.25 19.3262437237
BLYP 0.1 106.4 19.3533442243
BLYP 0.1 106.55 19.3804446605
BLYP 0.1 106.7 19.4075450324
BLYP 0.1 106.85 19.4346453402
BLYP 0.1 107 19.4617455841
BLYP 0.1 107.15 19.4888457645
BLYP 0.1 107.3 19.5159458813
BLYP 0.1 107.45 19.5430459349
BLYP 0.1 107.6 19.5701459255
BLYP 0.1 107.75 19.5972458533
BLYP 0.1 107.9 19.6243457184
BLYP 0.1 108.05 19.6514455211
BLYP 0.1 108.2 19.6785452615
BLYP 0.1 108.35 19.7056449399
BLYP 0.1 108.5 19.7327445565
BLYP 0.1 108.65 19.7598441114
BLYP 0.1 108.8 19.7869436048
BLYP 0.1 108.95 19.814043037
BLYP 0.1 109.1 19.8411424082
BLYP 0.1 109.25 19.8682417184
BLYP 0.1 109.4 19.895340968
BLYP 0.1 109.55 19.9224401571
BLYP 0.1 109.7 19.949539286
BLYP 0.1 109.85 19.9766383547
BLYP 0.1 110 20.0037373635
BLYP 0.1 110.15 20.0308363125
BLYP 0.1 110.3 20.057935202
BLYP 0.1 110.45 20.0850340322
BLYP 0.1 110.6 20.1121328032
BLYP 0.1 110.75 20.1392315151
BLYP 0.1 110.9 20.1663301683
BLYP 0.1 111.05 20.1934287629
BLYP 0.1 111.2 20.220527299
BLYP 0.1 111.35 20.2476257769
BLYP 0.1 111.5 20.2747241966
BLYP 0.1 111.65 20.3018225585
BLYP 0.1 111.8 20.3289208627
BLYP 0.1 111.95 20.3560191093
BLYP 0.1 112.1 20.3831172985
BLYP 0.1 112.25 20.4102154305
BLYP 0.1 112.4 20.4373135056
BLYP 0.1 112.55 20.4644115237
BLYP 0.1 112.7 20.4915094853
BLYP 0.1 112.85 20.5186073903
BLYP 0.1 113 20.545705239
BLYP 0.1 113.15 20.5728030315
BLYP 0.1 113.3 20.5999007681
BLYP 0.1 113.45 20.6269984489
BLYP 0.1 113.6 20.654096074
BLYP 0.1 113.75 20.6811936436
BLYP 0.1 113.9 20.708291158
BLYP 0.1 114.05 20.7353886172
BLYP 0.1 114.2 20.7624860214
BLYP 0.1 114.35 20.7895833709
BLYP 0.1 114.5 20.8166806657
BLYP 0.1 114.65 20.843777906
BLYP 0.1 114.8 20.8708750921
BLYP 0.1 114.95 20.897972224
BLYP 0.1 115.1 20.9250693019
BLYP 0.1 115.25 20.952166326
BLYP 0.1 115.4 20.9792632964
BLYP 0.1 115.55 21.0063602133
BLYP 0.1 115.7 21.0334570769
BLYP 0.1 115.85 21.0605538874
BLYP 0.1 116 21.0876506448
BLYP 0.1 116.15 21.1147473493
BLYP 0.1 116.3 21.1418440012
BLYP 0.1 116.45 21.1689406005
BLYP 0.1 116.6 21.1960371474
BLYP 0.1 116.75 21.2231336421
BLYP 0.1 116.9 21.2502300847
BLYP 0.1 117.05 21.2773264754
BLYP 0.1 117.2 21.3044228143
BLYP 0.1 117.35 21.3315191016
BLYP 0.1 117.5 21.3586153374
BLYP 0.1 117.65 21.3857115219
BLYP 0.1 117.8 21.4128076552
BLYP 0.1 117.95 21.4399037376
BLYP 0.1 118.1 21.466999769
BLYP 0.1 118.25 21.4940957498
BLYP 0.1 118.4 21.5211916799
BLYP 0.1 118.55 21.5482875597
BLYP 0.1 118.7 21.5753833892
BLYP 0.1 118.85 21.6024791685
BLYP 0.1 119 21.6295748979
BLYP 0.1 119.15 21.6566705774
BLYP 0.1 119.3 21.6837662073
BLYP 0.1 119.45 21.7108617876
BLYP 0.1 119.6 21.7379573185
BLYP 0.1 119.75 21.7650528001
BLYP 0.1 119.9 21.7921482326
BLYP 0.1 120.05 21.8192436162
BLYP 0.1 120.2 21.8463389509
BLYP 0.1 120.35 21.8734342369
BLYP 0.1 120.5 21.9005294743
BLYP 0.1 120.65 21.9276246633
BLYP 0.1 120.8 21.9547198041
BLYP 0.1 120.95 21.9818148967
BLYP 0.1 121.1 22.0089099413
BLYP 0.1 121.25 22.036004938
BLYP 0.1 121.4 22.063099887
BLYP 0.1 121.55 22.0901947885
BLYP 0.1 121.7 22.1172896424
BLYP 0.1 121.85 22.144384449
BLYP 0.1 122 22.1714792085
BLYP 0.1 122.15 22.1985739209
BLYP 0.1 122.3 22.2256685863
BLYP 0.1 122.45 22.252763205
BLYP 0.1 122.6 22.279857777
BLYP 0.1 122.75 22.3069523025
BLYP 0.1 122.9 22.3340467816
BLYP 0.1 123.05 22.3611412144
BLYP 0.1 123.2 22.3882356011
BLYP 0.1 123.35 22.4153299418
BLYP 0.1 123.5 22.4424242366
BLYP 0.1 123.65 22.4695184857
BLYP 0.1 123.8 22.4966126891
BLYP 0.1 123.95 22.5237068471
BLYP 0.1 124.1 22.5508009596
BLYP 0.1 124.25 22.577895027
BLYP 0.1 124.4 22.6049890492
BLYP 0.1 124.55 22.6320830264
BLYP 0.1 124.7 22.6591769588
BLYP 0.1 124.85 22.6862708464
BLYP 0.1 125 22.7133646894
BLYP 0.1 125.15 22.7404584879
BLYP 0.1 125.3 22.7675522421
BLYP 0.1 125.45 22.794645952
BLYP 0.1 125.6 22.8217396177
BLYP 0.1 125.75 22.8488332395
BLYP 0.1 125.9 22.8759268173
BLYP 0.1 126.05 22.9030203515
BLYP 0.1 126.2 22.9301138419
BLYP 0.1 126.35 22.9572072889
BLYP 0.1 126.5 22.9843006924
BLYP 0.1 126.65 23.0113940526
BLYP 0.1 126.8 23.0384873697
BLYP 0.1 126.95 23.0655806437
BLYP 0.1 127.1 23.0926738748
BLYP 0.1 127.25 23.1197670631
BLYP 0.1 127.4 23.1468602087
BLYP 0.1 127.55 23.1739533116
BLYP 0.1 127.7 23.2010463722
BLYP 0.1 127.85 23.2281393903
BLYP 0.1 128 23.2552323662
BLYP 0.1 128.15 23.2823253
BLYP 0.1 128.3 23.3094181918
BLYP 0.1 128.45 23.3365110416
BLYP 0.1 128.6 23.3636038497
BLYP 0.1 128.75 23.3906966161
BLYP 0.1 128.9 23.417789341
BLYP 0.1 129.05 23.4448820244
BLYP 0.1 129.2 23.4719746664
BLYP 0.1 129.35 23.4990672672
BLYP 0.1 129.5 23.5261598269
BLYP 0.1 129.65 23.5532523456
BLYP 0.1 129.8 23.5803448233
BLYP 0.1 129.95 23.6074372603
BLYP 0.1 130.1 23.6345296566
BLYP 0.1 130.25 23.6616220123
BLYP 0.1 130.4 23.6887143276
BLYP 0.1 130.55 23.7158066025
BLYP 0.1 130.7 23.7428988371
BLYP 0.1 130.85 23.7699910316
BLYP 0.1 131 23.797083186
BLYP 0.1 131.15 23.8241753005
BLYP 0.1 131.3 23.8512673751
BLYP 0.1 131.45 23.8783594101
BLYP 0.1 131.6 23.9054514054
BLYP 0.1 131.75 23.9325433612
BLYP 0.1 131.9 23.9596352775
BLYP 0.1 132.05 23.9867271546
BLYP 0.1 132.2 24.0138189924
BLYP 0.1 132.35 24.0409107912
BLYP 0.1 132.5 24.0680025509
BLYP 0.1 132.65 24.0950942717
BLYP 0.1 132.8 24.1221859537
BLYP 0.1 132.95 24.1492775971
BLYP 0.1 133.1 24.1763692018
BLYP 0.1 133.25 24.203460768
BLYP 0.1 133.4 24.2305522958
BLYP 0.1 133.55 24.2576437853
BLYP 0.1 133.7 24.2847352366
BLYP 0.1 133.85 24.3118266498
BLYP 0.1 134 24.338918025
BLYP 0.1 134.15 24.3660093623
BLYP 0.1 134.3 24.3931006617
BLYP 0.1 134.45 24.4201919235
BLYP 0.1 134.6 24.4472831476
BLYP 0.1 134.75 24.4743743343
BLYP 0.1 134.9 24.5014654835
BLYP 0.1 135.05 24.5285565953
BLYP 0.1 135.2 24.5556476699
BLYP 0.1 135.35 24.5827387074
BLYP 0.1 135.5 24.6098297079
BLYP 0.1 135.65 24.6369206714
BLYP 0.1 135.8 24.664011598
BLYP 0.1 135.95 24.6911024879
BLYP 0.1 136.1 24.7181933411
BLYP 0.1 136.25 24.7452841578
BLYP 0.1 136.4 24.7723749379
BLYP 0.1 136.55 24.7994656817
BLYP 0.1 136.7 24.8265563891
BLYP 0.1 136.85 24.8536470604
BLYP 0.1 137 24.8807376955
BLYP 0.1 137.15 24.9078282946
BLYP 0.1 137.3 24.9349188578
BLYP 0.1 137.45 24.9620093852
BLYP 0.1 137.6 24.9890998768
BLYP 0.1 137.75 25.0161903327
BLYP 0.1 137.9 25.043280753
BLYP 0.1 138.05 25.0703711379
BLYP 0.1 138.2 25.0974614874
BLYP 0.1 138.35 25.1245518015
BLYP 0.1 138.5 25.1516420804
BLYP 0.1 138.65 25.1787323242
BLYP 0.1 138.8 25.205822533
BLYP 0.1 138.95 25.2329127068
BLYP 0.1 139.1 25.2600028457
BLYP 0.1 139.25 25.2870929499
BLYP 0.1 139.4 25.3141830193
BLYP 0.1 139.55 25.3412730542
BLYP 0.1 139.7 25.3683630545
BLYP 0.1 139.85 25.3954530203
BLYP 0.1 140 25.4225429519
BLYP 0.1 140.15 25.4496328491
BLYP 0.1 140.3 25.4767227121
BLYP 0.1 140.45 25.5038125411
BLYP 0.1 140.6 25.530902336
BLYP 0.1 140.75 25.557992097
BLYP 0.1 140.9 25.5850818241
BLYP 0.1 141.05 25.6121715175
BLYP 0.1 141.2 25.6392611772
BLYP 0.1 141.35 25.6663508033
BLYP 0.1 141.5 25.6934403958
BLYP 0.1 141.65 25.7205299549
BLYP 0.1 141.8 25.7476194807
BLYP 0.1 141.95 25.7747089732
BLYP 0.1 142.1 25.8017984324
BLYP 0.1 142.25 25.8288878586
BLYP 0.1 142.4 25.8559772517
BLYP 0.1 142.55 25.8830666119
BLYP 0.1 142.7 25.9101559392
BLYP 0.1 142.85 25.9372452337
BLYP 0.1 143 25.9643344955
BLYP 0.1 143.15 25.9914237246
BLYP 0.1 143.3 26.0185129212
BLYP 0.1 143.45 26.0456020853
BLYP 0.1 143.6 26.0726912169
BLYP 0.1 143.75 26.0997803163
BLYP 0.1 143.9 26.1268693834
BLYP 0.1 144.05 26.1539584184
BLYP 0.1 144.2 26.1810474212
BLYP 0.1 144.35 26.208136392
BLYP 0.1 144.5 26.2352253309
BLYP 0.1 144.65 26.262314238
BLYP 0.1 144.8 26.2894031132
BLYP 0.1 144.95 26.3164919567
BLYP 0.1 145.1 26.3435807686
BLYP 0.1 145.25 26.3706695489
BLYP 0.1 145.4 26.3977582978
BLYP 0.1 145.55 26.4248470152
BLYP 0.1 145.7 26.4519357013
BLYP 0.1 145.85 26.4790243561
BLYP 0.1 146 26.5061129797
BLYP 0.1 146.15 26.5332015722
BLYP 0.1 146.3 26.5602901337
BLYP 0.1 146.45 26.5873786642
BLYP 0.1 146.6 26.6144671638
BLYP 0.1 146.75 26.6415556326
BLYP 0.1 146.9 26.6686440706
BLYP 0.1 147.05 26.695732478
BLYP 0.1 147.2 26.7228208547
BLYP 0.1 147.35 26.7499092009
BLYP 0.1 147.5 26.7769975167
BLYP 0.1 147.65 26.804085802
BLYP 0.1 147.8 26.831174057
BLYP 0.1 147.95 26.8582622818
BLYP 0.1 148.1 26.8853504764
BLYP 0.1 148.25 26.9124386409
BLYP 0.1 148.4 26.9395267753
BLYP 0.1 148.55 26.9666148798
BLYP 0.1 148.7 26.9937029543
BLYP 0.1 148.85 27.0207909991
BLYP 0.1 149 27.047879014
BLYP 0.1 149.15 27.0749669993
BLYP 0.1 149.3 27.102054955
BLYP 0.1 149.45 27.1291428811
BLYP 0.1 149.6 27.1562307776
BLYP 0.1 149.75 27.1833186448
BLYP 0.1 149.9 27.2104064826
BLYP 0.1 150.05 27.2374942912
BLYP 0.1 150.2 27.2645820705
BLYP 0.1 150.35 27.2916698206
BLYP 0.1 150.5 27.3187575417
BLYP 0.1 150.65 27.3458452338
BLYP 0.1 150.8 27.3729328969
BLYP 0.1 150.95 27.4000205311
BLYP 0.1 151.1 27.4271081364
BLYP 0.1 151.25 27.4541957131
BLYP 0.1 151.4 27.481283261
BLYP 0.1 151.55 27.5083707803
BLYP 0.1 151.7 27.535458271
BLYP 0.1 151.85 27.5625457333
BLYP 0.1 152 27.5896331671
BLYP 0.1 152.15 27.6167205725
BLYP 0.1 152.3 27.6438079496
BLYP 0.1 152.45 27.6708952985
BLYP 0.1 152.6 27.6979826191
BLYP 0.1 152.75 27.7250699117
BLYP 0.1 152.9 27.7521571762
BLYP 0.1 153.05 27.7792444127
BLYP 0.1 153.2 27.8063316212
BLYP 0.1 153.35 27.8334188018
BLYP 0.1 153.5 27.8605059533
BLYP 0.1 153.65 27.8875930756
BLYP 0.1 153.8 27.9146801702
BLYP 0.1 153.95 27.9417672371
BLYP 0.1 154.1 27.9688542765
BLYP 0.1 154.25 27.9959412883
BLYP 0.1 154.4 28.0230282727
BLYP 0.1 154.55 28.0501152298
BLYP 0.1 154.7 28.0772021595
BLYP 0.1 154.85 28.104289062
BLYP 0.1 155 28.1313759373
BLYP 0.1 155.15 28.1584627854
BLYP 0.1 155.3 28.1855496066
BLYP 0.1 155.45 28.2126364007
BLYP 0.1 155.6 28.2397231678
BLYP 0.1 155.75 28.2668099081
BLYP 0.1 155.9 28.2938966216
BLYP 0.1 156.05 28.3209833083
BLYP 0.1 156.2 28.3480699683
BLYP 0.1 156.35 28.3751566017
BLYP 0.1 156.5 28.4022432085
BLYP 0.1 156.65 28.4293297887
BLYP 0.1 156.8 28.4564163425
BLYP 0.1 156.95 28.4835028699
BLYP 0.1 157.1 28.510589371
BLYP 0.1 157.25 28.5376758458
BLYP 0.1 157.4 28.5647622943
BLYP 0.1 157.55 28.5918487166
BLYP 0.1 157.7 28.6189351129
BLYP 0.1 157.85 28.6460214831
BLYP 0.1 158 28.6731078273
BLYP 0.1 158.15 28.7001941455
BLYP 0.1 158.3 28.7272804378
BLYP 0.1 158.45 28.7543667044
BLYP 0.1 158.6 28.7814529451
BLYP 0.1 158.75 28.8085391602
BLYP 0.1 158.9 28.8356253495
BLYP 0.1 159.05 28.8627115133
BLYP 0.1 159.2 28.8897976515
BLYP 0.1 159.35 28.9168837642
BLYP 0.1 159.5 28.9439698515
BLYP 0.1 159.65 28.9710559134
BLYP 0.1 159.8 28.99814195
BLYP 0.1 159.95 29.0252279613
BLYP 0.1 160.1 29.0523139473
BLYP 0.1 160.25 29.0793999083
BLYP 0.1 160.4 29.1064858441
BLYP 0.1 160.55 29.1335717548
BLYP 0.1 160.7 29.1606576405
BLYP 0.1 160.85 29.1877435013
BLYP 0.1 161 29.2148293372
BLYP 0.1 161.15 29.2419151483
BLYP 0.1 161.3 29.2690009345
BLYP 0.1 161.45 29.2960866961
BLYP 0.1 161.6 29.3231724329
BLYP 0.1 161.75 29.3502581451
BLYP 0.1 161.9 29.3773438328
BLYP 0.1 162.05 29.4044294959
BLYP 0.1 162.2 29.4315151345
BLYP 0.1 162.35 29.4586007488
BLYP 0.1 162.5 29.4856863386
BLYP 0.1 162.65 29.5127719041
BLYP 0.1 162.8 29.5398574454
BLYP 0.1 162.95 29.5669429625
BLYP 0.1 163.1 29.5940284554
BLYP 0.1 163.25 29.6211139242
BLYP 0.1 163.4 29.6481993689
BLYP 0.1 163.55 29.6752847896
BLYP 0.1 163.7 29.7023701864
BLYP 0.1 163.85 29.7294555592
BLYP 0.1 164 29.7565409082
BLYP 0.1 164.15 29.7836262334
BLYP 0.1 164.3 29.8107115348
BLYP 0.1 164.45 29.8377968125
BLYP 0.1 164.6 29.8648820666
BLYP 0.1 164.75 29.8919672971
BLYP 0.1 164.9 29.919052504
BLYP 0.1 165.05 29.9461376874
BLYP 0.1 165.2 29.9732228473
BLYP 0.1 165.35 30.0003079838
BLYP 0.1 165.5 30.027393097
BLYP 0.1 165.65 30.0544781868
BLYP 0.1 165.8 30.0815632534
BLYP 0.1 165.95 30.1086482968
BLYP 0.1 166.1 30.135733317
BLYP 0.1 166.25 30.162818314
BLYP 0.1 166.4 30.189903288
BLYP 0.1 166.55 30.216988239
BLYP 0.1 166.7 30.244073167
BLYP 0.1 166.85 30.2711580721
BLYP 0.1 167 30.2982429543
BLYP 0.1 167.15 30.3253278137
BLYP 0.1 167.3 30.3524126502
BLYP 0.1 167.45 30.3794974641
BLYP 0.1 167.6 30.4065822552
BLYP 0.1 167.75 30.4336670237
BLYP 0.1 167.9 30.4607517696
BLYP 0.1 168.05 30.487836493
BLYP 0.1 168.2 30.5149211938
BLYP 0.1 168.35 30.5420058722
BLYP 0.1 168.5 30.5690905282
BLYP 0.1 168.65 30.5961751618
BLYP 0.1 168.8 30.623259773
BLYP 0.1 168.95 30.650344362
BLYP 0.1 169.1 30.6774289288
BLYP 0.1 169.25 30.7045134734
BLYP 0.1 169.4 30.7315979958
BLYP 0.1 169.55 30.7586824962
BLYP 0.1 169.7 30.7857669745
BLYP 0.1 169.85 30.8128514307
BLYP 0.1 170 30.8399358651
BLYP 0.1 170.15 30.8670202775
BLYP 0.1 170.3 30.894104668
BLYP 0.1 170.45 30.9211890367
BLYP 0.1 170.6 30.9482733837
BLYP 0.1 170.75 30.9753577088
BLYP 0.1 170.9 31.0024420123
BLYP 0.1 171.05 31.0295262942
BLYP 0.1 171.2 31.0566105544
BLYP 0.1 171.35 31.0836947931
BLYP 0.1 171.5 31.1107790102
BLYP 0.1 171.65 31.1378632059
BLYP 0.1 171.8 31.1649473801
BLYP 0.1 171.95 31.192031533
BLYP 0.1 172.1 31.2191156645
BLYP 0.1 172.25 31.2461997746
BLYP 0.1 172.4 31.2732838636
BLYP 0.1 172.55 31.3003679313
BLYP 0.1 172.7 31.3274519778
BLYP 0.1 172.85 31.3545360032
BLYP 0.1 173 31.3816200075
BLYP 0.1 173.15 31.4087039907
BLYP 0.1 173.3 31.4357879529
BLYP 0.1 173.45 31.4628718942
BLYP 0.1 173.6 31.4899558145
BLYP 0.1 173.75 31.517039714
BLYP 0.1 173.9 31.5441235926
BLYP 0.1 174.05 31.5712074504
BLYP 0.1 174.2 31.5982912875
BLYP 0.1 174.35 31.6253751038
BLYP 0.1 174.5 31.6524588994
BLYP 0.1 174.65 31.6795426744
BLYP 0.1 174.8 31.7066264289
BLYP 0.1 174.95 31.7337101627
BLYP 0.1 175.1 31.7607938761
BLYP 0.1 175.25 31.7878775689
BLYP 0.1 175.4 31.8149612414
BLYP 0.1 175.55 31.8420448934
BLYP 0.1 175.7 31.8691285251
BLYP 0.1 175.85 31.8962121364
BLYP 0.1 176 31.9232957275
BLYP 0.1 176.15 31.9503792984
BLYP 0.1 176.3 31.977462849
BLYP 0.1 176.45 32.0045463795
BLYP 0.1 176.6 32.0316298899
BLYP 0.1 176.75 32.0587133802
BLYP 0.1 176.9 32.0857968505
BLYP 0.1 177.05 32.1128803007
BLYP 0.1 177.2 32.1399637311
BLYP 0.1 177.35 32.1670471414
BLYP 0.1 177.5 32.1941305319
BLYP 0.1 177.65 32.2212139026
BLYP 0.1 177.8 32.2482972534
BLYP 0.1 177.95 32.2753805845
BLYP 0.1 178.1 32.3024638959
BLYP 0.1 178.25 32.3295471875
BLYP 0.1 178.4 32.3566304595
BLYP 0.1 178.55 32.3837137119
BLYP 0.1 178.7 32.4107969447
BLYP 0.1 178.85 32.437880158
BLYP 0.1 179 32.4649633518
BLYP 0.1 179.15 32.4920465261
BLYP 0.1 179.3 32.519129681
BLYP 0.1 179.45 32.5462128164
BLYP 0.1 179.6 32.5732959326
BLYP 0.1 179.75 32.6003790294
BLYP 0.1 179.9 32.6274621069
BLYP 0.1 180.05 32.6545451652
BLYP 0.1 180.2 32.6816282043
BLYP 0.1 180.35 32.7087112242
BLYP 0.1 180.5 32.735794225
BLYP 0.1 180.65 32.7628772067
BLYP 0.1 180.8 32.7899601694
BLYP 0.1 180.95 32.817043113
BLYP 0.1 181.1 32.8441260376
BLYP 0.1 181.25 32.8712089433
BLYP 0.1 181.4 32.89829183
BLYP 0.1 181.55 32.9253746979
BLYP 0.1 181.7 32.9524575469
BLYP 0.1 181.85 32.9795403772
BLYP 0.1 182 33.0066231886
BLYP 0.1 182.15 33.0337059813
BLYP 0.1 182.3 33.0607887553
BLYP 0.1 182.45 33.0878715107
BLYP 0.1 182.6 33.1149542474
BLYP 0.1 182.75 33.1420369655
BLYP 0.1 182.9 33.1691196651
BLYP 0.1 183.05 33.1962023461
BLYP 0.1 183.2 33.2232850086
BLYP 0.1 183.35 33.2503676527
BLYP 0.1 183.5 33.2774502784
BLYP 0.1 183.65 33.3045328856
BLYP 0.1 183.8 33.3316154745
BLYP 0.1 183.95 33.3586980451
BLYP 0.1 184.1 33.3857805974
BLYP 0.1 184.25 33.4128631315
BLYP 0.1 184.4 33.4399456473
BLYP 0.1 184.55 33.4670281449
BLYP 0.1 184.7 33.4941106244
BLYP 0.1 184.85 33.5211930858
BLYP 0.1 185 33.548275529
BLYP 0.1 185.15 33.5753579543
BLYP 0.1 185.3 33.6024403615
BLYP 0.1 185.45 33.6295227507
BLYP 0.1 185.6 33.6566051219
BLYP 0.1 185.75 33.6836874753
BLYP 0.1 185.9 33.7107698107
BLYP 0.1 186.05 33.7378521283
BLYP 0.1 186.2 33.7649344281
BLYP 0.1 186.35 33.79201671
BLYP 0.1 186.5 33.8190989742
BLYP 0.1 186.65 33.8461812207
BLYP 0.1 186.8 33.8732634494
BLYP 0.1 186.95 33.9003456605
BLYP 0.1 187.1 33.9274278539
BLYP 0.1 187.25 33.9545100297
BLYP 0.1 187.4 33.9815921879
BLYP 0.1 187.55 34.0086743285
BLYP 0.1 187.7 34.0357564548
BLYP 0.1 187.85 34.0628385547
BLYP 0.1 188 34.0899206369
BLYP 0.1 188.15 34.1170027016
BLYP 0.1 188.3 34.1440847489
BLYP 0.1 188.45 34.1711667789
BLYP 0.1 188.6 34.1982487915
BLYP 0.1 188.75 34.2253307868
BLYP 0.1 188.9 34.2524127648
BLYP 0.1 189.05 34.2794947257
BLYP 0.1 189.2 34.3065766693
BLYP 0.1 189.35 34.3336585958
BLYP 0.1 189.5 34.3607405052
BLYP 0.1 189.65 34.3878223975
BLYP 0.1 189.8 34.4149042728
BLYP 0.1 189.95 34.441986131
BLYP 0.1 190.1 34.4690679723
BLYP 0.1 190.25 34.4961497966
BLYP 0.1 190.4 34.5232316039
BLYP 0.1 190.55 34.5503133944
BLYP 0.1 190.7 34.577395168
BLYP 0.1 190.85 34.6044769249
BLYP 0.1 191 34.6315586649
BLYP 0.1 191.15 34.6586403881
BLYP 0.1 191.3 34.6857220946
BLYP 0.1 191.45 34.7128037844
BLYP 0.1 191.6 34.7398854575
BLYP 0.1 191.75 34.766967114
BLYP 0.1 191.9 34.7940487539
BLYP 0.1 192.05 34.8211303772
BLYP 0.1 192.2 34.8482119839
BLYP 0.1 192.35 34.8752935742
BLYP 0.1 192.5 34.9023751479
BLYP 0.1 192.65 34.9294567052
BLYP 0.1 192.8 34.956538246
BLYP 0.1 192.95 34.9836197704
BLYP 0.1 193.1 35.0107012785
BLYP 0.1 193.25 35.0377827702
BLYP 0.1 193.4 35.0648642456
BLYP 0.1 193.55 35.0919457047
BLYP 0.1 193.7 35.1190271476
BLYP 0.1 193.85 35.1461085743
BLYP 0.1 194 35.1731899847
BLYP 0.1 194.15 35.200271379
BLYP 0.1 194.3 35.2273527571
BLYP 0.1 194.45 35.2544341192
BLYP 0.1 194.6 35.2815154651
BLYP 0.1 194.75 35.308596795
BLYP 0.1 194.9 35.3356781089
BLYP 0.1 195.05 35.3627594068
BLYP 0.1 195.2 35.3898406887
BLYP 0.1 195.35 35.4169219546
BLYP 0.1 195.5 35.4440032047
BLYP 0.1 195.65 35.4710844389
BLYP 0.1 195.8 35.4981656572
BLYP 0.1 195.95 35.5252468597
BLYP 0.1 196.1 35.5523280464
BLYP 0.1 196.25 35.5794092174
BLYP 0.1 196.4 35.6064903725
BLYP 0.1 196.55 35.633571512
BLYP 0.1 196.7 35.6606526358
BLYP 0.1 196.85 35.6877337439
BLYP 0.1 197 35.7148148365
BLYP 0.1 197.15 35.7418959133
BLYP 0.1 197.3 35.7689769747
BLYP 0.1 197.45 35.7960580204
BLYP 0.1 197.6 35.8231390507
BLYP 0.1 197.75 35.8502200654
BLYP 0.1 197.9 35.8773010647
BLYP 0.1 198.05 35.9043820486
BLYP 0.1 198.2 35.931463017
BLYP 0.1 198.35 35.9585439701
BLYP 0.1 198.5 35.9856249077
BLYP 0.1 198.65 36.0127058301
BLYP 0.1 198.8 36.0397867371
BLYP 0.1 198.95 36.0668676289
BLYP 0.1 199.1 36.0939485054
BLYP 0.1 199.25 36.1210293667
BLYP 0.1 199.4 36.1481102128
BLYP 0.1 199.55 36.1751910437
BLYP 0.1 199.7 36.2022718595
BLYP 0.1 199.85 36.2293526601
BLYP 0.1 200 36.2564334457
