Functional Exponent Coefficient Energy
BLYP 0.02 -175 -173.0314188745
BLYP 0.02 -174.7 -172.734014601
BLYP 0.02 -174.4 -172.4366121983
BLYP 0.02 -174.1 -172.1392116719
BLYP 0.02 -173.8 -171.8418130274
BLYP 0.02 -173.5 -171.5444162703
BLYP 0.02 -173.2 -171.2470214064
BLYP 0.02 -172.9 -170.9496284413
BLYP 0.02 -172.6 -170.6522373806
BLYP 0.02 -172.3 -170.3548482301
BLYP 0.02 -172 -170.0574609954
BLYP 0.02 -171.7 -169.7600756824
BLYP 0.02 -171.4 -169.4626922969
BLYP 0.02 -171.1 -169.1653108445
BLYP 0.02 -170.8 -168.8679313313
BLYP 0.02 -170.5 -168.5705537629
BLYP 0.02 -170.2 -168.2731781455
BLYP 0.02 -169.9 -167.9758044847
BLYP 0.02 -169.6 -167.6784327867
BLYP 0.02 -169.3 -167.3810630573
BLYP 0.02 -169 -167.0836953027
BLYP 0.02 -168.7 -166.7863295287
BLYP 0.02 -168.4 -166.4889657415
BLYP 0.02 -168.1 -166.1916039472
BLYP 0.02 -167.8 -165.8942441518
BLYP 0.02 -167.5 -165.5968863616
BLYP 0.02 -167.2 -165.2995305826
BLYP 0.02 -166.9 -165.0021768211
BLYP 0.02 -166.6 -164.7048250834
BLYP 0.02 -166.3 -164.4074753756
BLYP 0.02 -166 -164.1101277041
BLYP 0.02 -165.7 -163.8127820752
BLYP 0.02 -165.4 -163.5154384952
BLYP 0.02 -165.1 -163.2180969706
BLYP 0.02 -164.8 -162.9207575077
BLYP 0.02 -164.5 -162.6234201129
BLYP 0.02 -164.2 -162.3260847928
BLYP 0.02 -163.9 -162.0287515538
BLYP 0.02 -163.6 -161.7314204024
BLYP 0.02 -163.3 -161.4340913453
BLYP 0.02 -163 -161.136764389
BLYP 0.02 -162.7 -160.8394395402
BLYP 0.02 -162.4 -160.5421168054
BLYP 0.02 -162.1 -160.2447961914
BLYP 0.02 -161.8 -159.947477705
BLYP 0.02 -161.5 -159.6501613527
BLYP 0.02 -161.2 -159.3528471415
BLYP 0.02 -160.9 -159.0555350782
BLYP 0.02 -160.6 -158.7582251695
BLYP 0.02 -160.3 -158.4609174224
BLYP 0.02 -160 -158.1636118438
BLYP 0.02 -159.7 -157.8663084406
BLYP 0.02 -159.4 -157.5690072198
BLYP 0.02 -159.1 -157.2717081884
BLYP 0.02 -158.8 -156.9744113535
BLYP 0.02 -158.5 -156.6771167222
BLYP 0.02 -158.2 -156.3798243015
BLYP 0.02 -157.9 -156.0825340986
BLYP 0.02 -157.6 -155.7852461206
BLYP 0.02 -157.3 -155.4879603749
BLYP 0.02 -157 -155.1906768686
BLYP 0.02 -156.7 -154.8933956091
BLYP 0.02 -156.4 -154.5961166036
BLYP 0.02 -156.1 -154.2988398595
BLYP 0.02 -155.8 -154.0015653842
BLYP 0.02 -155.5 -153.7042931852
BLYP 0.02 -155.2 -153.4070232698
BLYP 0.02 -154.9 -153.1097556456
BLYP 0.02 -154.6 -152.8124903201
BLYP 0.02 -154.3 -152.5152273009
BLYP 0.02 -154 -152.2179665956
BLYP 0.02 -153.7 -151.9207082119
BLYP 0.02 -153.4 -151.6234521574
BLYP 0.02 -153.1 -151.3261984398
BLYP 0.02 -152.8 -151.0289470669
BLYP 0.02 -152.5 -150.7316980466
BLYP 0.02 -152.2 -150.4344513865
BLYP 0.02 -151.9 -150.1372070946
BLYP 0.02 -151.6 -149.8399651789
BLYP 0.02 -151.3 -149.5427256472
BLYP 0.02 -151 -149.2454885075
BLYP 0.02 -150.7 -148.9482537679
BLYP 0.02 -150.4 -148.6510214364
BLYP 0.02 -150.1 -148.3537915212
BLYP 0.02 -149.8 -148.0565640303
BLYP 0.02 -149.5 -147.759338972
BLYP 0.02 -149.2 -147.4621163544
BLYP 0.02 -148.9 -147.1648961859
BLYP 0.02 -148.6 -146.8676784747
BLYP 0.02 -148.3 -146.5704632292
BLYP 0.02 -148 -146.2732504578
BLYP 0.02 -147.7 -145.9760401689
BLYP 0.02 -147.4 -145.678832371
BLYP 0.02 -147.1 -145.3816270725
BLYP 0.02 -146.8 -145.0844242821
BLYP 0.02 -146.5 -144.7872240083
BLYP 0.02 -146.2 -144.4900262597
BLYP 0.02 -145.9 -144.1928310451
BLYP 0.02 -145.6 -143.8956383732
BLYP 0.02 -145.3 -143.5984482527
BLYP 0.02 -145 -143.3012606924
BLYP 0.02 -144.7 -143.0040757012
BLYP 0.02 -144.4 -142.706893288
BLYP 0.02 -144.1 -142.4097134618
BLYP 0.02 -143.8 -142.1125362314
BLYP 0.02 -143.5 -141.815361606
BLYP 0.02 -143.2 -141.5181895946
BLYP 0.02 -142.9 -141.2210202063
BLYP 0.02 -142.6 -140.9238534504
BLYP 0.02 -142.3 -140.6266893359
BLYP 0.02 -142 -140.3295278723
BLYP 0.02 -141.7 -140.0323690687
BLYP 0.02 -141.4 -139.7352129345
BLYP 0.02 -141.1 -139.4380594791
BLYP 0.02 -140.8 -139.140908712
BLYP 0.02 -140.5 -138.8437606427
BLYP 0.02 -140.2 -138.5466152806
BLYP 0.02 -139.9 -138.2494726354
BLYP 0.02 -139.6 -137.9523327168
BLYP 0.02 -139.3 -137.6551955343
BLYP 0.02 -139 -137.3580610977
BLYP 0.02 -138.7 -137.0609294169
BLYP 0.02 -138.4 -136.7638005016
BLYP 0.02 -138.1 -136.4666743617
BLYP 0.02 -137.8 -136.1695510071
BLYP 0.02 -137.5 -135.8724304479
BLYP 0.02 -137.2 -135.5753126941
BLYP 0.02 -136.9 -135.2781977556
BLYP 0.02 -136.6 -134.9810856427
BLYP 0.02 -136.3 -134.6839763656
BLYP 0.02 -136 -134.3868699345
BLYP 0.02 -135.7 -134.0897663596
BLYP 0.02 -135.4 -133.7926656513
BLYP 0.02 -135.1 -133.49556782
BLYP 0.02 -134.8 -133.1984728762
BLYP 0.02 -134.5 -132.9013808303
BLYP 0.02 -134.2 -132.6042916929
BLYP 0.02 -133.9 -132.3072054746
BLYP 0.02 -133.6 -132.010122186
BLYP 0.02 -133.3 -131.7130418379
BLYP 0.02 -133 -131.415964441
BLYP 0.02 -132.7 -131.1188900061
BLYP 0.02 -132.4 -130.8218185442
BLYP 0.02 -132.1 -130.5247500662
BLYP 0.02 -131.8 -130.227684583
BLYP 0.02 -131.5 -129.9306221056
BLYP 0.02 -131.2 -129.6335626453
BLYP 0.02 -130.9 -129.3365062132
BLYP 0.02 -130.6 -129.0394528204
BLYP 0.02 -130.3 -128.7424024782
BLYP 0.02 -130 -128.445355198
BLYP 0.02 -129.7 -128.1483109912
BLYP 0.02 -129.4 -127.8512698692
BLYP 0.02 -129.1 -127.5542318435
BLYP 0.02 -128.8 -127.2571969257
BLYP 0.02 -128.5 -126.9601651275
BLYP 0.02 -128.2 -126.6631364604
BLYP 0.02 -127.9 -126.3661109363
BLYP 0.02 -127.6 -126.0690885669
BLYP 0.02 -127.3 -125.7720693642
BLYP 0.02 -127 -125.47505334
BLYP 0.02 -126.7 -125.1780405064
BLYP 0.02 -126.4 -124.8810308754
BLYP 0.02 -126.1 -124.5840244591
BLYP 0.02 -125.8 -124.2870212697
BLYP 0.02 -125.5 -123.9900213195
BLYP 0.02 -125.2 -123.6930246207
BLYP 0.02 -124.9 -123.3960311858
BLYP 0.02 -124.6 -123.0990410271
BLYP 0.02 -124.3 -122.8020541572
BLYP 0.02 -124 -122.5050705886
BLYP 0.02 -123.7 -122.208090334
BLYP 0.02 -123.4 -121.9111134061
BLYP 0.02 -123.1 -121.6141398176
BLYP 0.02 -122.8 -121.3171695813
BLYP 0.02 -122.5 -121.0202027103
BLYP 0.02 -122.2 -120.7232392173
BLYP 0.02 -121.9 -120.4262791155
BLYP 0.02 -121.6 -120.129322418
BLYP 0.02 -121.3 -119.832369138
BLYP 0.02 -121 -119.5354192886
BLYP 0.02 -120.7 -119.2384728832
BLYP 0.02 -120.4 -118.9415299352
BLYP 0.02 -120.1 -118.644590458
BLYP 0.02 -119.8 -118.3476544652
BLYP 0.02 -119.5 -118.0507219703
BLYP 0.02 -119.2 -117.7537929871
BLYP 0.02 -118.9 -117.4568675292
BLYP 0.02 -118.6 -117.1599456105
BLYP 0.02 -118.3 -116.8630272448
BLYP 0.02 -118 -116.5661124462
BLYP 0.02 -117.7 -116.2692012286
BLYP 0.02 -117.4 -115.9722936062
BLYP 0.02 -117.1 -115.6753895931
BLYP 0.02 -116.8 -115.3784892036
BLYP 0.02 -116.5 -115.081592452
BLYP 0.02 -116.2 -114.7846993528
BLYP 0.02 -115.9 -114.4878099205
BLYP 0.02 -115.6 -114.1909241695
BLYP 0.02 -115.3 -113.8940421146
BLYP 0.02 -115 -113.5971637705
BLYP 0.02 -114.7 -113.3002891519
BLYP 0.02 -114.4 -113.0034182738
BLYP 0.02 -114.1 -112.7065511511
BLYP 0.02 -113.8 -112.4096877988
BLYP 0.02 -113.5 -112.1128282322
BLYP 0.02 -113.2 -111.8159724663
BLYP 0.02 -112.9 -111.5191205165
BLYP 0.02 -112.6 -111.2222723981
BLYP 0.02 -112.3 -110.9254281266
BLYP 0.02 -112 -110.6285877176
BLYP 0.02 -111.7 -110.3317511865
BLYP 0.02 -111.4 -110.0349185493
BLYP 0.02 -111.1 -109.7380898215
BLYP 0.02 -110.8 -109.4412650192
BLYP 0.02 -110.5 -109.1444441582
BLYP 0.02 -110.2 -108.8476272546
BLYP 0.02 -109.9 -108.5508143246
BLYP 0.02 -109.6 -108.2540053843
BLYP 0.02 -109.3 -107.9572004502
BLYP 0.02 -109 -107.6603995385
BLYP 0.02 -108.7 -107.3636026658
BLYP 0.02 -108.4 -107.0668098486
BLYP 0.02 -108.1 -106.7700211036
BLYP 0.02 -107.8 -106.4732364476
BLYP 0.02 -107.5 -106.1764558975
BLYP 0.02 -107.2 -105.8796794701
BLYP 0.02 -106.9 -105.5829071826
BLYP 0.02 -106.6 -105.286139052
BLYP 0.02 -106.3 -104.9893750956
BLYP 0.02 -106 -104.6926153306
BLYP 0.02 -105.7 -104.3958597746
BLYP 0.02 -105.4 -104.099108445
BLYP 0.02 -105.1 -103.8023613595
BLYP 0.02 -104.8 -103.5056185357
BLYP 0.02 -104.5 -103.2088799915
BLYP 0.02 -104.2 -102.9121457447
BLYP 0.02 -103.9 -102.6154158134
BLYP 0.02 -103.6 -102.3186902156
BLYP 0.02 -103.3 -102.0219689697
BLYP 0.02 -103 -101.7252520938
BLYP 0.02 -102.7 -101.4285396064
BLYP 0.02 -102.4 -101.131831526
BLYP 0.02 -102.1 -100.8351278712
BLYP 0.02 -101.8 -100.5384286608
BLYP 0.02 -101.5 -100.2417339135
BLYP 0.02 -101.2 -99.9450436484
BLYP 0.02 -100.9 -99.6483578843
BLYP 0.02 -100.6 -99.3516766406
BLYP 0.02 -100.3 -99.0549999363
BLYP 0.02 -100 -98.758327791
BLYP 0.02 -99.7 -98.461660224
BLYP 0.02 -99.4 -98.1649972549
BLYP 0.02 -99.1 -97.8683389035
BLYP 0.02 -98.8 -97.5716851895
BLYP 0.02 -98.5 -97.2750361328
BLYP 0.02 -98.2 -96.9783917536
BLYP 0.02 -97.9 -96.6817520718
BLYP 0.02 -97.6 -96.3851171078
BLYP 0.02 -97.3 -96.088486882
BLYP 0.02 -97 -95.7918614148
BLYP 0.02 -96.7 -95.4952407269
BLYP 0.02 -96.4 -95.1986248389
BLYP 0.02 -96.1 -94.9020137717
BLYP 0.02 -95.8 -94.6054075463
BLYP 0.02 -95.5 -94.3088061838
BLYP 0.02 -95.2 -94.0122097054
BLYP 0.02 -94.9 -93.7156181324
BLYP 0.02 -94.6 -93.4190314862
BLYP 0.02 -94.3 -93.1224497884
BLYP 0.02 -94 -92.8258730608
BLYP 0.02 -93.7 -92.5293013252
BLYP 0.02 -93.4 -92.2327346034
BLYP 0.02 -93.1 -91.9361729177
BLYP 0.02 -92.8 -91.6396162902
BLYP 0.02 -92.5 -91.3430647433
BLYP 0.02 -92.2 -91.0465182993
BLYP 0.02 -91.9 -90.7499769811
BLYP 0.02 -91.6 -90.4534408112
BLYP 0.02 -91.3 -90.1569098126
BLYP 0.02 -91 -89.8603840082
BLYP 0.02 -90.7 -89.5638634212
BLYP 0.02 -90.4 -89.267348075
BLYP 0.02 -90.1 -88.9708379928
BLYP 0.02 -89.8 -88.6743331984
BLYP 0.02 -89.5 -88.3778337153
BLYP 0.02 -89.2 -88.0813395674
BLYP 0.02 -88.9 -87.7848507787
BLYP 0.02 -88.6 -87.4883673734
BLYP 0.02 -88.3 -87.1918893756
BLYP 0.02 -88 -86.8954168099
BLYP 0.02 -87.7 -86.5989497008
BLYP 0.02 -87.4 -86.302488073
BLYP 0.02 -87.1 -86.0060319514
BLYP 0.02 -86.8 -85.709581361
BLYP 0.02 -86.5 -85.413136327
BLYP 0.02 -86.2 -85.1166968747
BLYP 0.02 -85.9 -84.8202630295
BLYP 0.02 -85.6 -84.5238348172
BLYP 0.02 -85.3 -84.2274122635
BLYP 0.02 -85 -83.9309953943
BLYP 0.02 -84.7 -83.6345842358
BLYP 0.02 -84.4 -83.3381788143
BLYP 0.02 -84.1 -83.0417791562
BLYP 0.02 -83.8 -82.7453852881
BLYP 0.02 -83.5 -82.4489972367
BLYP 0.02 -83.2 -82.1526150291
BLYP 0.02 -82.9 -81.8562386923
BLYP 0.02 -82.6 -81.5598682536
BLYP 0.02 -82.3 -81.2635037405
BLYP 0.02 -82 -80.9671451806
BLYP 0.02 -81.7 -80.6707926017
BLYP 0.02 -81.4 -80.3744460317
BLYP 0.02 -81.1 -80.078105499
BLYP 0.02 -80.8 -79.7817710317
BLYP 0.02 -80.5 -79.4854426584
BLYP 0.02 -80.2 -79.189120408
BLYP 0.02 -79.9 -78.8928043092
BLYP 0.02 -79.6 -78.5964943911
BLYP 0.02 -79.3 -78.3001906832
BLYP 0.02 -79 -78.0038932148
BLYP 0.02 -78.7 -77.7076020158
BLYP 0.02 -78.4 -77.4113171159
BLYP 0.02 -78.1 -77.1150385455
BLYP 0.02 -77.8 -76.818766335
BLYP 0.02 -77.5 -76.5225005151
BLYP 0.02 -77.2 -76.2262411174
BLYP 0.02 -76.9 -75.929988205
BLYP 0.02 -76.6 -75.6337417959
BLYP 0.02 -76.3 -75.3375019032
BLYP 0.02 -76 -75.0412685578
BLYP 0.02 -75.7 -74.7450417912
BLYP 0.02 -75.4 -74.448821635
BLYP 0.02 -75.1 -74.1526081213
BLYP 0.02 -74.8 -73.8564012823
BLYP 0.02 -74.5 -73.5602011507
BLYP 0.02 -74.2 -73.2640077592
BLYP 0.02 -73.9 -72.9678211407
BLYP 0.02 -73.6 -72.6716413284
BLYP 0.02 -73.3 -72.375468356
BLYP 0.02 -73 -72.0793022569
BLYP 0.02 -72.7 -71.7831430653
BLYP 0.02 -72.4 -71.4869908153
BLYP 0.02 -72.1 -71.1908455413
BLYP 0.02 -71.8 -70.894707278
BLYP 0.02 -71.5 -70.5985760603
BLYP 0.02 -71.2 -70.3024519235
BLYP 0.02 -70.9 -70.0063349029
BLYP 0.02 -70.6 -69.7102250343
BLYP 0.02 -70.3 -69.4141223537
BLYP 0.02 -70 -69.1180268971
BLYP 0.02 -69.7 -68.8219387013
BLYP 0.02 -69.4 -68.5258578029
BLYP 0.02 -69.1 -68.2297842389
BLYP 0.02 -68.8 -67.9337180467
BLYP 0.02 -68.5 -67.6376592639
BLYP 0.02 -68.2 -67.3416079283
BLYP 0.02 -67.9 -67.0455640782
BLYP 0.02 -67.6 -66.749527752
BLYP 0.02 -67.3 -66.4534989885
BLYP 0.02 -67 -66.1574778267
BLYP 0.02 -66.7 -65.861464306
BLYP 0.02 -66.4 -65.5654584661
BLYP 0.02 -66.1 -65.269460347
BLYP 0.02 -65.8 -64.973469989
BLYP 0.02 -65.5 -64.6774874328
BLYP 0.02 -65.2 -64.3815127194
BLYP 0.02 -64.9 -64.0855458902
BLYP 0.02 -64.6 -63.7895869869
BLYP 0.02 -64.3 -63.4936360519
BLYP 0.02 -64 -63.1976931278
BLYP 0.02 -63.7 -62.9017582583
BLYP 0.02 -63.4 -62.6058314881
BLYP 0.02 -63.1 -62.3099128637
BLYP 0.02 -62.8 -62.0140024341
BLYP 0.02 -62.5 -61.7181002465
BLYP 0.02 -62.2 -61.4222063408
BLYP 0.02 -61.9 -61.1263207575
BLYP 0.02 -61.6 -60.8304435392
BLYP 0.02 -61.3 -60.53457473
BLYP 0.02 -61 -60.2387143753
BLYP 0.02 -60.7 -59.9428625211
BLYP 0.02 -60.4 -59.647019214
BLYP 0.02 -60.1 -59.3511845011
BLYP 0.02 -59.8 -59.0553584302
BLYP 0.02 -59.5 -58.7595410494
BLYP 0.02 -59.2 -58.4637324074
BLYP 0.02 -58.9 -58.1679325532
BLYP 0.02 -58.6 -57.8721415364
BLYP 0.02 -58.3 -57.5763594069
BLYP 0.02 -58 -57.2805862154
BLYP 0.02 -57.7 -56.9848220128
BLYP 0.02 -57.4 -56.6890668506
BLYP 0.02 -57.1 -56.3933207807
BLYP 0.02 -56.8 -56.0975838557
BLYP 0.02 -56.5 -55.8018561286
BLYP 0.02 -56.2 -55.5061376528
BLYP 0.02 -55.9 -55.2104284826
BLYP 0.02 -55.6 -54.9147286725
BLYP 0.02 -55.3 -54.6190382777
BLYP 0.02 -55 -54.3233573539
BLYP 0.02 -54.7 -54.0276859576
BLYP 0.02 -54.4 -53.7320241456
BLYP 0.02 -54.1 -53.4363719756
BLYP 0.02 -53.8 -53.1407295055
BLYP 0.02 -53.5 -52.8450967944
BLYP 0.02 -53.2 -52.5494739015
BLYP 0.02 -52.9 -52.253860887
BLYP 0.02 -52.6 -51.9582578116
BLYP 0.02 -52.3 -51.6626647368
BLYP 0.02 -52 -51.3670817247
BLYP 0.02 -51.7 -51.0715088382
BLYP 0.02 -51.4 -50.7759461409
BLYP 0.02 -51.1 -50.4803936972
BLYP 0.02 -50.8 -50.184851572
BLYP 0.02 -50.5 -49.8893198314
BLYP 0.02 -50.2 -49.593798542
BLYP 0.02 -49.9 -49.2982877714
BLYP 0.02 -49.6 -49.0027875879
BLYP 0.02 -49.3 -48.7072980607
BLYP 0.02 -49 -48.41181926
BLYP 0.02 -48.7 -48.1163512568
BLYP 0.02 -48.4 -47.8208941231
BLYP 0.02 -48.1 -47.5254479321
BLYP 0.02 -47.8 -47.2300127578
BLYP 0.02 -47.5 -46.9345886757
BLYP 0.02 -47.2 -46.6391757628
BLYP 0.02 -46.9 -46.3437741006
BLYP 0.02 -46.6 -46.048383883
BLYP 0.02 -46.3 -45.75300508
BLYP 0.02 -46 -45.457637765
BLYP 0.02 -45.7 -45.162282018
BLYP 0.02 -45.4 -44.8669379207
BLYP 0.02 -45.1 -44.571605556
BLYP 0.02 -44.8 -44.2762850085
BLYP 0.02 -44.5 -43.980976364
BLYP 0.02 -44.2 -43.6856797095
BLYP 0.02 -43.9 -43.3903951335
BLYP 0.02 -43.6 -43.0951227258
BLYP 0.02 -43.3 -42.7998625777
BLYP 0.02 -43 -42.5046147817
BLYP 0.02 -42.7 -42.209379432
BLYP 0.02 -42.4 -41.9141566243
BLYP 0.02 -42.1 -41.6189464557
BLYP 0.02 -41.8 -41.3237490251
BLYP 0.02 -41.5 -41.0285644327
BLYP 0.02 -41.2 -40.7333927808
BLYP 0.02 -40.9 -40.438234173
BLYP 0.02 -40.6 -40.1430887151
BLYP 0.02 -40.3 -39.8479565144
BLYP 0.02 -40 -39.5528376801
BLYP 0.02 -39.7 -39.2577323235
BLYP 0.02 -39.4 -38.9626405575
BLYP 0.02 -39.1 -38.6675624973
BLYP 0.02 -38.8 -38.3724982594
BLYP 0.02 -38.5 -38.0774479646
BLYP 0.02 -38.2 -37.782411787
BLYP 0.02 -37.9 -37.4873897963
BLYP 0.02 -37.6 -37.1923821167
BLYP 0.02 -37.3 -36.897388879
BLYP 0.02 -37 -36.6024102158
BLYP 0.02 -36.7 -36.3074462642
BLYP 0.02 -36.4 -36.0124972261
BLYP 0.02 -36.1 -35.717563211
BLYP 0.02 -35.8 -35.4226443321
BLYP 0.02 -35.5 -35.1277407334
BLYP 0.02 -35.2 -34.8328525632
BLYP 0.02 -34.9 -34.5379799727
BLYP 0.02 -34.6 -34.2431231168
BLYP 0.02 -34.3 -33.9482821538
BLYP 0.02 -34 -33.6534572454
BLYP 0.02 -33.7 -33.3586485571
BLYP 0.02 -33.4 -33.0638562581
BLYP 0.02 -33.1 -32.7690805215
BLYP 0.02 -32.8 -32.4743215245
BLYP 0.02 -32.5 -32.1795794487
BLYP 0.02 -32.2 -31.8848544805
BLYP 0.02 -31.9 -31.5901468321
BLYP 0.02 -31.6 -31.2954566946
BLYP 0.02 -31.3 -31.0007842562
BLYP 0.02 -31 -30.7061297204
BLYP 0.02 -30.7 -30.4114932926
BLYP 0.02 -30.4 -30.1168751857
BLYP 0.02 -30.1 -29.8222756234
BLYP 0.02 -29.8 -29.5276948319
BLYP 0.02 -29.5 -29.233133042
BLYP 0.02 -29.2 -28.9385904919
BLYP 0.02 -28.9 -28.6440674257
BLYP 0.02 -28.6 -28.3495640944
BLYP 0.02 -28.3 -28.0550807569
BLYP 0.02 -28 -27.7606176836
BLYP 0.02 -27.7 -27.4661751457
BLYP 0.02 -27.4 -27.1717534198
BLYP 0.02 -27.1 -26.8773528001
BLYP 0.02 -26.8 -26.5829735768
BLYP 0.02 -26.5 -26.2886160558
BLYP 0.02 -26.2 -25.9942805513
BLYP 0.02 -25.9 -25.6999673872
BLYP 0.02 -25.6 -25.405676897
BLYP 0.02 -25.3 -25.1114094244
BLYP 0.02 -25 -24.8171653238
BLYP 0.02 -24.7 -24.5229449606
BLYP 0.02 -24.4 -24.2287487118
BLYP 0.02 -24.1 -23.9345769664
BLYP 0.02 -23.8 -23.6404301262
BLYP 0.02 -23.5 -23.3463086058
BLYP 0.02 -23.2 -23.052212834
BLYP 0.02 -22.9 -22.7581432526
BLYP 0.02 -22.6 -22.4641003191
BLYP 0.02 -22.3 -22.1700845073
BLYP 0.02 -22 -21.8760963064
BLYP 0.02 -21.7 -21.5821362233
BLYP 0.02 -21.4 -21.2882047838
BLYP 0.02 -21.1 -20.9943025289
BLYP 0.02 -20.8 -20.7004300209
BLYP 0.02 -20.5 -20.4065878427
BLYP 0.02 -20.2 -20.1127765984
BLYP 0.02 -19.9 -19.8189969145
BLYP 0.02 -19.6 -19.5252494409
BLYP 0.02 -19.3 -19.2315348524
BLYP 0.02 -19 -18.9378538492
BLYP 0.02 -18.7 -18.644207159
BLYP 0.02 -18.4 -18.3505955375
BLYP 0.02 -18.1 -18.0570197706
BLYP 0.02 -17.8 -17.7634806753
BLYP 0.02 -17.5 -17.4699791017
BLYP 0.02 -17.2 -17.1765159345
BLYP 0.02 -16.9 -16.8830920947
BLYP 0.02 -16.6 -16.5897085418
BLYP 0.02 -16.3 -16.2963662755
BLYP 0.02 -16 -16.0030663381
BLYP 0.02 -15.7 -15.7098098167
BLYP 0.02 -15.4 -15.4165978455
BLYP 0.02 -15.1 -15.1234316086
BLYP 0.02 -14.8 -14.8303123426
BLYP 0.02 -14.5 -14.5372413395
BLYP 0.02 -14.2 -14.2442199501
BLYP 0.02 -13.9 -13.9512495869
BLYP 0.02 -13.6 -13.6583317282
BLYP 0.02 -13.3 -13.3654679216
BLYP 0.02 -13 -13.072659788
BLYP 0.02 -12.7 -12.7799090264
BLYP 0.02 -12.4 -12.4872174185
BLYP 0.02 -12.1 -12.1945868334
BLYP 0.02 -11.8 -11.9020192337
BLYP 0.02 -11.5 -11.6095166811
BLYP 0.02 -11.2 -11.3170813429
BLYP 0.02 -10.9 -11.024715499
BLYP 0.02 -10.6 -10.7324215494
BLYP 0.02 -10.3 -10.4402020227
BLYP 0.02 -10 -10.148059585
BLYP 0.02 -9.7 -9.85599705
BLYP 0.02 -9.4 -9.5640173897
BLYP 0.02 -9.1 -9.2721237473
BLYP 0.02 -8.8 -8.9803194502
BLYP 0.02 -8.5 -8.6886080259
BLYP 0.02 -8.2 -8.3969932309
BLYP 0.02 -7.9 -8.1054791206
BLYP 0.02 -7.6 -7.8140698713
BLYP 0.02 -7.3 -7.522770005
BLYP 0.02 -7 -7.2315843668
BLYP 0.02 -6.7 -6.9405182044
BLYP 0.02 -6.4 -6.649577032
BLYP 0.02 -6.1 -6.3587668545
BLYP 0.02 -5.8 -6.0680941778
BLYP 0.02 -5.5 -5.7775660726
BLYP 0.02 -5.2 -5.4871902625
BLYP 0.02 -4.9 -5.1969752368
BLYP 0.02 -4.6 -4.9069305779
BLYP 0.02 -4.3 -4.6170667086
BLYP 0.02 -4 -4.3273953654
BLYP 0.02 -3.7 -4.0379299446
BLYP 0.02 -3.4 -3.7486859937
BLYP 0.02 -3.1 -3.4596814108
BLYP 0.02 -2.8 -3.170937554
BLYP 0.02 -2.5 -2.8824801148
BLYP 0.02 -2.2 -2.5943407321
BLYP 0.02 -1.9 -2.3065592226
BLYP 0.02 -1.6 -2.0191869373
BLYP 0.02 -1.3 -1.7322919139
BLYP 0.02 -1 -1.445966961
BLYP 0.02 -0.7 -1.1603426441
BLYP 0.02 -0.4 -0.8756085639
BLYP 0.02 -0.1 -0.59204864
BLYP 0.02 0.2 -0.3100992281
BLYP 0.02 0.5 -0.030440572
BLYP 0.02 0.8 0.2458765265
BLYP 0.02 1.1 0.5173036367
BLYP 0.02 1.4 0.7817641568
BLYP 0.02 1.7 1.0368064548
BLYP 0.02 2 1.2797964304
BLYP 0.02 2.3 1.5097441601
BLYP 0.02 2.6 1.7310922975
BLYP 0.02 2.9 1.9480502374
BLYP 0.02 3.2 2.1625612937
BLYP 0.02 3.5 2.3755480222
BLYP 0.02 3.8 2.5874518057
BLYP 0.02 4.1 2.7985246829
BLYP 0.02 4.4 3.008931826
BLYP 0.02 4.7 3.2187903957
BLYP 0.02 5 3.4281773139
BLYP 0.02 5.3 3.6371528658
BLYP 0.02 5.6 3.8457841509
BLYP 0.02 5.9 4.054099133
BLYP 0.02 6.2 4.2621298476
BLYP 0.02 6.5 4.4699231304
BLYP 0.02 6.8 4.6775045422
BLYP 0.02 7.1 4.8848945936
BLYP 0.02 7.4 5.0921106772
BLYP 0.02 7.7 5.2991678382
BLYP 0.02 8 5.5060789709
BLYP 0.02 8.3 5.7128486763
BLYP 0.02 8.6 5.9194798772
BLYP 0.02 8.9 6.1259972499
BLYP 0.02 9.2 6.3324094284
BLYP 0.02 9.5 6.5387238416
BLYP 0.02 9.8 6.7449470899
BLYP 0.02 10.1 6.9510850999
BLYP 0.02 10.4 7.157143226
BLYP 0.02 10.7 7.3631263278
BLYP 0.02 11 7.5690388319
BLYP 0.02 11.3 7.7748847839
BLYP 0.02 11.6 7.9806678915
BLYP 0.02 11.9 8.1863915615
BLYP 0.02 12.2 8.3920589325
BLYP 0.02 12.5 8.5976729019
BLYP 0.02 12.8 8.8032361505
BLYP 0.02 13.1 9.0087511635
BLYP 0.02 13.4 9.2142202492
BLYP 0.02 13.7 9.4196455551
BLYP 0.02 14 9.6250290826
BLYP 0.02 14.3 9.8303726998
BLYP 0.02 14.6 10.035678153
BLYP 0.02 14.9 10.2409470767
BLYP 0.02 15.2 10.4461810028
BLYP 0.02 15.5 10.6513813688
BLYP 0.02 15.8 10.8565495245
BLYP 0.02 16.1 11.0616867389
BLYP 0.02 16.4 11.2667942051
BLYP 0.02 16.7 11.4718730451
BLYP 0.02 17 11.6769243125
BLYP 0.02 17.3 11.8819489934
BLYP 0.02 17.6 12.0869480009
BLYP 0.02 17.9 12.2919221479
BLYP 0.02 18.2 12.4968698828
BLYP 0.02 18.5 12.7017892152
BLYP 0.02 18.8 12.9066863036
BLYP 0.02 19.1 13.1115620409
BLYP 0.02 19.4 13.3164171918
BLYP 0.02 19.7 13.5212524581
BLYP 0.02 20 13.7260684969
BLYP 0.02 20.3 13.9308659283
BLYP 0.02 20.6 14.1356453404
BLYP 0.02 20.9 14.3404072922
BLYP 0.02 21.2 14.5451523164
BLYP 0.02 21.5 14.7498809213
BLYP 0.02 21.8 14.9545935923
BLYP 0.02 22.1 15.1592907937
BLYP 0.02 22.4 15.3639729701
BLYP 0.02 22.7 15.5686405471
BLYP 0.02 23 15.773293933
BLYP 0.02 23.3 15.9779335195
BLYP 0.02 23.6 16.1825596825
BLYP 0.02 23.9 16.3871727833
BLYP 0.02 24.2 16.5917731691
BLYP 0.02 24.5 16.7963611738
BLYP 0.02 24.8 17.0009371181
BLYP 0.02 25.1 17.2055013089
BLYP 0.02 25.4 17.4100538589
BLYP 0.02 25.7 17.6145952212
BLYP 0.02 26 17.8191257007
BLYP 0.02 26.3 18.0236455687
BLYP 0.02 26.6 18.2281550861
BLYP 0.02 26.9 18.4326545045
BLYP 0.02 27.2 18.6371440663
BLYP 0.02 27.5 18.8416240056
BLYP 0.02 27.8 19.0460945482
BLYP 0.02 28.1 19.2505559124
BLYP 0.02 28.4 19.4550083088
BLYP 0.02 28.7 19.6594519411
BLYP 0.02 29 19.8638870063
BLYP 0.02 29.3 20.0683136948
BLYP 0.02 29.6 20.2727321909
BLYP 0.02 29.9 20.477142673
BLYP 0.02 30.2 20.6815453137
BLYP 0.02 30.5 20.8859402804
BLYP 0.02 30.8 21.0903277351
BLYP 0.02 31.1 21.2947078349
BLYP 0.02 31.4 21.4990807321
BLYP 0.02 31.7 21.7034465743
BLYP 0.02 32 21.9078055048
BLYP 0.02 32.3 22.1121576627
BLYP 0.02 32.6 22.3165031828
BLYP 0.02 32.9 22.5208421963
BLYP 0.02 33.2 22.7251748304
BLYP 0.02 33.5 22.9295012086
BLYP 0.02 33.8 23.1338214513
BLYP 0.02 34.1 23.3381356751
BLYP 0.02 34.4 23.5424439937
BLYP 0.02 34.7 23.7467465174
BLYP 0.02 35 23.9510433537
BLYP 0.02 35.3 24.1553346071
BLYP 0.02 35.6 24.3596203794
BLYP 0.02 35.9 24.5639007695
BLYP 0.02 36.2 24.768175874
BLYP 0.02 36.5 24.9724457868
BLYP 0.02 36.8 25.1767105994
BLYP 0.02 37.1 25.3809704009
BLYP 0.02 37.4 25.5852252782
BLYP 0.02 37.7 25.7894753162
BLYP 0.02 38 25.9937205973
BLYP 0.02 38.3 26.1979612021
BLYP 0.02 38.6 26.4021972092
BLYP 0.02 38.9 26.6064286954
BLYP 0.02 39.2 26.8106557353
BLYP 0.02 39.5 27.0148784022
BLYP 0.02 39.8 27.2190967671
BLYP 0.02 40.1 27.4233108999
BLYP 0.02 40.4 27.6275208686
BLYP 0.02 40.7 27.8317267395
BLYP 0.02 41 28.0359285776
BLYP 0.02 41.3 28.2401264465
BLYP 0.02 41.6 28.4443204081
BLYP 0.02 41.9 28.6485105232
BLYP 0.02 42.2 28.8526968511
BLYP 0.02 42.5 29.05687945
BLYP 0.02 42.8 29.2610583765
BLYP 0.02 43.1 29.4652336865
BLYP 0.02 43.4 29.6694054341
BLYP 0.02 43.7 29.8735736728
BLYP 0.02 44 30.0777384546
BLYP 0.02 44.3 30.2818998304
BLYP 0.02 44.6 30.4860578502
BLYP 0.02 44.9 30.690212563
BLYP 0.02 45.2 30.8943640163
BLYP 0.02 45.5 31.0985122573
BLYP 0.02 45.8 31.3026573316
BLYP 0.02 46.1 31.5067992842
BLYP 0.02 46.4 31.7109381592
BLYP 0.02 46.7 31.9150739996
BLYP 0.02 47 32.1192068476
BLYP 0.02 47.3 32.3233367446
BLYP 0.02 47.6 32.5274637312
BLYP 0.02 47.9 32.7315878472
BLYP 0.02 48.2 32.9357091313
BLYP 0.02 48.5 33.139827622
BLYP 0.02 48.8 33.3439433565
BLYP 0.02 49.1 33.5480563716
BLYP 0.02 49.4 33.7521667034
BLYP 0.02 49.7 33.9562743871
BLYP 0.02 50 34.1603794574
BLYP 0.02 50.3 34.3644819482
BLYP 0.02 50.6 34.568581893
BLYP 0.02 50.9 34.7726793243
BLYP 0.02 51.2 34.9767742745
BLYP 0.02 51.5 35.1808667748
BLYP 0.02 51.8 35.3849568564
BLYP 0.02 52.1 35.5890445495
BLYP 0.02 52.4 35.7931298839
BLYP 0.02 52.7 35.9972128891
BLYP 0.02 53 36.2012935936
BLYP 0.02 53.3 36.4053720257
BLYP 0.02 53.6 36.6094482132
BLYP 0.02 53.9 36.8135221833
BLYP 0.02 54.2 37.0175939628
BLYP 0.02 54.5 37.2216635779
BLYP 0.02 54.8 37.4257310544
BLYP 0.02 55.1 37.6297964179
BLYP 0.02 55.4 37.8338596932
BLYP 0.02 55.7 38.0379209048
BLYP 0.02 56 38.2419800768
BLYP 0.02 56.3 38.446037233
BLYP 0.02 56.6 38.6500923966
BLYP 0.02 56.9 38.8541455905
BLYP 0.02 57.2 39.0581968373
BLYP 0.02 57.5 39.2622461591
BLYP 0.02 57.8 39.4662935777
BLYP 0.02 58.1 39.6703391145
BLYP 0.02 58.4 39.8743827905
BLYP 0.02 58.7 40.0784246266
BLYP 0.02 59 40.2824646431
BLYP 0.02 59.3 40.48650286
BLYP 0.02 59.6 40.6905392971
BLYP 0.02 59.9 40.8945739739
BLYP 0.02 60.2 41.0986069094
BLYP 0.02 60.5 41.3026381225
BLYP 0.02 60.8 41.5066676317
BLYP 0.02 61.1 41.7106954552
BLYP 0.02 61.4 41.914721611
BLYP 0.02 61.7 42.1187461167
BLYP 0.02 62 42.3227689898
BLYP 0.02 62.3 42.5267902474
BLYP 0.02 62.6 42.7308099063
BLYP 0.02 62.9 42.9348279831
BLYP 0.02 63.2 43.1388444943
BLYP 0.02 63.5 43.3428594559
BLYP 0.02 63.8 43.5468728839
BLYP 0.02 64.1 43.7508847939
BLYP 0.02 64.4 43.9548952014
BLYP 0.02 64.7 44.1589041214
BLYP 0.02 65 44.3629115692
BLYP 0.02 65.3 44.5669175593
BLYP 0.02 65.6 44.7709221065
BLYP 0.02 65.9 44.9749252249
BLYP 0.02 66.2 45.1789269289
BLYP 0.02 66.5 45.3829272324
BLYP 0.02 66.8 45.586926149
BLYP 0.02 67.1 45.7909236924
BLYP 0.02 67.4 45.9949198759
BLYP 0.02 67.7 46.1989147128
BLYP 0.02 68 46.4029082159
BLYP 0.02 68.3 46.606900398
BLYP 0.02 68.6 46.810891272
BLYP 0.02 68.9 47.01488085
BLYP 0.02 69.2 47.2188691446
BLYP 0.02 69.5 47.4228561677
BLYP 0.02 69.8 47.6268419314
BLYP 0.02 70.1 47.8308264473
BLYP 0.02 70.4 48.0348097272
BLYP 0.02 70.7 48.2387917825
BLYP 0.02 71 48.4427726245
BLYP 0.02 71.3 48.6467522644
BLYP 0.02 71.6 48.8507307132
BLYP 0.02 71.9 49.0547079817
BLYP 0.02 72.2 49.2586840808
BLYP 0.02 72.5 49.4626590209
BLYP 0.02 72.8 49.6666328125
BLYP 0.02 73.1 49.8706054659
BLYP 0.02 73.4 50.0745769913
BLYP 0.02 73.7 50.2785473988
BLYP 0.02 74 50.4825166982
BLYP 0.02 74.3 50.6864848993
BLYP 0.02 74.6 50.8904520118
BLYP 0.02 74.9 51.0944180452
BLYP 0.02 75.2 51.298383009
BLYP 0.02 75.5 51.5023469124
BLYP 0.02 75.8 51.7063097646
BLYP 0.02 76.1 51.9102715747
BLYP 0.02 76.4 52.1142323516
BLYP 0.02 76.7 52.3181921042
BLYP 0.02 77 52.5221508412
BLYP 0.02 77.3 52.7261085711
BLYP 0.02 77.6 52.9300653027
BLYP 0.02 77.9 53.1340210441
BLYP 0.02 78.2 53.3379758038
BLYP 0.02 78.5 53.54192959
BLYP 0.02 78.8 53.7458824107
BLYP 0.02 79.1 53.949834274
BLYP 0.02 79.4 54.1537851877
BLYP 0.02 79.7 54.3577351598
BLYP 0.02 80 54.5616841979
BLYP 0.02 80.3 54.7656323097
BLYP 0.02 80.6 54.9695795027
BLYP 0.02 80.9 55.1735257843
BLYP 0.02 81.2 55.377471162
BLYP 0.02 81.5 55.5814156429
BLYP 0.02 81.8 55.7853592344
BLYP 0.02 82.1 55.9893019434
BLYP 0.02 82.4 56.1932437772
BLYP 0.02 82.7 56.3971847424
BLYP 0.02 83 56.6011248462
BLYP 0.02 83.3 56.8050640952
BLYP 0.02 83.6 57.0090024961
BLYP 0.02 83.9 57.2129400556
BLYP 0.02 84.2 57.4168767803
BLYP 0.02 84.5 57.6208126765
BLYP 0.02 84.8 57.8247477509
BLYP 0.02 85.1 58.0286820096
BLYP 0.02 85.4 58.2326154589
BLYP 0.02 85.7 58.4365481051
BLYP 0.02 86 58.6404799542
BLYP 0.02 86.3 58.8444110124
BLYP 0.02 86.6 59.0483412856
BLYP 0.02 86.9 59.2522707798
BLYP 0.02 87.2 59.4561995008
BLYP 0.02 87.5 59.6601274543
BLYP 0.02 87.8 59.8640546463
BLYP 0.02 88.1 60.0679810822
BLYP 0.02 88.4 60.2719067678
BLYP 0.02 88.7 60.4758317085
BLYP 0.02 89 60.6797559099
BLYP 0.02 89.3 60.8836793774
BLYP 0.02 89.6 61.0876021162
BLYP 0.02 89.9 61.2915241319
BLYP 0.02 90.2 61.4954454284
BLYP 0.02 90.5 61.6993660103
BLYP 0.02 90.8 61.9032858844
BLYP 0.02 91.1 62.107205056
BLYP 0.02 91.4 62.31112353
BLYP 0.02 91.7 62.5150413114
BLYP 0.02 92 62.7189584052
BLYP 0.02 92.3 62.9228748163
BLYP 0.02 92.6 63.1267905493
BLYP 0.02 92.9 63.3307056092
BLYP 0.02 93.2 63.5346200005
BLYP 0.02 93.5 63.7385337279
BLYP 0.02 93.8 63.9424467958
BLYP 0.02 94.1 64.1463592087
BLYP 0.02 94.4 64.3502709635
BLYP 0.02 94.7 64.5541820459
BLYP 0.02 95 64.7580924864
BLYP 0.02 95.3 64.9620022899
BLYP 0.02 95.6 65.1659114609
BLYP 0.02 95.9 65.369820004
BLYP 0.02 96.2 65.5737279234
BLYP 0.02 96.5 65.7776352235
BLYP 0.02 96.8 65.9815419084
BLYP 0.02 97.1 66.1854479825
BLYP 0.02 97.4 66.3893534498
BLYP 0.02 97.7 66.5932583145
BLYP 0.02 98 66.7971625805
BLYP 0.02 98.3 67.001066252
BLYP 0.02 98.6 67.2049693329
BLYP 0.02 98.9 67.4088718271
BLYP 0.02 99.2 67.6127737386
BLYP 0.02 99.5 67.8166750711
BLYP 0.02 99.8 68.0205758285
BLYP 0.02 100.1 68.2244760147
BLYP 0.02 100.4 68.4283756333
BLYP 0.02 100.7 68.632274688
BLYP 0.02 101 68.8361731825
BLYP 0.02 101.3 69.0400711205
BLYP 0.02 101.6 69.2439685056
BLYP 0.02 101.9 69.4478653413
BLYP 0.02 102.2 69.6517616312
BLYP 0.02 102.5 69.8556573788
BLYP 0.02 102.8 70.0595525875
BLYP 0.02 103.1 70.2634472608
BLYP 0.02 103.4 70.4673414022
BLYP 0.02 103.7 70.6712350148
BLYP 0.02 104 70.8751281022
BLYP 0.02 104.3 71.0790206677
BLYP 0.02 104.6 71.2829127144
BLYP 0.02 104.9 71.4868042457
BLYP 0.02 105.2 71.6906952648
BLYP 0.02 105.5 71.8945857749
BLYP 0.02 105.8 72.0984757791
BLYP 0.02 106.1 72.3023652805
BLYP 0.02 106.4 72.5062542824
BLYP 0.02 106.7 72.7101427877
BLYP 0.02 107 72.9140307996
BLYP 0.02 107.3 73.1179183209
BLYP 0.02 107.6 73.3218053548
BLYP 0.02 107.9 73.5256919042
BLYP 0.02 108.2 73.7295779721
BLYP 0.02 108.5 73.9334635613
BLYP 0.02 108.8 74.1373486748
BLYP 0.02 109.1 74.3412333154
BLYP 0.02 109.4 74.5451174859
BLYP 0.02 109.7 74.7490011893
BLYP 0.02 110 74.9528844282
BLYP 0.02 110.3 75.1567672054
BLYP 0.02 110.6 75.3606495237
BLYP 0.02 110.9 75.5645313858
BLYP 0.02 111.2 75.7684127944
BLYP 0.02 111.5 75.9722937522
BLYP 0.02 111.8 76.1761742617
BLYP 0.02 112.1 76.3800543257
BLYP 0.02 112.4 76.5839339467
BLYP 0.02 112.7 76.7878131274
BLYP 0.02 113 76.9916918702
BLYP 0.02 113.3 77.1955701777
BLYP 0.02 113.6 77.3994480524
BLYP 0.02 113.9 77.6033254968
BLYP 0.02 114.2 77.8072025134
BLYP 0.02 114.5 78.0110791047
BLYP 0.02 114.8 78.214955273
BLYP 0.02 115.1 78.4188310207
BLYP 0.02 115.4 78.6227063503
BLYP 0.02 115.7 78.8265812641
BLYP 0.02 116 79.0304557644
BLYP 0.02 116.3 79.2343298536
BLYP 0.02 116.6 79.438203534
BLYP 0.02 116.9 79.6420768078
BLYP 0.02 117.2 79.8459496773
BLYP 0.02 117.5 80.0498221448
BLYP 0.02 117.8 80.2536942124
BLYP 0.02 118.1 80.4575658823
BLYP 0.02 118.4 80.6614371567
BLYP 0.02 118.7 80.8653080378
BLYP 0.02 119 81.0691785277
BLYP 0.02 119.3 81.2730486284
BLYP 0.02 119.6 81.4769183419
BLYP 0.02 119.9 81.6807876704
BLYP 0.02 120.2 81.8846566156
BLYP 0.02 120.5 82.0885251796
BLYP 0.02 120.8 82.2923933639
BLYP 0.02 121.1 82.4962611698
BLYP 0.02 121.4 82.7001285487
BLYP 0.02 121.7 82.903995504
BLYP 0.02 122 83.1078620874
BLYP 0.02 122.3 83.3117283016
BLYP 0.02 122.6 83.5155941492
BLYP 0.02 122.9 83.7194596322
BLYP 0.02 123.2 83.9233247528
BLYP 0.02 123.5 84.127189513
BLYP 0.02 123.8 84.3310539149
BLYP 0.02 124.1 84.5349179604
BLYP 0.02 124.4 84.7387816515
BLYP 0.02 124.7 84.9426449901
BLYP 0.02 125 85.1465079782
BLYP 0.02 125.3 85.3503706175
BLYP 0.02 125.6 85.55423291
BLYP 0.02 125.9 85.7580948575
BLYP 0.02 126.2 85.9619564618
BLYP 0.02 126.5 86.1658177247
BLYP 0.02 126.8 86.369678648
BLYP 0.02 127.1 86.5735392336
BLYP 0.02 127.4 86.7773994831
BLYP 0.02 127.7 86.9812593984
BLYP 0.02 128 87.1851189811
BLYP 0.02 128.3 87.388978233
BLYP 0.02 128.6 87.5928371557
BLYP 0.02 128.9 87.7966957511
BLYP 0.02 129.2 88.0005540206
BLYP 0.02 129.5 88.2044119661
BLYP 0.02 129.8 88.4082695892
BLYP 0.02 130.1 88.6121268915
BLYP 0.02 130.4 88.8159838746
BLYP 0.02 130.7 89.0198405402
BLYP 0.02 131 89.2236968898
BLYP 0.02 131.3 89.4275529251
BLYP 0.02 131.6 89.6314086477
BLYP 0.02 131.9 89.835264059
BLYP 0.02 132.2 90.0391191607
BLYP 0.02 132.5 90.2429739543
BLYP 0.02 132.8 90.4468284413
BLYP 0.02 133.1 90.6506826233
BLYP 0.02 133.4 90.8545365017
BLYP 0.02 133.7 91.0583900781
BLYP 0.02 134 91.262243354
BLYP 0.02 134.3 91.4660963308
BLYP 0.02 134.6 91.66994901
BLYP 0.02 134.9 91.8738013931
BLYP 0.02 135.2 92.0776534815
BLYP 0.02 135.5 92.2815052766
BLYP 0.02 135.8 92.4853567799
BLYP 0.02 136.1 92.6892079928
BLYP 0.02 136.4 92.8930589167
BLYP 0.02 136.7 93.0969095529
BLYP 0.02 137 93.3007599029
BLYP 0.02 137.3 93.5046099681
BLYP 0.02 137.6 93.7084597498
BLYP 0.02 137.9 93.9123092494
BLYP 0.02 138.2 94.1161584681
BLYP 0.02 138.5 94.3200074075
BLYP 0.02 138.8 94.5238560687
BLYP 0.02 139.1 94.7277044531
BLYP 0.02 139.4 94.9315525621
BLYP 0.02 139.7 95.1354003968
BLYP 0.02 140 95.3392479587
BLYP 0.02 140.3 95.543095249
BLYP 0.02 140.6 95.7469422689
BLYP 0.02 140.9 95.9507890198
BLYP 0.02 141.2 96.1546355028
BLYP 0.02 141.5 96.3584817193
BLYP 0.02 141.8 96.5623276705
BLYP 0.02 142.1 96.7661733576
BLYP 0.02 142.4 96.9700187818
BLYP 0.02 142.7 97.1738639444
BLYP 0.02 143 97.3777088465
BLYP 0.02 143.3 97.5815534894
BLYP 0.02 143.6 97.7853978742
BLYP 0.02 143.9 97.9892420022
BLYP 0.02 144.2 98.1930858745
BLYP 0.02 144.5 98.3969294922
BLYP 0.02 144.8 98.6007728566
BLYP 0.02 145.1 98.8046159688
BLYP 0.02 145.4 99.0084588299
BLYP 0.02 145.7 99.2123014411
BLYP 0.02 146 99.4161438034
BLYP 0.02 146.3 99.6199859181
BLYP 0.02 146.6 99.8238277863
BLYP 0.02 146.9 100.0276694089
BLYP 0.02 147.2 100.2315107872
BLYP 0.02 147.5 100.4353519223
BLYP 0.02 147.8 100.6391928151
BLYP 0.02 148.1 100.8430334669
BLYP 0.02 148.4 101.0468738786
BLYP 0.02 148.7 101.2507140514
BLYP 0.02 149 101.4545539862
BLYP 0.02 149.3 101.6583936842
BLYP 0.02 149.6 101.8622331464
BLYP 0.02 149.9 102.0660723739
BLYP 0.02 150.2 102.2699113675
BLYP 0.02 150.5 102.4737501285
BLYP 0.02 150.8 102.6775886578
BLYP 0.02 151.1 102.8814269563
BLYP 0.02 151.4 103.0852650253
BLYP 0.02 151.7 103.2891028655
BLYP 0.02 152 103.492940478
BLYP 0.02 152.3 103.6967778638
BLYP 0.02 152.6 103.9006150239
BLYP 0.02 152.9 104.1044519593
BLYP 0.02 153.2 104.3082886709
BLYP 0.02 153.5 104.5121251597
BLYP 0.02 153.8 104.7159614266
BLYP 0.02 154.1 104.9197974726
BLYP 0.02 154.4 105.1236332986
BLYP 0.02 154.7 105.3274689056
BLYP 0.02 155 105.5313042945
BLYP 0.02 155.3 105.7351394662
BLYP 0.02 155.6 105.9389744217
BLYP 0.02 155.9 106.1428091619
BLYP 0.02 156.2 106.3466436876
BLYP 0.02 156.5 106.5504779999
BLYP 0.02 156.8 106.7543120995
BLYP 0.02 157.1 106.9581459874
BLYP 0.02 157.4 107.1619796644
BLYP 0.02 157.7 107.3658131315
BLYP 0.02 158 107.5696463896
BLYP 0.02 158.3 107.7734794394
BLYP 0.02 158.6 107.9773122819
BLYP 0.02 158.9 108.1811449179
BLYP 0.02 159.2 108.3849773483
BLYP 0.02 159.5 108.588809574
BLYP 0.02 159.8 108.7926415957
BLYP 0.02 160.1 108.9964734144
BLYP 0.02 160.4 109.2003050307
BLYP 0.02 160.7 109.4041364457
BLYP 0.02 161 109.6079676602
BLYP 0.02 161.3 109.8117986748
BLYP 0.02 161.6 110.0156294906
BLYP 0.02 161.9 110.2194601082
BLYP 0.02 162.2 110.4232905284
BLYP 0.02 162.5 110.6271207522
BLYP 0.02 162.8 110.8309507802
BLYP 0.02 163.1 111.0347806134
BLYP 0.02 163.4 111.2386102523
BLYP 0.02 163.7 111.442439698
BLYP 0.02 164 111.6462689511
BLYP 0.02 164.3 111.8500980123
BLYP 0.02 164.6 112.0539268826
BLYP 0.02 164.9 112.2577555626
BLYP 0.02 165.2 112.4615840531
BLYP 0.02 165.5 112.6654123549
BLYP 0.02 165.8 112.8692404687
BLYP 0.02 166.1 113.0730683952
BLYP 0.02 166.4 113.2768961353
BLYP 0.02 166.7 113.4807236897
BLYP 0.02 167 113.684551059
BLYP 0.02 167.3 113.8883782441
BLYP 0.02 167.6 114.0922052456
BLYP 0.02 167.9 114.2960320643
BLYP 0.02 168.2 114.499858701
BLYP 0.02 168.5 114.7036851562
BLYP 0.02 168.8 114.9075114308
BLYP 0.02 169.1 115.1113375254
BLYP 0.02 169.4 115.3151634407
BLYP 0.02 169.7 115.5189891776
BLYP 0.02 170 115.7228147365
BLYP 0.02 170.3 115.9266401183
BLYP 0.02 170.6 116.1304653237
BLYP 0.02 170.9 116.3342903532
BLYP 0.02 171.2 116.5381152076
BLYP 0.02 171.5 116.7419398876
BLYP 0.02 171.8 116.9457643939
BLYP 0.02 172.1 117.1495887271
BLYP 0.02 172.4 117.3534128878
BLYP 0.02 172.7 117.5572368768
BLYP 0.02 173 117.7610606947
BLYP 0.02 173.3 117.9648843422
BLYP 0.02 173.6 118.1687078199
BLYP 0.02 173.9 118.3725311284
BLYP 0.02 174.2 118.5763542685
BLYP 0.02 174.5 118.7801772407
BLYP 0.02 174.8 118.9840000457
