Functional Exponent Coefficient Energy
BLYP 40 -100 -14.8453077665
BLYP 40 -99.85 -14.7938190321
BLYP 40 -99.7 -14.7423977074
BLYP 40 -99.55 -14.6910439477
BLYP 40 -99.4 -14.639757909
BLYP 40 -99.25 -14.5885397475
BLYP 40 -99.1 -14.5373896199
BLYP 40 -98.95 -14.4863076832
BLYP 40 -98.8 -14.4352940948
BLYP 40 -98.65 -14.3843490125
BLYP 40 -98.5 -14.3334725945
BLYP 40 -98.35 -14.2826649994
BLYP 40 -98.2 -14.2319263862
BLYP 40 -98.05 -14.1812569142
BLYP 40 -97.9 -14.1306567432
BLYP 40 -97.75 -14.0801260333
BLYP 40 -97.6 -14.029664945
BLYP 40 -97.45 -13.9792736394
BLYP 40 -97.3 -13.9289522776
BLYP 40 -97.15 -13.8787010215
BLYP 40 -97 -13.8285200331
BLYP 40 -96.85 -13.778409475
BLYP 40 -96.7 -13.7283695101
BLYP 40 -96.55 -13.6784003015
BLYP 40 -96.4 -13.6285020132
BLYP 40 -96.25 -13.578674809
BLYP 40 -96.1 -13.5289188536
BLYP 40 -95.95 -13.4792343119
BLYP 40 -95.8 -13.429621349
BLYP 40 -95.65 -13.3800801308
BLYP 40 -95.5 -13.3306108233
BLYP 40 -95.35 -13.281213593
BLYP 40 -95.2 -13.2318886067
BLYP 40 -95.05 -13.1826360319
BLYP 40 -94.9 -13.1334560361
BLYP 40 -94.75 -13.0843487875
BLYP 40 -94.6 -13.0353144547
BLYP 40 -94.45 -12.9863532064
BLYP 40 -94.3 -12.937465212
BLYP 40 -94.15 -12.8886506413
BLYP 40 -94 -12.8399096644
BLYP 40 -93.85 -12.7912424517
BLYP 40 -93.7 -12.7426491743
BLYP 40 -93.55 -12.6941300035
BLYP 40 -93.4 -12.645685111
BLYP 40 -93.25 -12.5973146689
BLYP 40 -93.1 -12.54901885
BLYP 40 -92.95 -12.500797827
BLYP 40 -92.8 -12.4526517735
BLYP 40 -92.65 -12.4045808631
BLYP 40 -92.5 -12.3565852702
BLYP 40 -92.35 -12.3086651692
BLYP 40 -92.2 -12.2608207353
BLYP 40 -92.05 -12.2130521438
BLYP 40 -91.9 -12.1653595707
BLYP 40 -91.75 -12.117743192
BLYP 40 -91.6 -12.0702031846
BLYP 40 -91.45 -12.0227397254
BLYP 40 -91.3 -11.975352992
BLYP 40 -91.15 -11.9280431622
BLYP 40 -91 -11.8808104144
BLYP 40 -90.85 -11.8336549272
BLYP 40 -90.7 -11.7865768798
BLYP 40 -90.55 -11.7395764517
BLYP 40 -90.4 -11.6926538228
BLYP 40 -90.25 -11.6458091736
BLYP 40 -90.1 -11.5990426847
BLYP 40 -89.95 -11.5523545375
BLYP 40 -89.8 -11.5057449133
BLYP 40 -89.65 -11.4592139944
BLYP 40 -89.5 -11.412761963
BLYP 40 -89.35 -11.366389002
BLYP 40 -89.2 -11.3200952946
BLYP 40 -89.05 -11.2738810245
BLYP 40 -88.9 -11.2277463759
BLYP 40 -88.75 -11.1816915333
BLYP 40 -88.6 -11.1357166814
BLYP 40 -88.45 -11.0898220055
BLYP 40 -88.3 -11.0440076912
BLYP 40 -88.15 -10.9982739246
BLYP 40 -88 -10.9526208923
BLYP 40 -87.85 -10.9070487811
BLYP 40 -87.7 -10.8615577784
BLYP 40 -87.55 -10.8161480719
BLYP 40 -87.4 -10.7708198497
BLYP 40 -87.25 -10.7255733004
BLYP 40 -87.1 -10.6804086129
BLYP 40 -86.95 -10.6353259765
BLYP 40 -86.8 -10.5903255809
BLYP 40 -86.65 -10.5454076164
BLYP 40 -86.5 -10.5005722735
BLYP 40 -86.35 -10.4558197431
BLYP 40 -86.2 -10.4111502166
BLYP 40 -86.05 -10.3665638857
BLYP 40 -85.9 -10.3220609426
BLYP 40 -85.75 -10.2776415797
BLYP 40 -85.6 -10.2333059901
BLYP 40 -85.45 -10.1890543671
BLYP 40 -85.3 -10.1448869044
BLYP 40 -85.15 -10.100803796
BLYP 40 -85 -10.0568052366
BLYP 40 -84.85 -10.012891421
BLYP 40 -84.7 -9.9690625444
BLYP 40 -84.55 -9.9253188026
BLYP 40 -84.4 -9.8816603916
BLYP 40 -84.25 -9.8380875078
BLYP 40 -84.1 -9.7946003481
BLYP 40 -83.95 -9.7511991097
BLYP 40 -83.8 -9.70788399
BLYP 40 -83.65 -9.6646551871
BLYP 40 -83.5 -9.6215128994
BLYP 40 -83.35 -9.5784573254
BLYP 40 -83.2 -9.5354886642
BLYP 40 -83.05 -9.4926071154
BLYP 40 -82.9 -9.4498128787
BLYP 40 -82.75 -9.4071061542
BLYP 40 -82.6 -9.3644871425
BLYP 40 -82.45 -9.3219560445
BLYP 40 -82.3 -9.2795130614
BLYP 40 -82.15 -9.2371583948
BLYP 40 -82 -9.1948922466
BLYP 40 -81.85 -9.1527148193
BLYP 40 -81.7 -9.1106263153
BLYP 40 -81.55 -9.0686269377
BLYP 40 -81.4 -9.0267168899
BLYP 40 -81.25 -8.9848963754
BLYP 40 -81.1 -8.9431655984
BLYP 40 -80.95 -8.9015247637
BLYP 40 -80.8 -8.8599740755
BLYP 40 -80.65 -8.8185137386
BLYP 40 -80.5 -8.7771439585
BLYP 40 -80.35 -8.7358649406
BLYP 40 -80.2 -8.6946768913
BLYP 40 -80.05 -8.6535800174
BLYP 40 -79.9 -8.6125745247
BLYP 40 -79.75 -8.57166062
BLYP 40 -79.6 -8.5308385105
BLYP 40 -79.45 -8.4901084036
BLYP 40 -79.3 -8.4494705072
BLYP 40 -79.15 -8.4089250292
BLYP 40 -79 -8.368472178
BLYP 40 -78.85 -8.3281121621
BLYP 40 -78.7 -8.2878451905
BLYP 40 -78.55 -8.2476714723
BLYP 40 -78.4 -8.207591217
BLYP 40 -78.25 -8.1676046341
BLYP 40 -78.1 -8.1277119336
BLYP 40 -77.95 -8.0879133256
BLYP 40 -77.8 -8.0482090207
BLYP 40 -77.65 -8.0085992294
BLYP 40 -77.5 -7.9690841627
BLYP 40 -77.35 -7.9296640316
BLYP 40 -77.2 -7.8903390475
BLYP 40 -77.05 -7.851109422
BLYP 40 -76.9 -7.8119753668
BLYP 40 -76.75 -7.7729370939
BLYP 40 -76.6 -7.7339948154
BLYP 40 -76.45 -7.6951487438
BLYP 40 -76.3 -7.6563990915
BLYP 40 -76.15 -7.6177460713
BLYP 40 -76 -7.579189896
BLYP 40 -75.85 -7.5407307788
BLYP 40 -75.7 -7.5023689328
BLYP 40 -75.55 -7.4641045714
BLYP 40 -75.4 -7.4259379081
BLYP 40 -75.25 -7.3878691575
BLYP 40 -75.1 -7.3498985326
BLYP 40 -74.95 -7.3120262472
BLYP 40 -74.8 -7.2742525153
BLYP 40 -74.65 -7.2365775509
BLYP 40 -74.5 -7.1990015682
BLYP 40 -74.35 -7.1615247815
BLYP 40 -74.2 -7.1241474052
BLYP 40 -74.05 -7.0868696542
BLYP 40 -73.9 -7.0496917425
BLYP 40 -73.75 -7.0126138847
BLYP 40 -73.6 -6.9756362952
BLYP 40 -73.45 -6.9387591887
BLYP 40 -73.3 -6.9019827798
BLYP 40 -73.15 -6.8653072831
BLYP 40 -73 -6.8287329133
BLYP 40 -72.85 -6.792259885
BLYP 40 -72.7 -6.7558884129
BLYP 40 -72.55 -6.7196187114
BLYP 40 -72.4 -6.6834509951
BLYP 40 -72.25 -6.6473854785
BLYP 40 -72.1 -6.611422376
BLYP 40 -71.95 -6.575561902
BLYP 40 -71.8 -6.5398042706
BLYP 40 -71.65 -6.5041496961
BLYP 40 -71.5 -6.4685983925
BLYP 40 -71.35 -6.4331505737
BLYP 40 -71.2 -6.3978064534
BLYP 40 -71.05 -6.3625662453
BLYP 40 -70.9 -6.3274301629
BLYP 40 -70.75 -6.2923984194
BLYP 40 -70.6 -6.2574712281
BLYP 40 -70.45 -6.2226488025
BLYP 40 -70.3 -6.1879313545
BLYP 40 -70.15 -6.1533190966
BLYP 40 -70 -6.118812241
BLYP 40 -69.85 -6.0844109996
BLYP 40 -69.7 -6.050115584
BLYP 40 -69.55 -6.0159262057
BLYP 40 -69.4 -5.9818430755
BLYP 40 -69.25 -5.9478664043
BLYP 40 -69.1 -5.9139964024
BLYP 40 -68.95 -5.8802332799
BLYP 40 -68.8 -5.8465772463
BLYP 40 -68.65 -5.813028511
BLYP 40 -68.5 -5.7795872828
BLYP 40 -68.35 -5.74625377
BLYP 40 -68.2 -5.7130281808
BLYP 40 -68.05 -5.6799107225
BLYP 40 -67.9 -5.6469016022
BLYP 40 -67.75 -5.6140010264
BLYP 40 -67.6 -5.5812092012
BLYP 40 -67.45 -5.5485263321
BLYP 40 -67.3 -5.5159526238
BLYP 40 -67.15 -5.4834882808
BLYP 40 -67 -5.4511335068
BLYP 40 -66.85 -5.4188885049
BLYP 40 -66.7 -5.3867534775
BLYP 40 -66.55 -5.3547286269
BLYP 40 -66.4 -5.3228141539
BLYP 40 -66.25 -5.2910102587
BLYP 40 -66.1 -5.2593171412
BLYP 40 -65.95 -5.2277350003
BLYP 40 -65.8 -5.196264034
BLYP 40 -65.65 -5.1649044399
BLYP 40 -65.5 -5.1336564145
BLYP 40 -65.35 -5.1025201543
BLYP 40 -65.2 -5.0714958533
BLYP 40 -65.05 -5.0405837056
BLYP 40 -64.9 -5.009783904
BLYP 40 -64.75 -4.9790966408
BLYP 40 -64.6 -4.9485221069
BLYP 40 -64.45 -4.9180604925
BLYP 40 -64.3 -4.8877119866
BLYP 40 -64.15 -4.8574767773
BLYP 40 -64 -4.8273550515
BLYP 40 -63.85 -4.7973469951
BLYP 40 -63.7 -4.7674527927
BLYP 40 -63.55 -4.7376726278
BLYP 40 -63.4 -4.7080066828
BLYP 40 -63.25 -4.6784551388
BLYP 40 -63.1 -4.6490181757
BLYP 40 -62.95 -4.6196959719
BLYP 40 -62.8 -4.5904887049
BLYP 40 -62.65 -4.5613965504
BLYP 40 -62.5 -4.532419683
BLYP 40 -62.35 -4.5035582759
BLYP 40 -62.2 -4.4748125006
BLYP 40 -62.05 -4.4461825274
BLYP 40 -61.9 -4.4176685253
BLYP 40 -61.75 -4.3892706614
BLYP 40 -61.6 -4.3609891011
BLYP 40 -61.45 -4.3328240082
BLYP 40 -61.3 -4.3047755452
BLYP 40 -61.15 -4.2768438727
BLYP 40 -61 -4.2490291496
BLYP 40 -60.85 -4.221331533
BLYP 40 -60.7 -4.1937511782
BLYP 40 -60.55 -4.1662882387
BLYP 40 -60.4 -4.1389428662
BLYP 40 -60.25 -4.1117152105
BLYP 40 -60.1 -4.0846054194
BLYP 40 -59.95 -4.0576136386
BLYP 40 -59.8 -4.030740012
BLYP 40 -59.65 -4.0039846815
BLYP 40 -59.5 -3.9773477867
BLYP 40 -59.35 -3.9508294649
BLYP 40 -59.2 -3.9244298515
BLYP 40 -59.05 -3.8981490797
BLYP 40 -58.9 -3.8719872801
BLYP 40 -58.75 -3.8459445814
BLYP 40 -58.6 -3.8200211096
BLYP 40 -58.45 -3.7942169885
BLYP 40 -58.3 -3.7685323394
BLYP 40 -58.15 -3.7429672811
BLYP 40 -58 -3.71752193
BLYP 40 -57.85 -3.6921963998
BLYP 40 -57.7 -3.6669908015
BLYP 40 -57.55 -3.6419052436
BLYP 40 -57.4 -3.6169398318
BLYP 40 -57.25 -3.592094669
BLYP 40 -57.1 -3.5673698554
BLYP 40 -56.95 -3.5427654885
BLYP 40 -56.8 -3.5182816636
BLYP 40 -56.65 -3.4939184711
BLYP 40 -56.5 -3.4696760011
BLYP 40 -56.35 -3.4455543381
BLYP 40 -56.2 -3.4215535641
BLYP 40 -56.05 -3.3976737581
BLYP 40 -55.9 -3.3739149964
BLYP 40 -55.75 -3.3502773515
BLYP 40 -55.6 -3.3267608956
BLYP 40 -55.45 -3.3033656926
BLYP 40 -55.3 -3.2800918053
BLYP 40 -55.15 -3.2569392929
BLYP 40 -55 -3.2339082115
BLYP 40 -54.85 -3.2109986133
BLYP 40 -54.7 -3.1882105471
BLYP 40 -54.55 -3.1655440581
BLYP 40 -54.4 -3.1429991876
BLYP 40 -54.25 -3.1205759733
BLYP 40 -54.1 -3.0982744492
BLYP 40 -53.95 -3.0760946452
BLYP 40 -53.8 -3.0540365875
BLYP 40 -53.65 -3.0321002983
BLYP 40 -53.5 -3.0102857957
BLYP 40 -53.35 -2.988593094
BLYP 40 -53.2 -2.9670222031
BLYP 40 -53.05 -2.945573129
BLYP 40 -52.9 -2.9242458733
BLYP 40 -52.75 -2.9030404335
BLYP 40 -52.6 -2.8819568027
BLYP 40 -52.45 -2.8609949695
BLYP 40 -52.3 -2.8401549185
BLYP 40 -52.15 -2.8194366294
BLYP 40 -52 -2.7988400777
BLYP 40 -51.85 -2.7783652342
BLYP 40 -51.7 -2.758012065
BLYP 40 -51.55 -2.7377805317
BLYP 40 -51.4 -2.7176705911
BLYP 40 -51.25 -2.6976821954
BLYP 40 -51.1 -2.6778152918
BLYP 40 -50.95 -2.6580698226
BLYP 40 -50.8 -2.6384457255
BLYP 40 -50.65 -2.6189429329
BLYP 40 -50.5 -2.5995613724
BLYP 40 -50.35 -2.5803009666
BLYP 40 -50.2 -2.5611616328
BLYP 40 -50.05 -2.5421432833
BLYP 40 -49.9 -2.5232458253
BLYP 40 -49.75 -2.5044691607
BLYP 40 -49.6 -2.485813186
BLYP 40 -49.45 -2.4672777926
BLYP 40 -49.3 -2.4488628664
BLYP 40 -49.15 -2.430568288
BLYP 40 -49 -2.4123939326
BLYP 40 -48.85 -2.3943396697
BLYP 40 -48.7 -2.3764053637
BLYP 40 -48.55 -2.358590873
BLYP 40 -48.4 -2.3408960508
BLYP 40 -48.25 -2.3233207444
BLYP 40 -48.1 -2.3058647957
BLYP 40 -47.95 -2.2885280406
BLYP 40 -47.8 -2.2713103096
BLYP 40 -47.65 -2.2542114273
BLYP 40 -47.5 -2.2372312125
BLYP 40 -47.35 -2.2203694783
BLYP 40 -47.2 -2.2036260318
BLYP 40 -47.05 -2.1870006745
BLYP 40 -46.9 -2.1704932018
BLYP 40 -46.75 -2.1541034032
BLYP 40 -46.6 -2.1378310624
BLYP 40 -46.45 -2.1216759571
BLYP 40 -46.3 -2.105637859
BLYP 40 -46.15 -2.0897165338
BLYP 40 -46 -2.0739117413
BLYP 40 -45.85 -2.0582232352
BLYP 40 -45.7 -2.0426507632
BLYP 40 -45.55 -2.0271940669
BLYP 40 -45.4 -2.011852882
BLYP 40 -45.25 -1.9966269381
BLYP 40 -45.1 -1.9815159586
BLYP 40 -44.95 -1.9665196611
BLYP 40 -44.8 -1.9516377568
BLYP 40 -44.65 -1.936869951
BLYP 40 -44.5 -1.9222159431
BLYP 40 -44.35 -1.9076754263
BLYP 40 -44.2 -1.8932480876
BLYP 40 -44.05 -1.8789336081
BLYP 40 -43.9 -1.864731663
BLYP 40 -43.75 -1.8506419212
BLYP 40 -43.6 -1.8366640457
BLYP 40 -43.45 -1.8227976935
BLYP 40 -43.3 -1.8090425157
BLYP 40 -43.15 -1.7953981573
BLYP 40 -43 -1.7818642575
BLYP 40 -42.85 -1.7684404495
BLYP 40 -42.7 -1.7551263605
BLYP 40 -42.55 -1.7419216121
BLYP 40 -42.4 -1.7288258199
BLYP 40 -42.25 -1.7158385937
BLYP 40 -42.1 -1.7029595375
BLYP 40 -41.95 -1.6901882496
BLYP 40 -41.8 -1.6775243228
BLYP 40 -41.65 -1.6649673439
BLYP 40 -41.5 -1.6525168944
BLYP 40 -41.35 -1.64017255
BLYP 40 -41.2 -1.627933881
BLYP 40 -41.05 -1.6158004523
BLYP 40 -40.9 -1.6037718233
BLYP 40 -40.75 -1.591847548
BLYP 40 -40.6 -1.5800271751
BLYP 40 -40.45 -1.5683102482
BLYP 40 -40.3 -1.5566963054
BLYP 40 -40.15 -1.5451848801
BLYP 40 -40 -1.5337755003
BLYP 40 -39.85 -1.5224676891
BLYP 40 -39.7 -1.5112609647
BLYP 40 -39.55 -1.5001548404
BLYP 40 -39.4 -1.4891488248
BLYP 40 -39.25 -1.4782424216
BLYP 40 -39.1 -1.4674351301
BLYP 40 -38.95 -1.4567264449
BLYP 40 -38.8 -1.4461158562
BLYP 40 -38.65 -1.4356028496
BLYP 40 -38.5 -1.4251869066
BLYP 40 -38.35 -1.4148675045
BLYP 40 -38.2 -1.4046441162
BLYP 40 -38.05 -1.3945162108
BLYP 40 -37.9 -1.3844832533
BLYP 40 -37.75 -1.3745447049
BLYP 40 -37.6 -1.364700023
BLYP 40 -37.45 -1.3549486613
BLYP 40 -37.3 -1.3452900698
BLYP 40 -37.15 -1.3357236953
BLYP 40 -37 -1.3262489808
BLYP 40 -36.85 -1.3168653664
BLYP 40 -36.7 -1.3075722887
BLYP 40 -36.55 -1.2983691815
BLYP 40 -36.4 -1.2892554753
BLYP 40 -36.25 -1.2802305979
BLYP 40 -36.1 -1.2712939743
BLYP 40 -35.95 -1.2624450268
BLYP 40 -35.8 -1.2536831752
BLYP 40 -35.65 -1.2450078367
BLYP 40 -35.5 -1.2364184263
BLYP 40 -35.35 -1.2279143567
BLYP 40 -35.2 -1.2194950385
BLYP 40 -35.05 -1.2111598801
BLYP 40 -34.9 -1.2029082882
BLYP 40 -34.75 -1.1947396676
BLYP 40 -34.6 -1.1866534215
BLYP 40 -34.45 -1.1786489515
BLYP 40 -34.3 -1.1707256576
BLYP 40 -34.15 -1.1628829386
BLYP 40 -34 -1.1551201921
BLYP 40 -33.85 -1.1474368142
BLYP 40 -33.7 -1.1398322005
BLYP 40 -33.55 -1.1323057454
BLYP 40 -33.4 -1.1248568425
BLYP 40 -33.25 -1.1174848849
BLYP 40 -33.1 -1.1101892648
BLYP 40 -32.95 -1.1029693743
BLYP 40 -32.8 -1.0958246049
BLYP 40 -32.65 -1.0887543481
BLYP 40 -32.5 -1.0817579949
BLYP 40 -32.35 -1.0748349367
BLYP 40 -32.2 -1.0679845646
BLYP 40 -32.05 -1.0612062701
BLYP 40 -31.9 -1.0544994451
BLYP 40 -31.75 -1.0478634816
BLYP 40 -31.6 -1.0412977724
BLYP 40 -31.45 -1.0348017106
BLYP 40 -31.3 -1.0283746904
BLYP 40 -31.15 -1.0220161065
BLYP 40 -31 -1.0157253546
BLYP 40 -30.85 -1.0095018315
BLYP 40 -30.7 -1.0033449349
BLYP 40 -30.55 -0.997254064
BLYP 40 -30.4 -0.9912286191
BLYP 40 -30.25 -0.9852680019
BLYP 40 -30.1 -0.9793716157
BLYP 40 -29.95 -0.9735388653
BLYP 40 -29.8 -0.9677691571
BLYP 40 -29.65 -0.9620618994
BLYP 40 -29.5 -0.9564165023
BLYP 40 -29.35 -0.9508323779
BLYP 40 -29.2 -0.94530894
BLYP 40 -29.05 -0.9398456048
BLYP 40 -28.9 -0.9344417907
BLYP 40 -28.75 -0.9290969182
BLYP 40 -28.6 -0.9238104101
BLYP 40 -28.45 -0.9185816918
BLYP 40 -28.3 -0.9134101909
BLYP 40 -28.15 -0.9082953378
BLYP 40 -28 -0.9032365655
BLYP 40 -27.85 -0.8982333095
BLYP 40 -27.7 -0.8932850083
BLYP 40 -27.55 -0.8883911029
BLYP 40 -27.4 -0.8835510375
BLYP 40 -27.25 -0.8787642592
BLYP 40 -27.1 -0.8740302178
BLYP 40 -26.95 -0.8693483666
BLYP 40 -26.8 -0.8647181616
BLYP 40 -26.65 -0.8601390623
BLYP 40 -26.5 -0.8556105312
BLYP 40 -26.35 -0.8511320342
BLYP 40 -26.2 -0.8467030404
BLYP 40 -26.05 -0.8423230224
BLYP 40 -25.9 -0.8379914562
BLYP 40 -25.75 -0.833707821
BLYP 40 -25.6 -0.8294715999
BLYP 40 -25.45 -0.8252822792
BLYP 40 -25.3 -0.8211393489
BLYP 40 -25.15 -0.8170423026
BLYP 40 -25 -0.8129906376
BLYP 40 -24.85 -0.8089838547
BLYP 40 -24.7 -0.8050214585
BLYP 40 -24.55 -0.8011029574
BLYP 40 -24.4 -0.7972278634
BLYP 40 -24.25 -0.7933956925
BLYP 40 -24.1 -0.7896059642
BLYP 40 -23.95 -0.7858582022
BLYP 40 -23.8 -0.7821519337
BLYP 40 -23.65 -0.77848669
BLYP 40 -23.5 -0.7748620061
BLYP 40 -23.35 -0.771277421
BLYP 40 -23.2 -0.7677324777
BLYP 40 -23.05 -0.764226723
BLYP 40 -22.9 -0.7607597077
BLYP 40 -22.75 -0.7573309865
BLYP 40 -22.6 -0.7539401179
BLYP 40 -22.45 -0.7505866648
BLYP 40 -22.3 -0.7472701937
BLYP 40 -22.15 -0.7439902751
BLYP 40 -22 -0.7407464836
BLYP 40 -21.85 -0.7375383977
BLYP 40 -21.7 -0.7343656
BLYP 40 -21.55 -0.7312276768
BLYP 40 -21.4 -0.7281242186
BLYP 40 -21.25 -0.7250548199
BLYP 40 -21.1 -0.722019079
BLYP 40 -20.95 -0.7190165982
BLYP 40 -20.8 -0.7160469839
BLYP 40 -20.65 -0.7131098462
BLYP 40 -20.5 -0.7102047994
BLYP 40 -20.35 -0.7073314615
BLYP 40 -20.2 -0.7044894546
BLYP 40 -20.05 -0.7016784045
BLYP 40 -19.9 -0.6988979411
BLYP 40 -19.75 -0.696147698
BLYP 40 -19.6 -0.6934273128
BLYP 40 -19.45 -0.6907364269
BLYP 40 -19.3 -0.6880746855
BLYP 40 -19.15 -0.6854417377
BLYP 40 -19 -0.6828372362
BLYP 40 -18.85 -0.6802608378
BLYP 40 -18.7 -0.6777122027
BLYP 40 -18.55 -0.6751909952
BLYP 40 -18.4 -0.672696883
BLYP 40 -18.25 -0.6702295377
BLYP 40 -18.1 -0.6677886345
BLYP 40 -17.95 -0.6653738522
BLYP 40 -17.8 -0.6629848735
BLYP 40 -17.65 -0.6606213844
BLYP 40 -17.5 -0.6582830745
BLYP 40 -17.35 -0.6559696373
BLYP 40 -17.2 -0.6536807695
BLYP 40 -17.05 -0.6514161714
BLYP 40 -16.9 -0.6491755468
BLYP 40 -16.75 -0.646958603
BLYP 40 -16.6 -0.6447650507
BLYP 40 -16.45 -0.642594604
BLYP 40 -16.3 -0.6404469805
BLYP 40 -16.15 -0.638321901
BLYP 40 -16 -0.6362190896
BLYP 40 -15.85 -0.634138274
BLYP 40 -15.7 -0.6320791848
BLYP 40 -15.55 -0.630041556
BLYP 40 -15.4 -0.628025125
BLYP 40 -15.25 -0.626029632
BLYP 40 -15.1 -0.6240548208
BLYP 40 -14.95 -0.622100438
BLYP 40 -14.8 -0.6201662334
BLYP 40 -14.65 -0.6182519599
BLYP 40 -14.5 -0.6163573736
BLYP 40 -14.35 -0.6144822332
BLYP 40 -14.2 -0.6126263009
BLYP 40 -14.05 -0.6107893414
BLYP 40 -13.9 -0.6089711226
BLYP 40 -13.75 -0.6071714154
BLYP 40 -13.6 -0.6053899931
BLYP 40 -13.45 -0.6036266324
BLYP 40 -13.3 -0.6018811125
BLYP 40 -13.15 -0.6001532155
BLYP 40 -13 -0.598442726
BLYP 40 -12.85 -0.5967494317
BLYP 40 -12.7 -0.5950731228
BLYP 40 -12.55 -0.5934135922
BLYP 40 -12.4 -0.5917706354
BLYP 40 -12.25 -0.5901440505
BLYP 40 -12.1 -0.5885336382
BLYP 40 -11.95 -0.5869392019
BLYP 40 -11.8 -0.5853605473
BLYP 40 -11.65 -0.5837974827
BLYP 40 -11.5 -0.5822498189
BLYP 40 -11.35 -0.580717369
BLYP 40 -11.2 -0.5791999487
BLYP 40 -11.05 -0.5776973759
BLYP 40 -10.9 -0.576209471
BLYP 40 -10.75 -0.5747360566
BLYP 40 -10.6 -0.5732769578
BLYP 40 -10.45 -0.5718320017
BLYP 40 -10.3 -0.5704010178
BLYP 40 -10.15 -0.5689838379
BLYP 40 -10 -0.5675802959
BLYP 40 -9.85 -0.5661902277
BLYP 40 -9.7 -0.5648134716
BLYP 40 -9.55 -0.563449868
BLYP 40 -9.4 -0.5620992591
BLYP 40 -9.25 -0.5607614895
BLYP 40 -9.1 -0.5594364057
BLYP 40 -8.95 -0.5581238561
BLYP 40 -8.8 -0.5568236912
BLYP 40 -8.65 -0.5555357636
BLYP 40 -8.5 -0.5542599275
BLYP 40 -8.35 -0.5529960393
BLYP 40 -8.2 -0.5517439572
BLYP 40 -8.05 -0.5505035411
BLYP 40 -7.9 -0.549274653
BLYP 40 -7.75 -0.5480571566
BLYP 40 -7.6 -0.5468509174
BLYP 40 -7.45 -0.5456558026
BLYP 40 -7.3 -0.5444716811
BLYP 40 -7.15 -0.5432984239
BLYP 40 -7 -0.5421359032
BLYP 40 -6.85 -0.5409839932
BLYP 40 -6.7 -0.5398425696
BLYP 40 -6.55 -0.5387115098
BLYP 40 -6.4 -0.5375906929
BLYP 40 -6.25 -0.5364799994
BLYP 40 -6.1 -0.5353793116
BLYP 40 -5.95 -0.534288513
BLYP 40 -5.8 -0.533207489
BLYP 40 -5.65 -0.5321361264
BLYP 40 -5.5 -0.5310743133
BLYP 40 -5.35 -0.5300219396
BLYP 40 -5.2 -0.5289788963
BLYP 40 -5.05 -0.527945076
BLYP 40 -4.9 -0.5269203728
BLYP 40 -4.75 -0.5259046821
BLYP 40 -4.6 -0.5248979005
BLYP 40 -4.45 -0.5238999264
BLYP 40 -4.3 -0.522910659
BLYP 40 -4.15 -0.5219299992
BLYP 40 -4 -0.520957849
BLYP 40 -3.85 -0.5199941119
BLYP 40 -3.7 -0.5190386923
BLYP 40 -3.55 -0.5180914963
BLYP 40 -3.4 -0.5171524309
BLYP 40 -3.25 -0.5162214043
BLYP 40 -3.1 -0.5152983262
BLYP 40 -2.95 -0.5143831072
BLYP 40 -2.8 -0.5134756592
BLYP 40 -2.65 -0.5125758951
BLYP 40 -2.5 -0.5116837291
BLYP 40 -2.35 -0.5107990765
BLYP 40 -2.2 -0.5099218536
BLYP 40 -2.05 -0.5090519778
BLYP 40 -1.9 -0.5081893676
BLYP 40 -1.75 -0.5073339427
BLYP 40 -1.6 -0.5064856236
BLYP 40 -1.45 -0.505644332
BLYP 40 -1.3 -0.5048099905
BLYP 40 -1.15 -0.5039825227
BLYP 40 -1 -0.5031618534
BLYP 40 -0.85 -0.502347908
BLYP 40 -0.7 -0.5015406132
BLYP 40 -0.55 -0.5007398966
BLYP 40 -0.4 -0.4999456864
BLYP 40 -0.25 -0.4991579121
BLYP 40 -0.1 -0.498376504
BLYP 40 0.05 -0.4976013932
BLYP 40 0.2 -0.4968325118
BLYP 40 0.35 -0.4960697927
BLYP 40 0.5 -0.4953131696
BLYP 40 0.65 -0.4945625772
BLYP 40 0.8 -0.4938179508
BLYP 40 0.95 -0.4930792269
BLYP 40 1.1 -0.4923463425
BLYP 40 1.25 -0.4916192354
BLYP 40 1.4 -0.4908978444
BLYP 40 1.55 -0.4901821088
BLYP 40 1.7 -0.4894719689
BLYP 40 1.85 -0.4887673657
BLYP 40 2 -0.4880682408
BLYP 40 2.15 -0.4873745368
BLYP 40 2.3 -0.4866861968
BLYP 40 2.45 -0.4860031647
BLYP 40 2.6 -0.4853253851
BLYP 40 2.75 -0.4846528033
BLYP 40 2.9 -0.4839853652
BLYP 40 3.05 -0.4833230176
BLYP 40 3.2 -0.4826657077
BLYP 40 3.35 -0.4820133835
BLYP 40 3.5 -0.4813659937
BLYP 40 3.65 -0.4807234875
BLYP 40 3.8 -0.4800858148
BLYP 40 3.95 -0.4794529261
BLYP 40 4.1 -0.4788247726
BLYP 40 4.25 -0.4782013061
BLYP 40 4.4 -0.4775824787
BLYP 40 4.55 -0.4769682436
BLYP 40 4.7 -0.4763585541
BLYP 40 4.85 -0.4757533643
BLYP 40 5 -0.475152629
BLYP 40 5.15 -0.4745563032
BLYP 40 5.3 -0.4739643428
BLYP 40 5.45 -0.473376704
BLYP 40 5.6 -0.4727933436
BLYP 40 5.75 -0.4722142191
BLYP 40 5.9 -0.4716392882
BLYP 40 6.05 -0.4710685094
BLYP 40 6.2 -0.4705018415
BLYP 40 6.35 -0.469939244
BLYP 40 6.5 -0.4693806766
BLYP 40 6.65 -0.4688260999
BLYP 40 6.8 -0.4682754745
BLYP 40 6.95 -0.4677287619
BLYP 40 7.1 -0.4671859238
BLYP 40 7.25 -0.4666469225
BLYP 40 7.4 -0.4661117206
BLYP 40 7.55 -0.4655802812
BLYP 40 7.7 -0.4650525681
BLYP 40 7.85 -0.4645285451
BLYP 40 8 -0.4640081768
BLYP 40 8.15 -0.4634914279
BLYP 40 8.3 -0.4629782639
BLYP 40 8.45 -0.4624686503
BLYP 40 8.6 -0.4619625533
BLYP 40 8.75 -0.4614599393
BLYP 40 8.9 -0.4609607754
BLYP 40 9.05 -0.4604650287
BLYP 40 9.2 -0.4599726669
BLYP 40 9.35 -0.4594836581
BLYP 40 9.5 -0.4589979708
BLYP 40 9.65 -0.4585155737
BLYP 40 9.8 -0.4580364359
BLYP 40 9.95 -0.4575605271
BLYP 40 10.1 -0.457087817
BLYP 40 10.25 -0.4566182759
BLYP 40 10.4 -0.4561518744
BLYP 40 10.55 -0.4556885833
BLYP 40 10.7 -0.4552283739
BLYP 40 10.85 -0.4547712179
BLYP 40 11 -0.454317087
BLYP 40 11.15 -0.4538659536
BLYP 40 11.3 -0.4534177901
BLYP 40 11.45 -0.4529725694
BLYP 40 11.6 -0.4525302647
BLYP 40 11.75 -0.4520908494
BLYP 40 11.9 -0.4516542974
BLYP 40 12.05 -0.4512205827
BLYP 40 12.2 -0.4507896795
BLYP 40 12.35 -0.4503615627
BLYP 40 12.5 -0.4499362071
BLYP 40 12.65 -0.4495135879
BLYP 40 12.8 -0.4490936807
BLYP 40 12.95 -0.4486764611
BLYP 40 13.1 -0.4482619052
BLYP 40 13.25 -0.4478499894
BLYP 40 13.4 -0.44744069
BLYP 40 13.55 -0.4470339841
BLYP 40 13.7 -0.4466298485
BLYP 40 13.85 -0.4462282607
BLYP 40 14 -0.4458291981
BLYP 40 14.15 -0.4454326386
BLYP 40 14.3 -0.4450385602
BLYP 40 14.45 -0.4446469412
BLYP 40 14.6 -0.4442577601
BLYP 40 14.75 -0.4438709955
BLYP 40 14.9 -0.4434866264
BLYP 40 15.05 -0.443104632
BLYP 40 15.2 -0.4427249917
BLYP 40 15.35 -0.442347685
BLYP 40 15.5 -0.4419726918
BLYP 40 15.65 -0.441599992
BLYP 40 15.8 -0.4412295658
BLYP 40 15.95 -0.4408613937
BLYP 40 16.1 -0.4404954563
BLYP 40 16.25 -0.4401317343
BLYP 40 16.4 -0.4397702088
BLYP 40 16.55 -0.4394108609
BLYP 40 16.7 -0.439053672
BLYP 40 16.85 -0.4386986237
BLYP 40 17 -0.4383456977
BLYP 40 17.15 -0.4379948759
BLYP 40 17.3 -0.4376461404
BLYP 40 17.45 -0.4372994736
BLYP 40 17.6 -0.4369548579
BLYP 40 17.75 -0.4366122758
BLYP 40 17.9 -0.4362717103
BLYP 40 18.05 -0.4359331442
BLYP 40 18.2 -0.4355965608
BLYP 40 18.35 -0.4352619434
BLYP 40 18.5 -0.4349292754
BLYP 40 18.65 -0.4345985404
BLYP 40 18.8 -0.4342697223
BLYP 40 18.95 -0.4339428051
BLYP 40 19.1 -0.4336177729
BLYP 40 19.25 -0.4332946099
BLYP 40 19.4 -0.4329733006
BLYP 40 19.55 -0.4326538296
BLYP 40 19.7 -0.4323361816
BLYP 40 19.85 -0.4320203416
BLYP 40 20 -0.4317062946
BLYP 40 20.15 -0.4313940258
BLYP 40 20.3 -0.4310835205
BLYP 40 20.45 -0.4307747642
BLYP 40 20.6 -0.4304677426
BLYP 40 20.75 -0.4301624414
BLYP 40 20.9 -0.4298588466
BLYP 40 21.05 -0.4295569442
BLYP 40 21.2 -0.4292567204
BLYP 40 21.35 -0.4289581616
BLYP 40 21.5 -0.4286612541
BLYP 40 21.65 -0.4283659847
BLYP 40 21.8 -0.4280723399
BLYP 40 21.95 -0.4277803068
BLYP 40 22.1 -0.4274898723
BLYP 40 22.25 -0.4272010236
BLYP 40 22.4 -0.4269137477
BLYP 40 22.55 -0.4266280323
BLYP 40 22.7 -0.4263438647
BLYP 40 22.85 -0.4260612326
BLYP 40 23 -0.4257801237
BLYP 40 23.15 -0.4255005258
BLYP 40 23.3 -0.4252224271
BLYP 40 23.45 -0.4249458155
BLYP 40 23.6 -0.4246706794
BLYP 40 23.75 -0.4243970069
BLYP 40 23.9 -0.4241247867
BLYP 40 24.05 -0.4238540072
BLYP 40 24.2 -0.4235846571
BLYP 40 24.35 -0.4233167252
BLYP 40 24.5 -0.4230502005
BLYP 40 24.65 -0.4227850718
BLYP 40 24.8 -0.4225213284
BLYP 40 24.95 -0.4222589594
BLYP 40 25.1 -0.4219979542
BLYP 40 25.25 -0.4217383021
BLYP 40 25.4 -0.4214799928
BLYP 40 25.55 -0.4212230158
BLYP 40 25.7 -0.4209673609
BLYP 40 25.85 -0.420713018
BLYP 40 26 -0.4204599768
BLYP 40 26.15 -0.4202082276
BLYP 40 26.3 -0.4199577603
BLYP 40 26.45 -0.4197085652
BLYP 40 26.6 -0.4194606326
BLYP 40 26.75 -0.419213953
BLYP 40 26.9 -0.4189685168
BLYP 40 27.05 -0.4187243147
BLYP 40 27.2 -0.4184813372
BLYP 40 27.35 -0.4182395751
BLYP 40 27.5 -0.4179990194
BLYP 40 27.65 -0.417759661
BLYP 40 27.8 -0.4175214909
BLYP 40 27.95 -0.4172845002
BLYP 40 28.1 -0.4170486801
BLYP 40 28.25 -0.4168140219
BLYP 40 28.4 -0.4165805169
BLYP 40 28.55 -0.4163481567
BLYP 40 28.7 -0.4161169327
BLYP 40 28.85 -0.4158868366
BLYP 40 29 -0.41565786
BLYP 40 29.15 -0.4154299948
BLYP 40 29.3 -0.4152032327
BLYP 40 29.45 -0.4149775657
BLYP 40 29.6 -0.4147529857
BLYP 40 29.75 -0.4145294849
BLYP 40 29.9 -0.4143070554
BLYP 40 30.05 -0.4140856895
BLYP 40 30.2 -0.4138653793
BLYP 40 30.35 -0.4136461173
BLYP 40 30.5 -0.4134278959
BLYP 40 30.65 -0.4132107076
BLYP 40 30.8 -0.4129945451
BLYP 40 30.95 -0.4127794008
BLYP 40 31.1 -0.4125652676
BLYP 40 31.25 -0.4123521382
BLYP 40 31.4 -0.4121400055
BLYP 40 31.55 -0.4119288624
BLYP 40 31.7 -0.4117187018
BLYP 40 31.85 -0.4115095169
BLYP 40 32 -0.4113013006
BLYP 40 32.15 -0.4110940462
BLYP 40 32.3 -0.410887747
BLYP 40 32.45 -0.4106823961
BLYP 40 32.6 -0.4104779869
BLYP 40 32.75 -0.410274513
BLYP 40 32.9 -0.4100719676
BLYP 40 33.05 -0.4098703445
BLYP 40 33.2 -0.4096696371
BLYP 40 33.35 -0.4094698391
BLYP 40 33.5 -0.4092709442
BLYP 40 33.65 -0.4090729462
BLYP 40 33.8 -0.4088758389
BLYP 40 33.95 -0.4086796161
BLYP 40 34.1 -0.4084842719
BLYP 40 34.25 -0.4082898001
BLYP 40 34.4 -0.4080961948
BLYP 40 34.55 -0.4079034502
BLYP 40 34.7 -0.4077115603
BLYP 40 34.85 -0.4075205193
BLYP 40 35 -0.4073303215
BLYP 40 35.15 -0.4071409612
BLYP 40 35.3 -0.4069524328
BLYP 40 35.45 -0.4067647305
BLYP 40 35.6 -0.4065778489
BLYP 40 35.75 -0.4063917825
BLYP 40 35.9 -0.4062065258
BLYP 40 36.05 -0.4060220734
BLYP 40 36.2 -0.4058384199
BLYP 40 36.35 -0.4056555601
BLYP 40 36.5 -0.4054734886
BLYP 40 36.65 -0.4052922002
BLYP 40 36.8 -0.4051116898
BLYP 40 36.95 -0.4049319521
BLYP 40 37.1 -0.4047529822
BLYP 40 37.25 -0.404574775
BLYP 40 37.4 -0.4043973255
BLYP 40 37.55 -0.4042206286
BLYP 40 37.7 -0.4040446796
BLYP 40 37.85 -0.4038694735
BLYP 40 38 -0.4036950055
BLYP 40 38.15 -0.4035212707
BLYP 40 38.3 -0.4033482646
BLYP 40 38.45 -0.4031759822
BLYP 40 38.6 -0.4030044191
BLYP 40 38.75 -0.4028335704
BLYP 40 38.9 -0.4026634317
BLYP 40 39.05 -0.4024939984
BLYP 40 39.2 -0.402325266
BLYP 40 39.35 -0.40215723
BLYP 40 39.5 -0.4019898859
BLYP 40 39.65 -0.4018232294
BLYP 40 39.8 -0.4016572561
BLYP 40 39.95 -0.4014919616
BLYP 40 40.1 -0.4013273417
BLYP 40 40.25 -0.4011633921
BLYP 40 40.4 -0.4010001087
BLYP 40 40.55 -0.4008374871
BLYP 40 40.7 -0.4006755232
BLYP 40 40.85 -0.400514213
BLYP 40 41 -0.4003535524
BLYP 40 41.15 -0.4001935372
BLYP 40 41.3 -0.4000341636
BLYP 40 41.45 -0.3998754274
BLYP 40 41.6 -0.3997173248
BLYP 40 41.75 -0.3995598518
BLYP 40 41.9 -0.3994030045
BLYP 40 42.05 -0.3992467791
BLYP 40 42.2 -0.3990911718
BLYP 40 42.35 -0.3989361787
BLYP 40 42.5 -0.3987817962
BLYP 40 42.65 -0.3986280204
BLYP 40 42.8 -0.3984748476
BLYP 40 42.95 -0.3983222743
BLYP 40 43.1 -0.3981702967
BLYP 40 43.25 -0.3980189112
BLYP 40 43.4 -0.3978681143
BLYP 40 43.55 -0.3977179024
BLYP 40 43.7 -0.397568272
BLYP 40 43.85 -0.3974192195
BLYP 40 44 -0.3972707415
BLYP 40 44.15 -0.3971228345
BLYP 40 44.3 -0.3969754952
BLYP 40 44.45 -0.3968287202
BLYP 40 44.6 -0.396682506
BLYP 40 44.75 -0.3965368493
BLYP 40 44.9 -0.3963917469
BLYP 40 45.05 -0.3962471954
BLYP 40 45.2 -0.3961031916
BLYP 40 45.35 -0.3959597322
BLYP 40 45.5 -0.3958168141
BLYP 40 45.65 -0.395674434
BLYP 40 45.8 -0.3955325888
BLYP 40 45.95 -0.3953912754
BLYP 40 46.1 -0.3952504907
BLYP 40 46.25 -0.3951102315
BLYP 40 46.4 -0.3949704948
BLYP 40 46.55 -0.3948312776
BLYP 40 46.7 -0.3946925768
BLYP 40 46.85 -0.3945543895
BLYP 40 47 -0.3944167127
BLYP 40 47.15 -0.3942795434
BLYP 40 47.3 -0.3941428788
BLYP 40 47.45 -0.3940067158
BLYP 40 47.6 -0.3938710517
BLYP 40 47.75 -0.3937358836
BLYP 40 47.9 -0.3936012086
BLYP 40 48.05 -0.3934670239
BLYP 40 48.2 -0.3933333268
BLYP 40 48.35 -0.3932001144
BLYP 40 48.5 -0.3930673841
BLYP 40 48.65 -0.392935133
BLYP 40 48.8 -0.3928033585
BLYP 40 48.95 -0.3926720578
BLYP 40 49.1 -0.3925412284
BLYP 40 49.25 -0.3924108676
BLYP 40 49.4 -0.3922809726
BLYP 40 49.55 -0.392151541
BLYP 40 49.7 -0.3920225701
BLYP 40 49.85 -0.3918940574
BLYP 40 50 -0.3917660003
BLYP 40 50.15 -0.3916383962
BLYP 40 50.3 -0.3915112427
BLYP 40 50.45 -0.3913845372
BLYP 40 50.6 -0.3912582773
BLYP 40 50.75 -0.3911324606
BLYP 40 50.9 -0.3910070845
BLYP 40 51.05 -0.3908821466
BLYP 40 51.2 -0.3907576446
BLYP 40 51.35 -0.3906335761
BLYP 40 51.5 -0.3905099386
BLYP 40 51.65 -0.3903867298
BLYP 40 51.8 -0.3902639475
BLYP 40 51.95 -0.3901415892
BLYP 40 52.1 -0.3900196527
BLYP 40 52.25 -0.3898981356
BLYP 40 52.4 -0.3897770357
BLYP 40 52.55 -0.3896563508
BLYP 40 52.7 -0.3895360786
BLYP 40 52.85 -0.3894162169
BLYP 40 53 -0.3892967635
BLYP 40 53.15 -0.3891777161
BLYP 40 53.3 -0.3890590727
BLYP 40 53.45 -0.388940831
BLYP 40 53.6 -0.388822989
BLYP 40 53.75 -0.3887055444
BLYP 40 53.9 -0.3885884952
BLYP 40 54.05 -0.3884718392
BLYP 40 54.2 -0.3883555744
BLYP 40 54.35 -0.3882396988
BLYP 40 54.5 -0.3881242102
BLYP 40 54.65 -0.3880091066
BLYP 40 54.8 -0.387894386
BLYP 40 54.95 -0.3877800464
BLYP 40 55.1 -0.3876660857
BLYP 40 55.25 -0.3875525021
BLYP 40 55.4 -0.3874392935
BLYP 40 55.55 -0.3873264579
BLYP 40 55.7 -0.3872139935
BLYP 40 55.85 -0.3871018983
BLYP 40 56 -0.3869901703
BLYP 40 56.15 -0.3868788077
BLYP 40 56.3 -0.3867678086
BLYP 40 56.45 -0.3866571711
BLYP 40 56.6 -0.3865468934
BLYP 40 56.75 -0.3864369735
BLYP 40 56.9 -0.3863274097
BLYP 40 57.05 -0.3862182001
BLYP 40 57.2 -0.3861093429
BLYP 40 57.35 -0.3860008363
BLYP 40 57.5 -0.3858926786
BLYP 40 57.65 -0.3857848679
BLYP 40 57.8 -0.3856774025
BLYP 40 57.95 -0.3855702806
BLYP 40 58.1 -0.3854635004
BLYP 40 58.25 -0.3853570604
BLYP 40 58.4 -0.3852509586
BLYP 40 58.55 -0.3851451936
BLYP 40 58.7 -0.3850397634
BLYP 40 58.85 -0.3849346665
BLYP 40 59 -0.3848299011
BLYP 40 59.15 -0.3847254657
BLYP 40 59.3 -0.3846213586
BLYP 40 59.45 -0.3845175781
BLYP 40 59.6 -0.3844141226
BLYP 40 59.75 -0.3843109904
BLYP 40 59.9 -0.3842081801
BLYP 40 60.05 -0.3841056899
BLYP 40 60.2 -0.3840035183
BLYP 40 60.35 -0.3839016638
BLYP 40 60.5 -0.3838001247
BLYP 40 60.65 -0.3836988995
BLYP 40 60.8 -0.3835979867
BLYP 40 60.95 -0.3834973847
BLYP 40 61.1 -0.3833970919
BLYP 40 61.25 -0.383297107
BLYP 40 61.4 -0.3831974284
BLYP 40 61.55 -0.3830980545
BLYP 40 61.7 -0.382998984
BLYP 40 61.85 -0.3829002153
BLYP 40 62 -0.3828017469
BLYP 40 62.15 -0.3827035774
BLYP 40 62.3 -0.3826057055
BLYP 40 62.45 -0.3825081295
BLYP 40 62.6 -0.3824108481
BLYP 40 62.75 -0.3823138599
BLYP 40 62.9 -0.3822171635
BLYP 40 63.05 -0.3821207574
BLYP 40 63.2 -0.3820246404
BLYP 40 63.35 -0.3819288109
BLYP 40 63.5 -0.3818332676
BLYP 40 63.65 -0.3817380092
BLYP 40 63.8 -0.3816430342
BLYP 40 63.95 -0.3815483415
BLYP 40 64.1 -0.3814539295
BLYP 40 64.25 -0.381359797
BLYP 40 64.4 -0.3812659427
BLYP 40 64.55 -0.3811723652
BLYP 40 64.7 -0.3810790633
BLYP 40 64.85 -0.3809860356
BLYP 40 65 -0.3808932808
BLYP 40 65.15 -0.3808007977
BLYP 40 65.3 -0.380708585
BLYP 40 65.45 -0.3806166415
BLYP 40 65.6 -0.3805249658
BLYP 40 65.75 -0.3804335567
BLYP 40 65.9 -0.380342413
BLYP 40 66.05 -0.3802515335
BLYP 40 66.2 -0.3801609169
BLYP 40 66.35 -0.380070562
BLYP 40 66.5 -0.3799804676
BLYP 40 66.65 -0.3798906325
BLYP 40 66.8 -0.3798010554
BLYP 40 66.95 -0.3797117353
BLYP 40 67.1 -0.3796226709
BLYP 40 67.25 -0.379533861
BLYP 40 67.4 -0.3794453046
BLYP 40 67.55 -0.3793570003
BLYP 40 67.7 -0.3792689471
BLYP 40 67.85 -0.3791811438
BLYP 40 68 -0.3790935894
BLYP 40 68.15 -0.3790062825
BLYP 40 68.3 -0.3789192222
BLYP 40 68.45 -0.3788324073
BLYP 40 68.6 -0.3787458367
BLYP 40 68.75 -0.3786595093
BLYP 40 68.9 -0.378573424
BLYP 40 69.05 -0.3784875797
BLYP 40 69.2 -0.3784019753
BLYP 40 69.35 -0.3783166098
BLYP 40 69.5 -0.378231482
BLYP 40 69.65 -0.3781465909
BLYP 40 69.8 -0.3780619355
BLYP 40 69.95 -0.3779775146
BLYP 40 70.1 -0.3778933273
BLYP 40 70.25 -0.3778093726
BLYP 40 70.4 -0.3777256492
BLYP 40 70.55 -0.3776421564
BLYP 40 70.7 -0.3775588929
BLYP 40 70.85 -0.3774758579
BLYP 40 71 -0.3773930502
BLYP 40 71.15 -0.377310469
BLYP 40 71.3 -0.3772281131
BLYP 40 71.45 -0.3771459817
BLYP 40 71.6 -0.3770640737
BLYP 40 71.75 -0.3769823881
BLYP 40 71.9 -0.376900924
BLYP 40 72.05 -0.3768196804
BLYP 40 72.2 -0.3767386563
BLYP 40 72.35 -0.3766578508
BLYP 40 72.5 -0.3765772629
BLYP 40 72.65 -0.3764968917
BLYP 40 72.8 -0.3764167362
BLYP 40 72.95 -0.3763367955
BLYP 40 73.1 -0.3762570688
BLYP 40 73.25 -0.3761775549
BLYP 40 73.4 -0.3760982531
BLYP 40 73.55 -0.3760191624
BLYP 40 73.7 -0.3759402819
BLYP 40 73.85 -0.3758616108
BLYP 40 74 -0.375783148
BLYP 40 74.15 -0.3757048928
BLYP 40 74.3 -0.3756268441
BLYP 40 74.45 -0.3755490013
BLYP 40 74.6 -0.3754713632
BLYP 40 74.75 -0.3753939292
BLYP 40 74.9 -0.3753166983
BLYP 40 75.05 -0.3752396697
BLYP 40 75.2 -0.3751628425
BLYP 40 75.35 -0.3750862159
BLYP 40 75.5 -0.3750097889
BLYP 40 75.65 -0.3749335608
BLYP 40 75.8 -0.3748575308
BLYP 40 75.95 -0.3747816979
BLYP 40 76.1 -0.3747060614
BLYP 40 76.25 -0.3746306204
BLYP 40 76.4 -0.3745553742
BLYP 40 76.55 -0.3744803219
BLYP 40 76.7 -0.3744054626
BLYP 40 76.85 -0.3743307957
BLYP 40 77 -0.3742563202
BLYP 40 77.15 -0.3741820354
BLYP 40 77.3 -0.3741079406
BLYP 40 77.45 -0.3740340348
BLYP 40 77.6 -0.3739603174
BLYP 40 77.75 -0.3738867875
BLYP 40 77.9 -0.3738134444
BLYP 40 78.05 -0.3737402873
BLYP 40 78.2 -0.3736673154
BLYP 40 78.35 -0.373594528
BLYP 40 78.5 -0.3735219243
BLYP 40 78.65 -0.3734495036
BLYP 40 78.8 -0.3733772651
BLYP 40 78.95 -0.3733052081
BLYP 40 79.1 -0.3732333318
BLYP 40 79.25 -0.3731616355
BLYP 40 79.4 -0.3730901184
BLYP 40 79.55 -0.3730187799
BLYP 40 79.7 -0.3729476192
BLYP 40 79.85 -0.3728766355
BLYP 40 80 -0.3728058283
BLYP 40 80.15 -0.3727351966
BLYP 40 80.3 -0.37266474
BLYP 40 80.45 -0.3725944575
BLYP 40 80.6 -0.3725243486
BLYP 40 80.75 -0.3724544126
BLYP 40 80.9 -0.3723846486
BLYP 40 81.05 -0.3723150562
BLYP 40 81.2 -0.3722456344
BLYP 40 81.35 -0.3721763828
BLYP 40 81.5 -0.3721073006
BLYP 40 81.65 -0.3720383871
BLYP 40 81.8 -0.3719696417
BLYP 40 81.95 -0.3719010636
BLYP 40 82.1 -0.3718326523
BLYP 40 82.25 -0.371764407
BLYP 40 82.4 -0.3716963272
BLYP 40 82.55 -0.3716284121
BLYP 40 82.7 -0.3715606611
BLYP 40 82.85 -0.3714930735
BLYP 40 83 -0.3714256487
BLYP 40 83.15 -0.3713583862
BLYP 40 83.3 -0.3712912851
BLYP 40 83.45 -0.3712243449
BLYP 40 83.6 -0.3711575651
BLYP 40 83.75 -0.3710909448
BLYP 40 83.9 -0.3710244836
BLYP 40 84.05 -0.3709581807
BLYP 40 84.2 -0.3708920357
BLYP 40 84.35 -0.3708260478
BLYP 40 84.5 -0.3707602164
BLYP 40 84.65 -0.370694541
BLYP 40 84.8 -0.3706290209
BLYP 40 84.95 -0.3705636556
BLYP 40 85.1 -0.3704984444
BLYP 40 85.25 -0.3704333868
BLYP 40 85.4 -0.3703684821
BLYP 40 85.55 -0.3703037298
BLYP 40 85.7 -0.3702391293
BLYP 40 85.85 -0.37017468
BLYP 40 86 -0.3701103813
BLYP 40 86.15 -0.3700462326
BLYP 40 86.3 -0.3699822334
BLYP 40 86.45 -0.3699183831
BLYP 40 86.6 -0.3698546811
BLYP 40 86.75 -0.3697911269
BLYP 40 86.9 -0.3697277199
BLYP 40 87.05 -0.3696644595
BLYP 40 87.2 -0.3696013453
BLYP 40 87.35 -0.3695383765
BLYP 40 87.5 -0.3694755528
BLYP 40 87.65 -0.3694128735
BLYP 40 87.8 -0.369350338
BLYP 40 87.95 -0.369287946
BLYP 40 88.1 -0.3692256967
BLYP 40 88.25 -0.3691635897
BLYP 40 88.4 -0.3691016245
BLYP 40 88.55 -0.3690398004
BLYP 40 88.7 -0.3689781171
BLYP 40 88.85 -0.3689165738
BLYP 40 89 -0.3688551703
BLYP 40 89.15 -0.3687939058
BLYP 40 89.3 -0.3687327799
BLYP 40 89.45 -0.3686717921
BLYP 40 89.6 -0.3686109419
BLYP 40 89.75 -0.3685502287
BLYP 40 89.9 -0.3684896521
BLYP 40 90.05 -0.3684292115
BLYP 40 90.2 -0.3683689064
BLYP 40 90.35 -0.3683087364
BLYP 40 90.5 -0.3682487009
BLYP 40 90.65 -0.3681887995
BLYP 40 90.8 -0.3681290316
BLYP 40 90.95 -0.3680693968
BLYP 40 91.1 -0.3680098946
BLYP 40 91.25 -0.3679505244
BLYP 40 91.4 -0.3678912859
BLYP 40 91.55 -0.3678321785
BLYP 40 91.7 -0.3677732017
BLYP 40 91.85 -0.3677143552
BLYP 40 92 -0.3676556383
BLYP 40 92.15 -0.3675970506
BLYP 40 92.3 -0.3675385917
BLYP 40 92.45 -0.3674802611
BLYP 40 92.6 -0.3674220583
BLYP 40 92.75 -0.3673639829
BLYP 40 92.9 -0.3673060344
BLYP 40 93.05 -0.3672482124
BLYP 40 93.2 -0.3671905163
BLYP 40 93.35 -0.3671329458
BLYP 40 93.5 -0.3670755004
BLYP 40 93.65 -0.3670181796
BLYP 40 93.8 -0.366960983
BLYP 40 93.95 -0.3669039101
BLYP 40 94.1 -0.3668469606
BLYP 40 94.25 -0.366790134
BLYP 40 94.4 -0.3667334297
BLYP 40 94.55 -0.3666768475
BLYP 40 94.7 -0.3666203869
BLYP 40 94.85 -0.3665640473
BLYP 40 95 -0.3665078285
BLYP 40 95.15 -0.3664517299
BLYP 40 95.3 -0.3663957512
BLYP 40 95.45 -0.3663398919
BLYP 40 95.6 -0.3662841517
BLYP 40 95.75 -0.36622853
BLYP 40 95.9 -0.3661730264
BLYP 40 96.05 -0.3661176407
BLYP 40 96.2 -0.3660623722
BLYP 40 96.35 -0.3660072207
BLYP 40 96.5 -0.3659521857
BLYP 40 96.65 -0.3658972668
BLYP 40 96.8 -0.3658424637
BLYP 40 96.95 -0.3657877758
BLYP 40 97.1 -0.3657332028
BLYP 40 97.25 -0.3656787443
BLYP 40 97.4 -0.3656244
BLYP 40 97.55 -0.3655701693
BLYP 40 97.7 -0.365516052
BLYP 40 97.85 -0.3654620475
BLYP 40 98 -0.3654081556
BLYP 40 98.15 -0.3653543759
BLYP 40 98.3 -0.3653007079
BLYP 40 98.45 -0.3652471512
BLYP 40 98.6 -0.3651937056
BLYP 40 98.75 -0.3651403705
BLYP 40 98.9 -0.3650871457
BLYP 40 99.05 -0.3650340307
BLYP 40 99.2 -0.3649810252
BLYP 40 99.35 -0.3649281288
BLYP 40 99.5 -0.3648753411
BLYP 40 99.65 -0.3648226618
BLYP 40 99.8 -0.3647700904
BLYP 40 99.95 -0.3647176267
BLYP 40 100.1 -0.3646652702
BLYP 40 100.25 -0.3646130206
BLYP 40 100.4 -0.3645608775
BLYP 40 100.55 -0.3645088406
BLYP 40 100.7 -0.3644569095
BLYP 40 100.85 -0.3644050838
BLYP 40 101 -0.3643533633
BLYP 40 101.15 -0.3643017474
BLYP 40 101.3 -0.364250236
BLYP 40 101.45 -0.3641988286
BLYP 40 101.6 -0.3641475248
BLYP 40 101.75 -0.3640963244
BLYP 40 101.9 -0.364045227
BLYP 40 102.05 -0.3639942322
BLYP 40 102.2 -0.3639433398
BLYP 40 102.35 -0.3638925493
BLYP 40 102.5 -0.3638418604
BLYP 40 102.65 -0.3637912728
BLYP 40 102.8 -0.3637407861
BLYP 40 102.95 -0.3636904001
BLYP 40 103.1 -0.3636401143
BLYP 40 103.25 -0.3635899285
BLYP 40 103.4 -0.3635398423
BLYP 40 103.55 -0.3634898554
BLYP 40 103.7 -0.3634399674
BLYP 40 103.85 -0.363390178
BLYP 40 104 -0.363340487
BLYP 40 104.15 -0.3632908939
BLYP 40 104.3 -0.3632413985
BLYP 40 104.45 -0.3631920005
BLYP 40 104.6 -0.3631426994
BLYP 40 104.75 -0.3630934951
BLYP 40 104.9 -0.3630443871
BLYP 40 105.05 -0.3629953753
BLYP 40 105.2 -0.3629464591
BLYP 40 105.35 -0.3628976385
BLYP 40 105.5 -0.3628489129
BLYP 40 105.65 -0.3628002822
BLYP 40 105.8 -0.362751746
BLYP 40 105.95 -0.362703304
BLYP 40 106.1 -0.3626549559
BLYP 40 106.25 -0.3626067014
BLYP 40 106.4 -0.3625585402
BLYP 40 106.55 -0.362510472
BLYP 40 106.7 -0.3624624965
BLYP 40 106.85 -0.3624146134
BLYP 40 107 -0.3623668224
BLYP 40 107.15 -0.3623191232
BLYP 40 107.3 -0.3622715156
BLYP 40 107.45 -0.3622239991
BLYP 40 107.6 -0.3621765736
BLYP 40 107.75 -0.3621292387
BLYP 40 107.9 -0.3620819941
BLYP 40 108.05 -0.3620348396
BLYP 40 108.2 -0.3619877749
BLYP 40 108.35 -0.3619407996
BLYP 40 108.5 -0.3618939136
BLYP 40 108.65 -0.3618471164
BLYP 40 108.8 -0.3618004079
BLYP 40 108.95 -0.3617537878
BLYP 40 109.1 -0.3617072557
BLYP 40 109.25 -0.3616608114
BLYP 40 109.4 -0.3616144546
BLYP 40 109.55 -0.3615681851
BLYP 40 109.7 -0.3615220026
BLYP 40 109.85 -0.3614759067
BLYP 40 110 -0.3614298973
BLYP 40 110.15 -0.361383974
BLYP 40 110.3 -0.3613381365
BLYP 40 110.45 -0.3612923847
BLYP 40 110.6 -0.3612467182
BLYP 40 110.75 -0.3612011369
BLYP 40 110.9 -0.3611556403
BLYP 40 111.05 -0.3611102282
BLYP 40 111.2 -0.3610649005
BLYP 40 111.35 -0.3610196567
BLYP 40 111.5 -0.3609744967
BLYP 40 111.65 -0.3609294202
BLYP 40 111.8 -0.360884427
BLYP 40 111.95 -0.3608395167
BLYP 40 112.1 -0.3607946892
BLYP 40 112.25 -0.3607499441
BLYP 40 112.4 -0.3607052812
BLYP 40 112.55 -0.3606607003
BLYP 40 112.7 -0.3606162011
BLYP 40 112.85 -0.3605717834
BLYP 40 113 -0.3605274468
BLYP 40 113.15 -0.3604831913
BLYP 40 113.3 -0.3604390164
BLYP 40 113.45 -0.360394922
BLYP 40 113.6 -0.3603509078
BLYP 40 113.75 -0.3603069735
BLYP 40 113.9 -0.360263119
BLYP 40 114.05 -0.360219344
BLYP 40 114.2 -0.3601756482
BLYP 40 114.35 -0.3601320315
BLYP 40 114.5 -0.3600884934
BLYP 40 114.65 -0.3600450339
BLYP 40 114.8 -0.3600016527
BLYP 40 114.95 -0.3599583495
BLYP 40 115.1 -0.3599151242
BLYP 40 115.25 -0.3598719764
BLYP 40 115.4 -0.3598289059
BLYP 40 115.55 -0.3597859126
BLYP 40 115.7 -0.3597429961
BLYP 40 115.85 -0.3597001563
BLYP 40 116 -0.3596573929
BLYP 40 116.15 -0.3596147056
BLYP 40 116.3 -0.3595720944
BLYP 40 116.45 -0.3595295588
BLYP 40 116.6 -0.3594870987
BLYP 40 116.75 -0.359444714
BLYP 40 116.9 -0.3594024042
BLYP 40 117.05 -0.3593601693
BLYP 40 117.2 -0.359318009
BLYP 40 117.35 -0.3592759231
BLYP 40 117.5 -0.3592339114
BLYP 40 117.65 -0.3591919735
BLYP 40 117.8 -0.3591501094
BLYP 40 117.95 -0.3591083188
BLYP 40 118.1 -0.3590666015
BLYP 40 118.25 -0.3590249573
BLYP 40 118.4 -0.3589833859
BLYP 40 118.55 -0.3589418871
BLYP 40 118.7 -0.3589004608
BLYP 40 118.85 -0.3588591067
BLYP 40 119 -0.3588178246
BLYP 40 119.15 -0.3587766142
BLYP 40 119.3 -0.3587354754
BLYP 40 119.45 -0.3586944081
BLYP 40 119.6 -0.3586534118
BLYP 40 119.75 -0.3586124865
BLYP 40 119.9 -0.358571632
BLYP 40 120.05 -0.358530848
BLYP 40 120.2 -0.3584901343
BLYP 40 120.35 -0.3584494907
BLYP 40 120.5 -0.3584089171
BLYP 40 120.65 -0.3583684131
BLYP 40 120.8 -0.3583279787
BLYP 40 120.95 -0.3582876136
BLYP 40 121.1 -0.3582473177
BLYP 40 121.25 -0.3582070906
BLYP 40 121.4 -0.3581669322
BLYP 40 121.55 -0.3581268424
BLYP 40 121.7 -0.3580868209
BLYP 40 121.85 -0.3580468675
BLYP 40 122 -0.358006982
BLYP 40 122.15 -0.3579671643
BLYP 40 122.3 -0.3579274141
BLYP 40 122.45 -0.3578877312
BLYP 40 122.6 -0.3578481155
BLYP 40 122.75 -0.3578085667
BLYP 40 122.9 -0.3577690847
BLYP 40 123.05 -0.3577296693
BLYP 40 123.2 -0.3576903202
BLYP 40 123.35 -0.3576510374
BLYP 40 123.5 -0.3576118206
BLYP 40 123.65 -0.3575726696
BLYP 40 123.8 -0.3575335842
BLYP 40 123.95 -0.3574945642
BLYP 40 124.1 -0.3574556096
BLYP 40 124.25 -0.3574167199
BLYP 40 124.4 -0.3573778952
BLYP 40 124.55 -0.3573391352
BLYP 40 124.7 -0.3573004398
BLYP 40 124.85 -0.3572618086
BLYP 40 125 -0.3572232416
BLYP 40 125.15 -0.3571847387
BLYP 40 125.3 -0.3571462995
BLYP 40 125.45 -0.3571079239
BLYP 40 125.6 -0.3570696118
BLYP 40 125.75 -0.3570313629
BLYP 40 125.9 -0.3569931772
BLYP 40 126.05 -0.3569550543
BLYP 40 126.2 -0.3569169942
BLYP 40 126.35 -0.3568789966
BLYP 40 126.5 -0.3568410615
BLYP 40 126.65 -0.3568031885
BLYP 40 126.8 -0.3567653776
BLYP 40 126.95 -0.3567276285
BLYP 40 127.1 -0.3566899412
BLYP 40 127.25 -0.3566523154
BLYP 40 127.4 -0.3566147509
BLYP 40 127.55 -0.3565772476
BLYP 40 127.7 -0.3565398053
BLYP 40 127.85 -0.3565024239
BLYP 40 128 -0.3564651032
BLYP 40 128.15 -0.356427843
BLYP 40 128.3 -0.3563906431
BLYP 40 128.45 -0.3563535034
BLYP 40 128.6 -0.3563164237
BLYP 40 128.75 -0.3562794038
BLYP 40 128.9 -0.3562424437
BLYP 40 129.05 -0.3562055431
BLYP 40 129.2 -0.3561687018
BLYP 40 129.35 -0.3561319197
BLYP 40 129.5 -0.3560951967
BLYP 40 129.65 -0.3560585325
BLYP 40 129.8 -0.3560219271
BLYP 40 129.95 -0.3559853802
BLYP 40 130.1 -0.3559488917
BLYP 40 130.25 -0.3559124614
BLYP 40 130.4 -0.3558760892
BLYP 40 130.55 -0.3558397749
BLYP 40 130.7 -0.3558035184
BLYP 40 130.85 -0.3557673195
BLYP 40 131 -0.3557311781
BLYP 40 131.15 -0.355695094
BLYP 40 131.3 -0.3556590669
BLYP 40 131.45 -0.3556230969
BLYP 40 131.6 -0.3555871838
BLYP 40 131.75 -0.3555513273
BLYP 40 131.9 -0.3555155273
BLYP 40 132.05 -0.3554797837
BLYP 40 132.2 -0.3554440963
BLYP 40 132.35 -0.355408465
BLYP 40 132.5 -0.3553728897
BLYP 40 132.65 -0.3553373701
BLYP 40 132.8 -0.3553019061
BLYP 40 132.95 -0.3552664977
BLYP 40 133.1 -0.3552311445
BLYP 40 133.25 -0.3551958465
BLYP 40 133.4 -0.3551606036
BLYP 40 133.55 -0.3551254156
BLYP 40 133.7 -0.3550902823
BLYP 40 133.85 -0.3550552036
BLYP 40 134 -0.3550201794
BLYP 40 134.15 -0.3549852095
BLYP 40 134.3 -0.3549502937
BLYP 40 134.45 -0.354915432
BLYP 40 134.6 -0.3548806241
BLYP 40 134.75 -0.35484587
BLYP 40 134.9 -0.3548111695
BLYP 40 135.05 -0.3547765225
BLYP 40 135.2 -0.3547419288
BLYP 40 135.35 -0.3547073882
BLYP 40 135.5 -0.3546729007
BLYP 40 135.65 -0.3546384661
BLYP 40 135.8 -0.3546040842
BLYP 40 135.95 -0.354569755
BLYP 40 136.1 -0.3545354782
BLYP 40 136.25 -0.3545012538
BLYP 40 136.4 -0.3544670816
BLYP 40 136.55 -0.3544329615
BLYP 40 136.7 -0.3543988934
BLYP 40 136.85 -0.354364877
BLYP 40 137 -0.3543309123
BLYP 40 137.15 -0.3542969991
BLYP 40 137.3 -0.3542631374
BLYP 40 137.45 -0.3542293269
BLYP 40 137.6 -0.3541955675
BLYP 40 137.75 -0.3541618592
BLYP 40 137.9 -0.3541282017
BLYP 40 138.05 -0.354094595
BLYP 40 138.2 -0.3540610389
BLYP 40 138.35 -0.3540275332
BLYP 40 138.5 -0.3539940779
BLYP 40 138.65 -0.3539606729
BLYP 40 138.8 -0.3539273179
BLYP 40 138.95 -0.3538940129
BLYP 40 139.1 -0.3538607577
BLYP 40 139.25 -0.3538275523
BLYP 40 139.4 -0.3537943964
BLYP 40 139.55 -0.35376129
BLYP 40 139.7 -0.3537282329
BLYP 40 139.85 -0.353695225
BLYP 40 140 -0.3536622662
BLYP 40 140.15 -0.3536293563
BLYP 40 140.3 -0.3535964953
BLYP 40 140.45 -0.3535636829
BLYP 40 140.6 -0.3535309192
BLYP 40 140.75 -0.3534982039
BLYP 40 140.9 -0.3534655369
BLYP 40 141.05 -0.3534329182
BLYP 40 141.2 -0.3534003475
BLYP 40 141.35 -0.3533678249
BLYP 40 141.5 -0.35333535
BLYP 40 141.65 -0.3533029229
BLYP 40 141.8 -0.3532705434
BLYP 40 141.95 -0.3532382114
BLYP 40 142.1 -0.3532059268
BLYP 40 142.25 -0.3531736894
BLYP 40 142.4 -0.3531414991
BLYP 40 142.55 -0.3531093559
BLYP 40 142.7 -0.3530772595
BLYP 40 142.85 -0.35304521
BLYP 40 143 -0.3530132071
BLYP 40 143.15 -0.3529812507
BLYP 40 143.3 -0.3529493408
BLYP 40 143.45 -0.3529174771
BLYP 40 143.6 -0.3528856597
BLYP 40 143.75 -0.3528538884
BLYP 40 143.9 -0.352822163
BLYP 40 144.05 -0.3527904835
BLYP 40 144.2 -0.3527588497
BLYP 40 144.35 -0.3527272615
BLYP 40 144.5 -0.3526957189
BLYP 40 144.65 -0.3526642217
BLYP 40 144.8 -0.3526327697
BLYP 40 144.95 -0.352601363
BLYP 40 145.1 -0.3525700013
BLYP 40 145.25 -0.3525386845
BLYP 40 145.4 -0.3525074126
BLYP 40 145.55 -0.3524761855
BLYP 40 145.7 -0.3524450029
BLYP 40 145.85 -0.3524138649
BLYP 40 146 -0.3523827713
BLYP 40 146.15 -0.352351722
BLYP 40 146.3 -0.3523207169
BLYP 40 146.45 -0.3522897558
BLYP 40 146.6 -0.3522588387
BLYP 40 146.75 -0.3522279655
BLYP 40 146.9 -0.3521971361
BLYP 40 147.05 -0.3521663503
BLYP 40 147.2 -0.352135608
BLYP 40 147.35 -0.3521049092
BLYP 40 147.5 -0.3520742538
BLYP 40 147.65 -0.3520436415
BLYP 40 147.8 -0.3520130724
BLYP 40 147.95 -0.3519825463
BLYP 40 148.1 -0.3519520631
BLYP 40 148.25 -0.3519216228
BLYP 40 148.4 -0.3518912251
BLYP 40 148.55 -0.3518608701
BLYP 40 148.7 -0.3518305575
BLYP 40 148.85 -0.3518002874
BLYP 40 149 -0.3517700595
BLYP 40 149.15 -0.3517398739
BLYP 40 149.3 -0.3517097303
BLYP 40 149.45 -0.3516796288
BLYP 40 149.6 -0.3516495691
BLYP 40 149.75 -0.3516195513
BLYP 40 149.9 -0.3515895751
BLYP 40 150.05 -0.3515596405
BLYP 40 150.2 -0.3515297474
BLYP 40 150.35 -0.3514998958
BLYP 40 150.5 -0.3514700854
BLYP 40 150.65 -0.3514403162
BLYP 40 150.8 -0.3514105881
BLYP 40 150.95 -0.351380901
BLYP 40 151.1 -0.3513512548
BLYP 40 151.25 -0.3513216495
BLYP 40 151.4 -0.3512920848
BLYP 40 151.55 -0.3512625608
BLYP 40 151.7 -0.3512330773
BLYP 40 151.85 -0.3512036342
BLYP 40 152 -0.3511742314
BLYP 40 152.15 -0.3511448689
BLYP 40 152.3 -0.3511155465
BLYP 40 152.45 -0.3510862642
BLYP 40 152.6 -0.3510570218
BLYP 40 152.75 -0.3510278192
BLYP 40 152.9 -0.3509986564
BLYP 40 153.05 -0.3509695333
BLYP 40 153.2 -0.3509404498
BLYP 40 153.35 -0.3509114057
BLYP 40 153.5 -0.3508824011
BLYP 40 153.65 -0.3508534357
BLYP 40 153.8 -0.3508245096
BLYP 40 153.95 -0.3507956225
BLYP 40 154.1 -0.3507667745
BLYP 40 154.25 -0.3507379654
BLYP 40 154.4 -0.3507091952
BLYP 40 154.55 -0.3506804637
BLYP 40 154.7 -0.3506517709
BLYP 40 154.85 -0.3506231166
BLYP 40 155 -0.3505945009
BLYP 40 155.15 -0.3505659235
BLYP 40 155.3 -0.3505373844
BLYP 40 155.45 -0.3505088836
BLYP 40 155.6 -0.3504804208
BLYP 40 155.75 -0.3504519962
BLYP 40 155.9 -0.3504236094
BLYP 40 156.05 -0.3503952606
BLYP 40 156.2 -0.3503669495
BLYP 40 156.35 -0.3503386761
BLYP 40 156.5 -0.3503104403
BLYP 40 156.65 -0.350282242
BLYP 40 156.8 -0.3502540811
BLYP 40 156.95 -0.3502259576
BLYP 40 157.1 -0.3501978714
BLYP 40 157.25 -0.3501698223
BLYP 40 157.4 -0.3501418103
BLYP 40 157.55 -0.3501138354
BLYP 40 157.7 -0.3500858973
BLYP 40 157.85 -0.3500579961
BLYP 40 158 -0.3500301316
BLYP 40 158.15 -0.3500023038
BLYP 40 158.3 -0.3499745126
BLYP 40 158.45 -0.3499467579
BLYP 40 158.6 -0.3499190396
BLYP 40 158.75 -0.3498913577
BLYP 40 158.9 -0.349863712
BLYP 40 159.05 -0.3498361025
BLYP 40 159.2 -0.349808529
BLYP 40 159.35 -0.3497809916
BLYP 40 159.5 -0.3497534901
BLYP 40 159.65 -0.3497260244
BLYP 40 159.8 -0.3496985946
BLYP 40 159.95 -0.3496712004
BLYP 40 160.1 -0.3496438418
BLYP 40 160.25 -0.3496165187
BLYP 40 160.4 -0.3495892311
BLYP 40 160.55 -0.3495619788
BLYP 40 160.7 -0.3495347618
BLYP 40 160.85 -0.3495075801
BLYP 40 161 -0.3494804334
BLYP 40 161.15 -0.3494533218
BLYP 40 161.3 -0.3494262452
BLYP 40 161.45 -0.3493992035
BLYP 40 161.6 -0.3493721966
BLYP 40 161.75 -0.3493452244
BLYP 40 161.9 -0.3493182869
BLYP 40 162.05 -0.349291384
BLYP 40 162.2 -0.3492645156
BLYP 40 162.35 -0.3492376816
BLYP 40 162.5 -0.3492108819
BLYP 40 162.65 -0.3491841166
BLYP 40 162.8 -0.3491573854
BLYP 40 162.95 -0.3491306884
BLYP 40 163.1 -0.3491040254
BLYP 40 163.25 -0.3490773964
BLYP 40 163.4 -0.3490508013
BLYP 40 163.55 -0.34902424
BLYP 40 163.7 -0.3489977125
BLYP 40 163.85 -0.3489712186
BLYP 40 164 -0.3489447584
BLYP 40 164.15 -0.3489183316
BLYP 40 164.3 -0.3488919384
BLYP 40 164.45 -0.3488655785
BLYP 40 164.6 -0.3488392519
BLYP 40 164.75 -0.3488129586
BLYP 40 164.9 -0.3487866984
BLYP 40 165.05 -0.3487604713
BLYP 40 165.2 -0.3487342772
BLYP 40 165.35 -0.3487081161
BLYP 40 165.5 -0.3486819878
BLYP 40 165.65 -0.3486558924
BLYP 40 165.8 -0.3486298297
BLYP 40 165.95 -0.3486037996
BLYP 40 166.1 -0.3485778021
BLYP 40 166.25 -0.3485518372
BLYP 40 166.4 -0.3485259047
BLYP 40 166.55 -0.3485000045
BLYP 40 166.7 -0.3484741367
BLYP 40 166.85 -0.3484483011
BLYP 40 167 -0.3484224977
BLYP 40 167.15 -0.3483967264
BLYP 40 167.3 -0.3483709871
BLYP 40 167.45 -0.3483452797
BLYP 40 167.6 -0.3483196043
BLYP 40 167.75 -0.3482939607
BLYP 40 167.9 -0.3482683488
BLYP 40 168.05 -0.3482427686
BLYP 40 168.2 -0.3482172201
BLYP 40 168.35 -0.348191703
BLYP 40 168.5 -0.3481662175
BLYP 40 168.65 -0.3481407634
BLYP 40 168.8 -0.3481153406
BLYP 40 168.95 -0.3480899491
BLYP 40 169.1 -0.3480645888
BLYP 40 169.25 -0.3480392597
BLYP 40 169.4 -0.3480139616
BLYP 40 169.55 -0.3479886946
BLYP 40 169.7 -0.3479634585
BLYP 40 169.85 -0.3479382533
BLYP 40 170 -0.3479130789
BLYP 40 170.15 -0.3478879352
BLYP 40 170.3 -0.3478628223
BLYP 40 170.45 -0.3478377399
BLYP 40 170.6 -0.3478126881
BLYP 40 170.75 -0.3477876668
BLYP 40 170.9 -0.347762676
BLYP 40 171.05 -0.3477377155
BLYP 40 171.2 -0.3477127852
BLYP 40 171.35 -0.3476878853
BLYP 40 171.5 -0.3476630155
BLYP 40 171.65 -0.3476381758
BLYP 40 171.8 -0.3476133661
BLYP 40 171.95 -0.3475885864
BLYP 40 172.1 -0.3475638367
BLYP 40 172.25 -0.3475391168
BLYP 40 172.4 -0.3475144266
BLYP 40 172.55 -0.3474897663
BLYP 40 172.7 -0.3474651355
BLYP 40 172.85 -0.3474405344
BLYP 40 173 -0.3474159629
BLYP 40 173.15 -0.3473914208
BLYP 40 173.3 -0.3473669081
BLYP 40 173.45 -0.3473424248
BLYP 40 173.6 -0.3473179708
BLYP 40 173.75 -0.347293546
BLYP 40 173.9 -0.3472691504
BLYP 40 174.05 -0.3472447839
BLYP 40 174.2 -0.3472204465
BLYP 40 174.35 -0.347196138
BLYP 40 174.5 -0.3471718585
BLYP 40 174.65 -0.3471476079
BLYP 40 174.8 -0.3471233861
BLYP 40 174.95 -0.347099193
BLYP 40 175.1 -0.3470750286
BLYP 40 175.25 -0.3470508929
BLYP 40 175.4 -0.3470267857
BLYP 40 175.55 -0.3470027071
BLYP 40 175.7 -0.3469786569
BLYP 40 175.85 -0.3469546351
BLYP 40 176 -0.3469306417
BLYP 40 176.15 -0.3469066765
BLYP 40 176.3 -0.3468827396
BLYP 40 176.45 -0.3468588309
BLYP 40 176.6 -0.3468349502
BLYP 40 176.75 -0.3468110976
BLYP 40 176.9 -0.346787273
BLYP 40 177.05 -0.3467634763
BLYP 40 177.2 -0.3467397076
BLYP 40 177.35 -0.3467159666
BLYP 40 177.5 -0.3466922534
BLYP 40 177.65 -0.3466685679
BLYP 40 177.8 -0.3466449101
BLYP 40 177.95 -0.3466212799
BLYP 40 178.1 -0.3465976772
BLYP 40 178.25 -0.346574102
BLYP 40 178.4 -0.3465505542
BLYP 40 178.55 -0.3465270338
BLYP 40 178.7 -0.3465035407
BLYP 40 178.85 -0.3464800749
BLYP 40 179 -0.3464566363
BLYP 40 179.15 -0.3464332249
BLYP 40 179.3 -0.3464098405
BLYP 40 179.45 -0.3463864832
BLYP 40 179.6 -0.3463631529
BLYP 40 179.75 -0.3463398495
BLYP 40 179.9 -0.346316573
BLYP 40 180.05 -0.3462933233
BLYP 40 180.2 -0.3462701004
BLYP 40 180.35 -0.3462469042
BLYP 40 180.5 -0.3462237347
BLYP 40 180.65 -0.3462005918
BLYP 40 180.8 -0.3461774755
BLYP 40 180.95 -0.3461543856
BLYP 40 181.1 -0.3461313222
BLYP 40 181.25 -0.3461082852
BLYP 40 181.4 -0.3460852746
BLYP 40 181.55 -0.3460622902
BLYP 40 181.7 -0.3460393321
BLYP 40 181.85 -0.3460164002
BLYP 40 182 -0.3459934944
BLYP 40 182.15 -0.3459706147
BLYP 40 182.3 -0.3459477611
BLYP 40 182.45 -0.3459249334
BLYP 40 182.6 -0.3459021317
BLYP 40 182.75 -0.3458793558
BLYP 40 182.9 -0.3458566058
BLYP 40 183.05 -0.3458338815
BLYP 40 183.2 -0.345811183
BLYP 40 183.35 -0.3457885101
BLYP 40 183.5 -0.3457658629
BLYP 40 183.65 -0.3457432412
BLYP 40 183.8 -0.3457206451
BLYP 40 183.95 -0.3456980744
BLYP 40 184.1 -0.3456755291
BLYP 40 184.25 -0.3456530093
BLYP 40 184.4 -0.3456305147
BLYP 40 184.55 -0.3456080455
BLYP 40 184.7 -0.3455856014
BLYP 40 184.85 -0.3455631825
BLYP 40 185 -0.3455407888
BLYP 40 185.15 -0.3455184201
BLYP 40 185.3 -0.3454960765
BLYP 40 185.45 -0.3454737578
BLYP 40 185.6 -0.3454514641
BLYP 40 185.75 -0.3454291952
BLYP 40 185.9 -0.3454069512
BLYP 40 186.05 -0.345384732
BLYP 40 186.2 -0.3453625375
BLYP 40 186.35 -0.3453403676
BLYP 40 186.5 -0.3453182225
BLYP 40 186.65 -0.3452961019
BLYP 40 186.8 -0.3452740058
BLYP 40 186.95 -0.3452519343
BLYP 40 187.1 -0.3452298872
BLYP 40 187.25 -0.3452078645
BLYP 40 187.4 -0.3451858662
BLYP 40 187.55 -0.3451638922
BLYP 40 187.7 -0.3451419424
BLYP 40 187.85 -0.3451200168
BLYP 40 188 -0.3450981155
BLYP 40 188.15 -0.3450762382
BLYP 40 188.3 -0.345054385
BLYP 40 188.45 -0.3450325559
BLYP 40 188.6 -0.3450107507
BLYP 40 188.75 -0.3449889694
BLYP 40 188.9 -0.3449672121
BLYP 40 189.05 -0.3449454786
BLYP 40 189.2 -0.3449237689
BLYP 40 189.35 -0.3449020829
BLYP 40 189.5 -0.3448804207
BLYP 40 189.65 -0.3448587821
BLYP 40 189.8 -0.3448371671
BLYP 40 189.95 -0.3448155757
BLYP 40 190.1 -0.3447940079
BLYP 40 190.25 -0.3447724635
BLYP 40 190.4 -0.3447509425
BLYP 40 190.55 -0.344729445
BLYP 40 190.7 -0.3447079708
BLYP 40 190.85 -0.3446865199
BLYP 40 191 -0.3446650922
BLYP 40 191.15 -0.3446436878
BLYP 40 191.3 -0.3446223065
BLYP 40 191.45 -0.3446009484
BLYP 40 191.6 -0.3445796133
BLYP 40 191.75 -0.3445583013
BLYP 40 191.9 -0.3445370123
BLYP 40 192.05 -0.3445157462
BLYP 40 192.2 -0.344494503
BLYP 40 192.35 -0.3444732827
BLYP 40 192.5 -0.3444520853
BLYP 40 192.65 -0.3444309106
BLYP 40 192.8 -0.3444097586
BLYP 40 192.95 -0.3443886293
BLYP 40 193.1 -0.3443675227
BLYP 40 193.25 -0.3443464387
BLYP 40 193.4 -0.3443253773
BLYP 40 193.55 -0.3443043384
BLYP 40 193.7 -0.3442833219
BLYP 40 193.85 -0.3442623279
BLYP 40 194 -0.3442413563
BLYP 40 194.15 -0.344220407
BLYP 40 194.3 -0.3441994801
BLYP 40 194.45 -0.3441785754
BLYP 40 194.6 -0.344157693
BLYP 40 194.75 -0.3441368327
BLYP 40 194.9 -0.3441159946
BLYP 40 195.05 -0.3440951786
BLYP 40 195.2 -0.3440743847
BLYP 40 195.35 -0.3440536128
BLYP 40 195.5 -0.3440328629
BLYP 40 195.65 -0.3440121349
BLYP 40 195.8 -0.3439914288
BLYP 40 195.95 -0.3439707446
BLYP 40 196.1 -0.3439500822
BLYP 40 196.25 -0.3439294415
BLYP 40 196.4 -0.3439088226
BLYP 40 196.55 -0.3438882254
BLYP 40 196.7 -0.3438676499
BLYP 40 196.85 -0.343847096
BLYP 40 197 -0.3438265637
BLYP 40 197.15 -0.3438060529
BLYP 40 197.3 -0.3437855636
BLYP 40 197.45 -0.3437650957
BLYP 40 197.6 -0.3437446493
BLYP 40 197.75 -0.3437242243
BLYP 40 197.9 -0.3437038206
BLYP 40 198.05 -0.3436834382
BLYP 40 198.2 -0.343663077
BLYP 40 198.35 -0.3436427371
BLYP 40 198.5 -0.3436224184
BLYP 40 198.65 -0.3436021208
BLYP 40 198.8 -0.3435818444
BLYP 40 198.95 -0.343561589
BLYP 40 199.1 -0.3435413546
BLYP 40 199.25 -0.3435211412
BLYP 40 199.4 -0.3435009488
BLYP 40 199.55 -0.3434807773
BLYP 40 199.7 -0.3434606267
BLYP 40 199.85 -0.3434404969
BLYP 40 200 -0.3434203879
