Functional Exponent Coefficient Energy
BLYP 0.5 -100 -89.0280380583
BLYP 0.5 -99.85 -88.8877005663
BLYP 0.5 -99.7 -88.7473698215
BLYP 0.5 -99.55 -88.6070458442
BLYP 0.5 -99.4 -88.4667286544
BLYP 0.5 -99.25 -88.3264182725
BLYP 0.5 -99.1 -88.1861147191
BLYP 0.5 -98.95 -88.0458180145
BLYP 0.5 -98.8 -87.9055281794
BLYP 0.5 -98.65 -87.7652452344
BLYP 0.5 -98.5 -87.6249692004
BLYP 0.5 -98.35 -87.4847000981
BLYP 0.5 -98.2 -87.3444379485
BLYP 0.5 -98.05 -87.2041827727
BLYP 0.5 -97.9 -87.0639345917
BLYP 0.5 -97.75 -86.9236934267
BLYP 0.5 -97.6 -86.7834592991
BLYP 0.5 -97.45 -86.6432322303
BLYP 0.5 -97.3 -86.5030122416
BLYP 0.5 -97.15 -86.3627993547
BLYP 0.5 -97 -86.2225935912
BLYP 0.5 -96.85 -86.0823949728
BLYP 0.5 -96.7 -85.9422035214
BLYP 0.5 -96.55 -85.802019259
BLYP 0.5 -96.4 -85.6618422075
BLYP 0.5 -96.25 -85.521672389
BLYP 0.5 -96.1 -85.3815098257
BLYP 0.5 -95.95 -85.24135454
BLYP 0.5 -95.8 -85.1012065542
BLYP 0.5 -95.65 -84.9610658909
BLYP 0.5 -95.5 -84.8209325725
BLYP 0.5 -95.35 -84.6808066218
BLYP 0.5 -95.2 -84.5406880615
BLYP 0.5 -95.05 -84.4005769146
BLYP 0.5 -94.9 -84.2604732039
BLYP 0.5 -94.75 -84.1203769525
BLYP 0.5 -94.6 -83.9802881836
BLYP 0.5 -94.45 -83.8402069205
BLYP 0.5 -94.3 -83.7001331864
BLYP 0.5 -94.15 -83.5600670049
BLYP 0.5 -94 -83.4200083995
BLYP 0.5 -93.85 -83.2799573939
BLYP 0.5 -93.7 -83.1399140117
BLYP 0.5 -93.55 -82.9998782769
BLYP 0.5 -93.4 -82.8598502134
BLYP 0.5 -93.25 -82.7198298453
BLYP 0.5 -93.1 -82.5798171967
BLYP 0.5 -92.95 -82.4398122918
BLYP 0.5 -92.8 -82.2998151551
BLYP 0.5 -92.65 -82.159825811
BLYP 0.5 -92.5 -82.0198442841
BLYP 0.5 -92.35 -81.879870599
BLYP 0.5 -92.2 -81.7399047805
BLYP 0.5 -92.05 -81.5999468535
BLYP 0.5 -91.9 -81.459996843
BLYP 0.5 -91.75 -81.3200547741
BLYP 0.5 -91.6 -81.180120672
BLYP 0.5 -91.45 -81.040194562
BLYP 0.5 -91.3 -80.9002764696
BLYP 0.5 -91.15 -80.7603664201
BLYP 0.5 -91 -80.6204644394
BLYP 0.5 -90.85 -80.480570553
BLYP 0.5 -90.7 -80.3406847869
BLYP 0.5 -90.55 -80.2008071671
BLYP 0.5 -90.4 -80.0609377196
BLYP 0.5 -90.25 -79.9210764706
BLYP 0.5 -90.1 -79.7812234464
BLYP 0.5 -89.95 -79.6413786734
BLYP 0.5 -89.8 -79.5015421781
BLYP 0.5 -89.65 -79.3617139871
BLYP 0.5 -89.5 -79.2218941273
BLYP 0.5 -89.35 -79.0820826255
BLYP 0.5 -89.2 -78.9422795086
BLYP 0.5 -89.05 -78.8024848038
BLYP 0.5 -88.9 -78.6626985383
BLYP 0.5 -88.75 -78.5229207393
BLYP 0.5 -88.6 -78.3831514344
BLYP 0.5 -88.45 -78.243390651
BLYP 0.5 -88.3 -78.103638417
BLYP 0.5 -88.15 -77.96389476
BLYP 0.5 -88 -77.824159708
BLYP 0.5 -87.85 -77.6844332891
BLYP 0.5 -87.7 -77.5447155313
BLYP 0.5 -87.55 -77.405006463
BLYP 0.5 -87.4 -77.2653061125
BLYP 0.5 -87.25 -77.1256145085
BLYP 0.5 -87.1 -76.9859316795
BLYP 0.5 -86.95 -76.8462576542
BLYP 0.5 -86.8 -76.7065924617
BLYP 0.5 -86.65 -76.5669361309
BLYP 0.5 -86.5 -76.4272886909
BLYP 0.5 -86.35 -76.287650171
BLYP 0.5 -86.2 -76.1480206007
BLYP 0.5 -86.05 -76.0084000094
BLYP 0.5 -85.9 -75.8687884267
BLYP 0.5 -85.75 -75.7291858825
BLYP 0.5 -85.6 -75.5895924066
BLYP 0.5 -85.45 -75.4500080291
BLYP 0.5 -85.3 -75.3104327801
BLYP 0.5 -85.15 -75.1708666899
BLYP 0.5 -85 -75.031309789
BLYP 0.5 -84.85 -74.8917621079
BLYP 0.5 -84.7 -74.7522236772
BLYP 0.5 -84.55 -74.6126945278
BLYP 0.5 -84.4 -74.4731746907
BLYP 0.5 -84.25 -74.3336641969
BLYP 0.5 -84.1 -74.1941630776
BLYP 0.5 -83.95 -74.0546713643
BLYP 0.5 -83.8 -73.9151890883
BLYP 0.5 -83.65 -73.7757162813
BLYP 0.5 -83.5 -73.636252975
BLYP 0.5 -83.35 -73.4967992014
BLYP 0.5 -83.2 -73.3573549925
BLYP 0.5 -83.05 -73.2179203805
BLYP 0.5 -82.9 -73.0784953976
BLYP 0.5 -82.75 -72.9390800763
BLYP 0.5 -82.6 -72.7996744493
BLYP 0.5 -82.45 -72.6602785492
BLYP 0.5 -82.3 -72.520892409
BLYP 0.5 -82.15 -72.3815160616
BLYP 0.5 -82 -72.2421495402
BLYP 0.5 -81.85 -72.1027928782
BLYP 0.5 -81.7 -71.9634461088
BLYP 0.5 -81.55 -71.8241092659
BLYP 0.5 -81.4 -71.684782383
BLYP 0.5 -81.25 -71.5454654942
BLYP 0.5 -81.1 -71.4061586333
BLYP 0.5 -80.95 -71.2668618346
BLYP 0.5 -80.8 -71.1275751325
BLYP 0.5 -80.65 -70.9882985614
BLYP 0.5 -80.5 -70.8490321559
BLYP 0.5 -80.35 -70.7097759508
BLYP 0.5 -80.2 -70.5705299811
BLYP 0.5 -80.05 -70.4312942818
BLYP 0.5 -79.9 -70.2920688881
BLYP 0.5 -79.75 -70.1528538355
BLYP 0.5 -79.6 -70.0136491594
BLYP 0.5 -79.45 -69.8744548957
BLYP 0.5 -79.3 -69.7352710801
BLYP 0.5 -79.15 -69.5960977486
BLYP 0.5 -79 -69.4569349374
BLYP 0.5 -78.85 -69.3177826828
BLYP 0.5 -78.7 -69.1786410214
BLYP 0.5 -78.55 -69.0395099896
BLYP 0.5 -78.4 -68.9003896244
BLYP 0.5 -78.25 -68.7612799627
BLYP 0.5 -78.1 -68.6221810416
BLYP 0.5 -77.95 -68.4830928984
BLYP 0.5 -77.8 -68.3440155705
BLYP 0.5 -77.65 -68.2049490956
BLYP 0.5 -77.5 -68.0658935113
BLYP 0.5 -77.35 -67.9268488557
BLYP 0.5 -77.2 -67.7878151669
BLYP 0.5 -77.05 -67.648792483
BLYP 0.5 -76.9 -67.5097808426
BLYP 0.5 -76.75 -67.3707802842
BLYP 0.5 -76.6 -67.2317908467
BLYP 0.5 -76.45 -67.0928125689
BLYP 0.5 -76.3 -66.9538454899
BLYP 0.5 -76.15 -66.8148896492
BLYP 0.5 -76 -66.675945086
BLYP 0.5 -75.85 -66.53701184
BLYP 0.5 -75.7 -66.398089951
BLYP 0.5 -75.55 -66.2591794591
BLYP 0.5 -75.4 -66.1202804043
BLYP 0.5 -75.25 -65.9813928269
BLYP 0.5 -75.1 -65.8425167676
BLYP 0.5 -74.95 -65.7036522669
BLYP 0.5 -74.8 -65.5647993657
BLYP 0.5 -74.65 -65.4259581051
BLYP 0.5 -74.5 -65.2871285263
BLYP 0.5 -74.35 -65.1483106708
BLYP 0.5 -74.2 -65.00950458
BLYP 0.5 -74.05 -64.8707102959
BLYP 0.5 -73.9 -64.7319278604
BLYP 0.5 -73.75 -64.5931573156
BLYP 0.5 -73.6 -64.4543987042
BLYP 0.5 -73.45 -64.3156520687
BLYP 0.5 -73.3 -64.1769174528
BLYP 0.5 -73.15 -64.0381949328
BLYP 0.5 -73 -63.8994845155
BLYP 0.5 -72.85 -63.7607862467
BLYP 0.5 -72.7 -63.6221001695
BLYP 0.5 -72.55 -63.4834263276
BLYP 0.5 -72.4 -63.3447647645
BLYP 0.5 -72.25 -63.2061155244
BLYP 0.5 -72.1 -63.0674786513
BLYP 0.5 -71.95 -62.9288541896
BLYP 0.5 -71.8 -62.790242184
BLYP 0.5 -71.65 -62.6516426791
BLYP 0.5 -71.5 -62.5130557199
BLYP 0.5 -71.35 -62.3744813517
BLYP 0.5 -71.2 -62.2359196198
BLYP 0.5 -71.05 -62.0973705698
BLYP 0.5 -70.9 -61.9588342474
BLYP 0.5 -70.75 -61.8203106987
BLYP 0.5 -70.6 -61.6817999698
BLYP 0.5 -70.45 -61.5433021071
BLYP 0.5 -70.3 -61.4048171573
BLYP 0.5 -70.15 -61.2663451671
BLYP 0.5 -70 -61.1278861835
BLYP 0.5 -69.85 -60.9894402539
BLYP 0.5 -69.7 -60.8510074256
BLYP 0.5 -69.55 -60.7125877462
BLYP 0.5 -69.4 -60.5741812637
BLYP 0.5 -69.25 -60.4357880261
BLYP 0.5 -69.1 -60.2974080817
BLYP 0.5 -68.95 -60.159041479
BLYP 0.5 -68.8 -60.0206882667
BLYP 0.5 -68.65 -59.8823484937
BLYP 0.5 -68.5 -59.7440222091
BLYP 0.5 -68.35 -59.6057094621
BLYP 0.5 -68.2 -59.4674103024
BLYP 0.5 -68.05 -59.3291247796
BLYP 0.5 -67.9 -59.1908529436
BLYP 0.5 -67.75 -59.0525948445
BLYP 0.5 -67.6 -58.9143505327
BLYP 0.5 -67.45 -58.7761200588
BLYP 0.5 -67.3 -58.6379034734
BLYP 0.5 -67.15 -58.4997008277
BLYP 0.5 -67 -58.3615121727
BLYP 0.5 -66.85 -58.2233375601
BLYP 0.5 -66.7 -58.0851770414
BLYP 0.5 -66.55 -57.9470306686
BLYP 0.5 -66.4 -57.8088984938
BLYP 0.5 -66.25 -57.6707805693
BLYP 0.5 -66.1 -57.5326769477
BLYP 0.5 -65.95 -57.3945876819
BLYP 0.5 -65.8 -57.2565128249
BLYP 0.5 -65.65 -57.11845243
BLYP 0.5 -65.5 -56.9804065507
BLYP 0.5 -65.35 -56.8423752408
BLYP 0.5 -65.2 -56.7043585542
BLYP 0.5 -65.05 -56.5663565453
BLYP 0.5 -64.9 -56.4283692684
BLYP 0.5 -64.75 -56.2903967783
BLYP 0.5 -64.6 -56.1524391299
BLYP 0.5 -64.45 -56.0144963785
BLYP 0.5 -64.3 -55.8765685794
BLYP 0.5 -64.15 -55.7386557884
BLYP 0.5 -64 -55.6007580614
BLYP 0.5 -63.85 -55.4628754544
BLYP 0.5 -63.7 -55.3250080241
BLYP 0.5 -63.55 -55.1871558269
BLYP 0.5 -63.4 -55.0493189199
BLYP 0.5 -63.25 -54.9114973602
BLYP 0.5 -63.1 -54.7736912053
BLYP 0.5 -62.95 -54.6359005127
BLYP 0.5 -62.8 -54.4981253404
BLYP 0.5 -62.65 -54.3603657466
BLYP 0.5 -62.5 -54.2226217898
BLYP 0.5 -62.35 -54.0848935285
BLYP 0.5 -62.2 -53.9471810219
BLYP 0.5 -62.05 -53.809484329
BLYP 0.5 -61.9 -53.6718035094
BLYP 0.5 -61.75 -53.5341386227
BLYP 0.5 -61.6 -53.396489729
BLYP 0.5 -61.45 -53.2588568886
BLYP 0.5 -61.3 -53.1212401619
BLYP 0.5 -61.15 -52.9836396097
BLYP 0.5 -61 -52.8460552932
BLYP 0.5 -60.85 -52.7084872735
BLYP 0.5 -60.7 -52.5709356124
BLYP 0.5 -60.55 -52.4334003717
BLYP 0.5 -60.4 -52.2958816135
BLYP 0.5 -60.25 -52.1583794002
BLYP 0.5 -60.1 -52.0208937946
BLYP 0.5 -59.95 -51.8834248596
BLYP 0.5 -59.8 -51.7459726584
BLYP 0.5 -59.65 -51.6085372546
BLYP 0.5 -59.5 -51.471118712
BLYP 0.5 -59.35 -51.3337170946
BLYP 0.5 -59.2 -51.1963324668
BLYP 0.5 -59.05 -51.0589648933
BLYP 0.5 -58.9 -50.9216144389
BLYP 0.5 -58.75 -50.784281169
BLYP 0.5 -58.6 -50.6469651491
BLYP 0.5 -58.45 -50.5096664449
BLYP 0.5 -58.3 -50.3723851225
BLYP 0.5 -58.15 -50.2351212483
BLYP 0.5 -58 -50.097874889
BLYP 0.5 -57.85 -49.9606461116
BLYP 0.5 -57.7 -49.8234349833
BLYP 0.5 -57.55 -49.6862415718
BLYP 0.5 -57.4 -49.5490659448
BLYP 0.5 -57.25 -49.4119081705
BLYP 0.5 -57.1 -49.2747683175
BLYP 0.5 -56.95 -49.1376464545
BLYP 0.5 -56.8 -49.0005426505
BLYP 0.5 -56.65 -48.863456975
BLYP 0.5 -56.5 -48.7263894977
BLYP 0.5 -56.35 -48.5893402885
BLYP 0.5 -56.2 -48.4523094178
BLYP 0.5 -56.05 -48.3152969563
BLYP 0.5 -55.9 -48.1783029748
BLYP 0.5 -55.75 -48.0413275447
BLYP 0.5 -55.6 -47.9043707374
BLYP 0.5 -55.45 -47.767432625
BLYP 0.5 -55.3 -47.6305132797
BLYP 0.5 -55.15 -47.4936127739
BLYP 0.5 -55 -47.3567311806
BLYP 0.5 -54.85 -47.219868573
BLYP 0.5 -54.7 -47.0830250245
BLYP 0.5 -54.55 -46.9462006091
BLYP 0.5 -54.4 -46.809395401
BLYP 0.5 -54.25 -46.6726094745
BLYP 0.5 -54.1 -46.5358429048
BLYP 0.5 -53.95 -46.3990957668
BLYP 0.5 -53.8 -46.2623681362
BLYP 0.5 -53.65 -46.1256600888
BLYP 0.5 -53.5 -45.9889717008
BLYP 0.5 -53.35 -45.8523030489
BLYP 0.5 -53.2 -45.7156542099
BLYP 0.5 -53.05 -45.579025261
BLYP 0.5 -52.9 -45.44241628
BLYP 0.5 -52.75 -45.3058273446
BLYP 0.5 -52.6 -45.1692585334
BLYP 0.5 -52.45 -45.0327099249
BLYP 0.5 -52.3 -44.8961815982
BLYP 0.5 -52.15 -44.7596736326
BLYP 0.5 -52 -44.6231861079
BLYP 0.5 -51.85 -44.4867191043
BLYP 0.5 -51.7 -44.3502727023
BLYP 0.5 -51.55 -44.2138469826
BLYP 0.5 -51.4 -44.0774420266
BLYP 0.5 -51.25 -43.9410579158
BLYP 0.5 -51.1 -43.8046947321
BLYP 0.5 -50.95 -43.6683525581
BLYP 0.5 -50.8 -43.5320314764
BLYP 0.5 -50.65 -43.3957315701
BLYP 0.5 -50.5 -43.2594529228
BLYP 0.5 -50.35 -43.1231956183
BLYP 0.5 -50.2 -42.986959741
BLYP 0.5 -50.05 -42.8507453754
BLYP 0.5 -49.9 -42.7145526068
BLYP 0.5 -49.75 -42.5783815206
BLYP 0.5 -49.6 -42.4422322026
BLYP 0.5 -49.45 -42.3061047392
BLYP 0.5 -49.3 -42.169999217
BLYP 0.5 -49.15 -42.0339157232
BLYP 0.5 -49 -41.8978543452
BLYP 0.5 -48.85 -41.761815171
BLYP 0.5 -48.7 -41.6257982889
BLYP 0.5 -48.55 -41.4898037878
BLYP 0.5 -48.4 -41.3538317567
BLYP 0.5 -48.25 -41.2178822853
BLYP 0.5 -48.1 -41.0819554637
BLYP 0.5 -47.95 -40.9460513823
BLYP 0.5 -47.8 -40.8101701321
BLYP 0.5 -47.65 -40.6743118044
BLYP 0.5 -47.5 -40.5384764911
BLYP 0.5 -47.35 -40.4026642843
BLYP 0.5 -47.2 -40.2668752767
BLYP 0.5 -47.05 -40.1311095617
BLYP 0.5 -46.9 -39.9953672326
BLYP 0.5 -46.75 -39.8596483837
BLYP 0.5 -46.6 -39.7239531094
BLYP 0.5 -46.45 -39.5882815047
BLYP 0.5 -46.3 -39.4526336652
BLYP 0.5 -46.15 -39.3170096867
BLYP 0.5 -46 -39.1814096658
BLYP 0.5 -45.85 -39.0458336992
BLYP 0.5 -45.7 -38.9102818845
BLYP 0.5 -45.55 -38.7747543195
BLYP 0.5 -45.4 -38.6392511026
BLYP 0.5 -45.25 -38.5037723327
BLYP 0.5 -45.1 -38.3683181092
BLYP 0.5 -44.95 -38.232888532
BLYP 0.5 -44.8 -38.0974837015
BLYP 0.5 -44.65 -37.9621037186
BLYP 0.5 -44.5 -37.8267486849
BLYP 0.5 -44.35 -37.6914187023
BLYP 0.5 -44.2 -37.5561138733
BLYP 0.5 -44.05 -37.4208343009
BLYP 0.5 -43.9 -37.2855800889
BLYP 0.5 -43.75 -37.1503513413
BLYP 0.5 -43.6 -37.0151481629
BLYP 0.5 -43.45 -36.8799706588
BLYP 0.5 -43.3 -36.7448189351
BLYP 0.5 -43.15 -36.6096930979
BLYP 0.5 -43 -36.4745932544
BLYP 0.5 -42.85 -36.339519512
BLYP 0.5 -42.7 -36.204471979
BLYP 0.5 -42.55 -36.0694507641
BLYP 0.5 -42.4 -35.9344559766
BLYP 0.5 -42.25 -35.7994877264
BLYP 0.5 -42.1 -35.6645461242
BLYP 0.5 -41.95 -35.5296312811
BLYP 0.5 -41.8 -35.3947433089
BLYP 0.5 -41.65 -35.25988232
BLYP 0.5 -41.5 -35.1250484277
BLYP 0.5 -41.35 -34.9902417455
BLYP 0.5 -41.2 -34.8554623879
BLYP 0.5 -41.05 -34.7207104699
BLYP 0.5 -40.9 -34.5859861074
BLYP 0.5 -40.75 -34.4512894165
BLYP 0.5 -40.6 -34.3166205146
BLYP 0.5 -40.45 -34.1819795193
BLYP 0.5 -40.3 -34.0473665492
BLYP 0.5 -40.15 -33.9127817235
BLYP 0.5 -40 -33.778225162
BLYP 0.5 -39.85 -33.6436969855
BLYP 0.5 -39.7 -33.5091973154
BLYP 0.5 -39.55 -33.3747262738
BLYP 0.5 -39.4 -33.2402839837
BLYP 0.5 -39.25 -33.1058705686
BLYP 0.5 -39.1 -32.9714861532
BLYP 0.5 -38.95 -32.8371308626
BLYP 0.5 -38.8 -32.7028048229
BLYP 0.5 -38.65 -32.568508161
BLYP 0.5 -38.5 -32.4342410046
BLYP 0.5 -38.35 -32.3000034822
BLYP 0.5 -38.2 -32.1657957233
BLYP 0.5 -38.05 -32.0316178579
BLYP 0.5 -37.9 -31.8974700174
BLYP 0.5 -37.75 -31.7633523337
BLYP 0.5 -37.6 -31.6292649397
BLYP 0.5 -37.45 -31.4952079693
BLYP 0.5 -37.3 -31.3611815571
BLYP 0.5 -37.15 -31.227185839
BLYP 0.5 -37 -31.0932209517
BLYP 0.5 -36.85 -30.9592870327
BLYP 0.5 -36.7 -30.8253842207
BLYP 0.5 -36.55 -30.6915126555
BLYP 0.5 -36.4 -30.5576724777
BLYP 0.5 -36.25 -30.4238638292
BLYP 0.5 -36.1 -30.2900868529
BLYP 0.5 -35.95 -30.1563416929
BLYP 0.5 -35.8 -30.0226284943
BLYP 0.5 -35.65 -29.8889474038
BLYP 0.5 -35.5 -29.7552985692
BLYP 0.5 -35.35 -29.6216821401
BLYP 0.5 -35.2 -29.4880982678
BLYP 0.5 -35.05 -29.3545471073
BLYP 0.5 -34.9 -29.2210288433
BLYP 0.5 -34.75 -29.087543956
BLYP 0.5 -34.6 -28.9540922608
BLYP 0.5 -34.45 -28.8206739017
BLYP 0.5 -34.3 -28.6872890315
BLYP 0.5 -34.15 -28.5539378065
BLYP 0.5 -34 -28.4206203847
BLYP 0.5 -33.85 -28.2873369258
BLYP 0.5 -33.7 -28.1540875913
BLYP 0.5 -33.55 -28.0208725441
BLYP 0.5 -33.4 -27.8876919486
BLYP 0.5 -33.25 -27.7545459707
BLYP 0.5 -33.1 -27.6214347778
BLYP 0.5 -32.95 -27.4883585389
BLYP 0.5 -32.8 -27.3553174245
BLYP 0.5 -32.65 -27.2223116067
BLYP 0.5 -32.5 -27.0893412593
BLYP 0.5 -32.35 -26.9564065574
BLYP 0.5 -32.2 -26.8235076782
BLYP 0.5 -32.05 -26.6906448002
BLYP 0.5 -31.9 -26.5578181037
BLYP 0.5 -31.75 -26.425027771
BLYP 0.5 -31.6 -26.2922739859
BLYP 0.5 -31.45 -26.159556934
BLYP 0.5 -31.3 -26.026876803
BLYP 0.5 -31.15 -25.8942337823
BLYP 0.5 -31 -25.7616280632
BLYP 0.5 -30.85 -25.629059839
BLYP 0.5 -30.7 -25.4965293051
BLYP 0.5 -30.55 -25.3640366587
BLYP 0.5 -30.4 -25.2315820993
BLYP 0.5 -30.25 -25.0991658284
BLYP 0.5 -30.1 -24.9667880497
BLYP 0.5 -29.95 -24.834448969
BLYP 0.5 -29.8 -24.7021487944
BLYP 0.5 -29.65 -24.5698877364
BLYP 0.5 -29.5 -24.4376660076
BLYP 0.5 -29.35 -24.3054838235
BLYP 0.5 -29.2 -24.1733414025
BLYP 0.5 -29.05 -24.0412389685
BLYP 0.5 -28.9 -23.9091767604
BLYP 0.5 -28.75 -23.7771550733
BLYP 0.5 -28.6 -23.6451741852
BLYP 0.5 -28.45 -23.5132342275
BLYP 0.5 -28.3 -23.3813353966
BLYP 0.5 -28.15 -23.2494779216
BLYP 0.5 -28 -23.1176620409
BLYP 0.5 -27.85 -22.9858879977
BLYP 0.5 -27.7 -22.8541560386
BLYP 0.5 -27.55 -22.7224664134
BLYP 0.5 -27.4 -22.5908193751
BLYP 0.5 -27.25 -22.4592151799
BLYP 0.5 -27.1 -22.3276540874
BLYP 0.5 -26.95 -22.1961363609
BLYP 0.5 -26.8 -22.064662267
BLYP 0.5 -26.65 -21.9332320762
BLYP 0.5 -26.5 -21.8018460631
BLYP 0.5 -26.35 -21.670504506
BLYP 0.5 -26.2 -21.5392076878
BLYP 0.5 -26.05 -21.4079558963
BLYP 0.5 -25.9 -21.276749425
BLYP 0.5 -25.75 -21.1455885768
BLYP 0.5 -25.6 -21.0144738863
BLYP 0.5 -25.45 -20.8834056446
BLYP 0.5 -25.3 -20.7523839538
BLYP 0.5 -25.15 -20.6214091186
BLYP 0.5 -25 -20.4904814529
BLYP 0.5 -24.85 -20.359601277
BLYP 0.5 -24.7 -20.228768917
BLYP 0.5 -24.55 -20.0979847043
BLYP 0.5 -24.4 -19.9672489761
BLYP 0.5 -24.25 -19.8365620754
BLYP 0.5 -24.1 -19.7059243506
BLYP 0.5 -23.95 -19.5753361565
BLYP 0.5 -23.8 -19.4447978536
BLYP 0.5 -23.65 -19.3143098091
BLYP 0.5 -23.5 -19.1838723967
BLYP 0.5 -23.35 -19.0534859963
BLYP 0.5 -23.2 -18.9231509938
BLYP 0.5 -23.05 -18.7928677809
BLYP 0.5 -22.9 -18.6626367568
BLYP 0.5 -22.75 -18.532458328
BLYP 0.5 -22.6 -18.4023329089
BLYP 0.5 -22.45 -18.2722609216
BLYP 0.5 -22.3 -18.1422427971
BLYP 0.5 -22.15 -18.0122789753
BLYP 0.5 -22 -17.8823699104
BLYP 0.5 -21.85 -17.7525162467
BLYP 0.5 -21.7 -17.6227183024
BLYP 0.5 -21.55 -17.4929765178
BLYP 0.5 -21.4 -17.3632913823
BLYP 0.5 -21.25 -17.2336634259
BLYP 0.5 -21.1 -17.1040930811
BLYP 0.5 -20.95 -16.9745808592
BLYP 0.5 -20.8 -16.8451272815
BLYP 0.5 -20.65 -16.7157328805
BLYP 0.5 -20.5 -16.5863982229
BLYP 0.5 -20.35 -16.4571238572
BLYP 0.5 -20.2 -16.3279103424
BLYP 0.5 -20.05 -16.1987582561
BLYP 0.5 -19.9 -16.0696681881
BLYP 0.5 -19.75 -15.9406407413
BLYP 0.5 -19.6 -15.8116765314
BLYP 0.5 -19.45 -15.6827761875
BLYP 0.5 -19.3 -15.5539403529
BLYP 0.5 -19.15 -15.4251696843
BLYP 0.5 -19 -15.2964648527
BLYP 0.5 -18.85 -15.1678265394
BLYP 0.5 -18.7 -15.0392555459
BLYP 0.5 -18.55 -14.9107525198
BLYP 0.5 -18.4 -14.7823181893
BLYP 0.5 -18.25 -14.653953315
BLYP 0.5 -18.1 -14.5256587337
BLYP 0.5 -17.95 -14.3974351766
BLYP 0.5 -17.8 -14.2692835574
BLYP 0.5 -17.65 -14.1412045933
BLYP 0.5 -17.5 -14.0131991403
BLYP 0.5 -17.35 -13.8852680719
BLYP 0.5 -17.2 -13.7574122823
BLYP 0.5 -17.05 -13.6296326873
BLYP 0.5 -16.9 -13.5019302261
BLYP 0.5 -16.75 -13.3743058615
BLYP 0.5 -16.6 -13.2467605808
BLYP 0.5 -16.45 -13.1192953971
BLYP 0.5 -16.3 -12.9919113507
BLYP 0.5 -16.15 -12.864609507
BLYP 0.5 -16 -12.7373909608
BLYP 0.5 -15.85 -12.610256836
BLYP 0.5 -15.7 -12.4832082868
BLYP 0.5 -15.55 -12.3562464987
BLYP 0.5 -15.4 -12.2293726893
BLYP 0.5 -15.25 -12.1025881097
BLYP 0.5 -15.1 -11.9758940464
BLYP 0.5 -14.95 -11.8492918222
BLYP 0.5 -14.8 -11.7227827945
BLYP 0.5 -14.65 -11.5963683599
BLYP 0.5 -14.5 -11.4700499575
BLYP 0.5 -14.35 -11.3438290652
BLYP 0.5 -14.2 -11.2177072014
BLYP 0.5 -14.05 -11.0916859337
BLYP 0.5 -13.9 -10.9657668742
BLYP 0.5 -13.75 -10.8399516875
BLYP 0.5 -13.6 -10.7142420726
BLYP 0.5 -13.45 -10.5886397879
BLYP 0.5 -13.3 -10.4631466449
BLYP 0.5 -13.15 -10.3377645188
BLYP 0.5 -13 -10.2124953314
BLYP 0.5 -12.85 -10.0873410634
BLYP 0.5 -12.7 -9.9623037605
BLYP 0.5 -12.55 -9.8373855317
BLYP 0.5 -12.4 -9.7125885517
BLYP 0.5 -12.25 -9.5879150697
BLYP 0.5 -12.1 -9.463367412
BLYP 0.5 -11.95 -9.3389479522
BLYP 0.5 -11.8 -9.214659156
BLYP 0.5 -11.65 -9.0905035694
BLYP 0.5 -11.5 -8.9664838218
BLYP 0.5 -11.35 -8.8426026293
BLYP 0.5 -11.2 -8.7188627979
BLYP 0.5 -11.05 -8.5952672271
BLYP 0.5 -10.9 -8.471818914
BLYP 0.5 -10.75 -8.3485209569
BLYP 0.5 -10.6 -8.2253765596
BLYP 0.5 -10.45 -8.1023890358
BLYP 0.5 -10.3 -7.9795618135
BLYP 0.5 -10.15 -7.85689844
BLYP 0.5 -10 -7.7344025866
BLYP 0.5 -9.85 -7.6120780542
BLYP 0.5 -9.7 -7.4899287787
BLYP 0.5 -9.55 -7.3679588368
BLYP 0.5 -9.4 -7.246172452
BLYP 0.5 -9.25 -7.1245740017
BLYP 0.5 -9.1 -7.0031680231
BLYP 0.5 -8.95 -6.8819592211
BLYP 0.5 -8.8 -6.7609524759
BLYP 0.5 -8.65 -6.6401528506
BLYP 0.5 -8.5 -6.5195656003
BLYP 0.5 -8.35 -6.3991961808
BLYP 0.5 -8.2 -6.2790502589
BLYP 0.5 -8.05 -6.1591337219
BLYP 0.5 -7.9 -6.0394526896
BLYP 0.5 -7.75 -5.9200135268
BLYP 0.5 -7.6 -5.800822904
BLYP 0.5 -7.45 -5.6818877695
BLYP 0.5 -7.3 -5.5632152214
BLYP 0.5 -7.15 -5.4448127339
BLYP 0.5 -7 -5.3266880997
BLYP 0.5 -6.85 -5.2088494472
BLYP 0.5 -6.7 -5.0913052599
BLYP 0.5 -6.55 -4.9740643986
BLYP 0.5 -6.4 -4.8571361244
BLYP 0.5 -6.25 -4.7405301247
BLYP 0.5 -6.1 -4.624256542
BLYP 0.5 -5.95 -4.5083260034
BLYP 0.5 -5.8 -4.3927497099
BLYP 0.5 -5.65 -4.2775394205
BLYP 0.5 -5.5 -4.1627073474
BLYP 0.5 -5.35 -4.0482665632
BLYP 0.5 -5.2 -3.9342309772
BLYP 0.5 -5.05 -3.8206148138
BLYP 0.5 -4.9 -3.7074333176
BLYP 0.5 -4.75 -3.5947026779
BLYP 0.5 -4.6 -3.4824401546
BLYP 0.5 -4.45 -3.3706641672
BLYP 0.5 -4.3 -3.2593941196
BLYP 0.5 -4.15 -3.1486509061
BLYP 0.5 -4 -3.0384569279
BLYP 0.5 -3.85 -2.9288362311
BLYP 0.5 -3.7 -2.819814984
BLYP 0.5 -3.55 -2.7114215244
BLYP 0.5 -3.4 -2.6036862773
BLYP 0.5 -3.25 -2.4966423766
BLYP 0.5 -3.1 -2.3903262413
BLYP 0.5 -2.95 -2.2847778592
BLYP 0.5 -2.8 -2.1800413248
BLYP 0.5 -2.65 -2.0761654704
BLYP 0.5 -2.5 -1.9732046132
BLYP 0.5 -2.35 -1.871219446
BLYP 0.5 -2.2 -1.7702780991
BLYP 0.5 -2.05 -1.6704574142
BLYP 0.5 -1.9 -1.5718444766
BLYP 0.5 -1.75 -1.4745384686
BLYP 0.5 -1.6 -1.3786529217
BLYP 0.5 -1.45 -1.2843184717
BLYP 0.5 -1.3 -1.1916862517
BLYP 0.5 -1.15 -1.1009320995
BLYP 0.5 -1 -1.0122618013
BLYP 0.5 -0.85 -0.9259176308
BLYP 0.5 -0.7 -0.8421864161
BLYP 0.5 -0.55 -0.7614091604
BLYP 0.5 -0.4 -0.6839915984
BLYP 0.5 -0.25 -0.6104135466
BLYP 0.5 -0.1 -0.5412320394
BLYP 0.5 0.05 -0.4770692365
BLYP 0.5 0.2 -0.4185732867
BLYP 0.5 0.35 -0.3663436748
BLYP 0.5 0.5 -0.3208257126
BLYP 0.5 0.65 -0.2821972485
BLYP 0.5 0.8 -0.2502839219
BLYP 0.5 0.95 -0.224541664
BLYP 0.5 1.1 -0.2041321663
BLYP 0.5 1.25 -0.1880778558
BLYP 0.5 1.4 -0.175432165
BLYP 0.5 1.55 -0.1653915715
BLYP 0.5 1.7 -0.1573096771
BLYP 0.5 1.85 -0.1506562403
BLYP 0.5 2 -0.1450323558
BLYP 0.5 2.15 -0.14016174
BLYP 0.5 2.3 -0.1358577401
BLYP 0.5 2.45 -0.1319936734
BLYP 0.5 2.6 -0.1284810652
BLYP 0.5 2.75 -0.1252558784
BLYP 0.5 2.9 -0.1222703468
BLYP 0.5 3.05 -0.1194878838
BLYP 0.5 3.2 -0.1168797797
BLYP 0.5 3.35 -0.1144230185
BLYP 0.5 3.5 -0.1120988651
BLYP 0.5 3.65 -0.1098918726
BLYP 0.5 3.8 -0.1077891528
BLYP 0.5 3.95 -0.1057798388
BLYP 0.5 4.1 -0.103854677
BLYP 0.5 4.25 -0.1020057207
BLYP 0.5 4.4 -0.1002260997
BLYP 0.5 4.55 -0.0985098344
BLYP 0.5 4.7 -0.0968516876
BLYP 0.5 4.85 -0.0952470469
BLYP 0.5 5 -0.0936918284
BLYP 0.5 5.15 -0.0921823992
BLYP 0.5 5.3 -0.0907155125
BLYP 0.5 5.45 -0.0892882553
BLYP 0.5 5.6 -0.0878980039
BLYP 0.5 5.75 -0.0865423868
BLYP 0.5 5.9 -0.0852192527
BLYP 0.5 6.05 -0.0839266446
BLYP 0.5 6.2 -0.0826627764
BLYP 0.5 6.35 -0.0814260139
BLYP 0.5 6.5 -0.0802148576
BLYP 0.5 6.65 -0.0790279286
BLYP 0.5 6.8 -0.0778639556
BLYP 0.5 6.95 -0.0767217641
BLYP 0.5 7.1 -0.0756002667
BLYP 0.5 7.25 -0.0744984554
BLYP 0.5 7.4 -0.0734153976
BLYP 0.5 7.55 -0.0723502204
BLYP 0.5 7.7 -0.0713021201
BLYP 0.5 7.85 -0.0702703198
BLYP 0.5 8 -0.0692541103
BLYP 0.5 8.15 -0.0682528287
BLYP 0.5 8.3 -0.067265846
BLYP 0.5 8.45 -0.0662925784
BLYP 0.5 8.6 -0.0653325015
BLYP 0.5 8.75 -0.0643850845
BLYP 0.5 8.9 -0.0634498597
BLYP 0.5 9.05 -0.0625264164
BLYP 0.5 9.2 -0.0616144031
BLYP 0.5 9.35 -0.0607134139
BLYP 0.5 9.5 -0.0598229712
BLYP 0.5 9.65 -0.0589426235
BLYP 0.5 9.8 -0.0580719765
BLYP 0.5 9.95 -0.0572106767
BLYP 0.5 10.1 -0.0563584016
BLYP 0.5 10.25 -0.0555148464
BLYP 0.5 10.4 -0.0546797325
BLYP 0.5 10.55 -0.0538528052
BLYP 0.5 10.7 -0.0530338568
BLYP 0.5 10.85 -0.0522227043
BLYP 0.5 11 -0.0514190464
BLYP 0.5 11.15 -0.0506225958
BLYP 0.5 11.3 -0.0498330982
BLYP 0.5 11.45 -0.0490503379
BLYP 0.5 11.6 -0.0482741156
BLYP 0.5 11.75 -0.0475042439
BLYP 0.5 11.9 -0.0467405455
BLYP 0.5 12.05 -0.0459828532
BLYP 0.5 12.2 -0.0452310082
BLYP 0.5 12.35 -0.0444848504
BLYP 0.5 12.5 -0.0437442175
BLYP 0.5 12.65 -0.0430089551
BLYP 0.5 12.8 -0.0422789172
BLYP 0.5 12.95 -0.0415539646
BLYP 0.5 13.1 -0.0408339643
BLYP 0.5 13.25 -0.0401187884
BLYP 0.5 13.4 -0.0394083144
BLYP 0.5 13.55 -0.038702424
BLYP 0.5 13.7 -0.0380010034
BLYP 0.5 13.85 -0.0373039426
BLYP 0.5 14 -0.0366111357
BLYP 0.5 14.15 -0.0359224804
BLYP 0.5 14.3 -0.0352378776
BLYP 0.5 14.45 -0.0345572319
BLYP 0.5 14.6 -0.0338804508
BLYP 0.5 14.75 -0.0332074449
BLYP 0.5 14.9 -0.0325381277
BLYP 0.5 15.05 -0.0318724154
BLYP 0.5 15.2 -0.0312102267
BLYP 0.5 15.35 -0.0305514829
BLYP 0.5 15.5 -0.0298961075
BLYP 0.5 15.65 -0.0292440266
BLYP 0.5 15.8 -0.0285951762
BLYP 0.5 15.95 -0.0279495625
BLYP 0.5 16.1 -0.0273070561
BLYP 0.5 16.25 -0.0266675592
BLYP 0.5 16.4 -0.02603101
BLYP 0.5 16.55 -0.0253973488
BLYP 0.5 16.7 -0.0247665176
BLYP 0.5 16.85 -0.0241384594
BLYP 0.5 17 -0.0235131189
BLYP 0.5 17.15 -0.0228904421
BLYP 0.5 17.3 -0.0222703765
BLYP 0.5 17.45 -0.021652871
BLYP 0.5 17.6 -0.0210378759
BLYP 0.5 17.75 -0.0204253427
BLYP 0.5 17.9 -0.0198152243
BLYP 0.5 18.05 -0.0192074749
BLYP 0.5 18.2 -0.0186020497
BLYP 0.5 18.35 -0.0179989054
BLYP 0.5 18.5 -0.0173979996
BLYP 0.5 18.65 -0.0167992909
BLYP 0.5 18.8 -0.0162027393
BLYP 0.5 18.95 -0.0156083057
BLYP 0.5 19.1 -0.0150159518
BLYP 0.5 19.25 -0.0144256405
BLYP 0.5 19.4 -0.0138373356
BLYP 0.5 19.55 -0.0132510019
BLYP 0.5 19.7 -0.0126666049
BLYP 0.5 19.85 -0.0120841114
BLYP 0.5 20 -0.011503489
BLYP 0.5 20.15 -0.0109247066
BLYP 0.5 20.3 -0.0103477547
BLYP 0.5 20.45 -0.0097725931
BLYP 0.5 20.6 -0.0091991838
BLYP 0.5 20.75 -0.0086275552
BLYP 0.5 20.9 -0.0080576402
BLYP 0.5 21.05 -0.0074893859
BLYP 0.5 21.2 -0.0069227637
BLYP 0.5 21.35 -0.0063577462
BLYP 0.5 21.5 -0.005794307
BLYP 0.5 21.65 -0.0052324206
BLYP 0.5 21.8 -0.0046720618
BLYP 0.5 21.95 -0.0041132064
BLYP 0.5 22.1 -0.0035558305
BLYP 0.5 22.25 -0.0029999108
BLYP 0.5 22.4 -0.0024454246
BLYP 0.5 22.55 -0.0018923497
BLYP 0.5 22.7 -0.0013406643
BLYP 0.5 22.85 -0.0007903472
BLYP 0.5 23 -0.0002413776
BLYP 0.5 23.15 0.0003062649
BLYP 0.5 23.3 0.0008526001
BLYP 0.5 23.45 0.0013976475
BLYP 0.5 23.6 0.0019414262
BLYP 0.5 23.75 0.0024839546
BLYP 0.5 23.9 0.0030252512
BLYP 0.5 24.05 0.0035653336
BLYP 0.5 24.2 0.0041042193
BLYP 0.5 24.35 0.0046419252
BLYP 0.5 24.5 0.005178468
BLYP 0.5 24.65 0.0057138638
BLYP 0.5 24.8 0.0062481282
BLYP 0.5 24.95 0.0067812762
BLYP 0.5 25.1 0.0073133217
BLYP 0.5 25.25 0.007844276
BLYP 0.5 25.4 0.008374021
BLYP 0.5 25.55 0.0089026251
BLYP 0.5 25.7 0.0094301874
BLYP 0.5 25.85 0.009956725
BLYP 0.5 26 0.0104822466
BLYP 0.5 26.15 0.0110067498
BLYP 0.5 26.3 0.0115302721
BLYP 0.5 26.45 0.0120528277
BLYP 0.5 26.6 0.0125744298
BLYP 0.5 26.75 0.0130950918
BLYP 0.5 26.9 0.0136148261
BLYP 0.5 27.05 0.0141336453
BLYP 0.5 27.2 0.0146515614
BLYP 0.5 27.35 0.0151685864
BLYP 0.5 27.5 0.0156847319
BLYP 0.5 27.65 0.0162000093
BLYP 0.5 27.8 0.0167144298
BLYP 0.5 27.95 0.0172280045
BLYP 0.5 28.1 0.017740744
BLYP 0.5 28.25 0.018252659
BLYP 0.5 28.4 0.0187637599
BLYP 0.5 28.55 0.0192740569
BLYP 0.5 28.7 0.0197835601
BLYP 0.5 28.85 0.0202922792
BLYP 0.5 29 0.0208002241
BLYP 0.5 29.15 0.0213074042
BLYP 0.5 29.3 0.0218138289
BLYP 0.5 29.45 0.0223195073
BLYP 0.5 29.6 0.0228244486
BLYP 0.5 29.75 0.0233286616
BLYP 0.5 29.9 0.023832155
BLYP 0.5 30.05 0.0243349375
BLYP 0.5 30.2 0.0248370175
BLYP 0.5 30.35 0.0253384033
BLYP 0.5 30.5 0.0258391031
BLYP 0.5 30.65 0.0263391249
BLYP 0.5 30.8 0.0268384767
BLYP 0.5 30.95 0.0273371654
BLYP 0.5 31.1 0.0278351982
BLYP 0.5 31.25 0.028332584
BLYP 0.5 31.4 0.0288293302
BLYP 0.5 31.55 0.029325444
BLYP 0.5 31.7 0.0298209328
BLYP 0.5 31.85 0.0303158035
BLYP 0.5 32 0.0308100632
BLYP 0.5 32.15 0.0313037187
BLYP 0.5 32.3 0.0317967767
BLYP 0.5 32.45 0.032289244
BLYP 0.5 32.6 0.0327811271
BLYP 0.5 32.75 0.0332724324
BLYP 0.5 32.9 0.0337631662
BLYP 0.5 33.05 0.0342533349
BLYP 0.5 33.2 0.0347429445
BLYP 0.5 33.35 0.0352320012
BLYP 0.5 33.5 0.0357205109
BLYP 0.5 33.65 0.0362084794
BLYP 0.5 33.8 0.0366959125
BLYP 0.5 33.95 0.0371828159
BLYP 0.5 34.1 0.0376691952
BLYP 0.5 34.25 0.0381550558
BLYP 0.5 34.4 0.0386404031
BLYP 0.5 34.55 0.0391252422
BLYP 0.5 34.7 0.0396095784
BLYP 0.5 34.85 0.0400934166
BLYP 0.5 35 0.0405767615
BLYP 0.5 35.15 0.0410596177
BLYP 0.5 35.3 0.0415419897
BLYP 0.5 35.45 0.0420238814
BLYP 0.5 35.6 0.0425052966
BLYP 0.5 35.75 0.0429862385
BLYP 0.5 35.9 0.0434667097
BLYP 0.5 36.05 0.0439467125
BLYP 0.5 36.2 0.0444262489
BLYP 0.5 36.35 0.0449053223
BLYP 0.5 36.5 0.0453839396
BLYP 0.5 36.65 0.0458621079
BLYP 0.5 36.8 0.0463398336
BLYP 0.5 36.95 0.0468171228
BLYP 0.5 37.1 0.0472939806
BLYP 0.5 37.25 0.0477704122
BLYP 0.5 37.4 0.0482464222
BLYP 0.5 37.55 0.0487220151
BLYP 0.5 37.7 0.0491971951
BLYP 0.5 37.85 0.0496719666
BLYP 0.5 38 0.0501463334
BLYP 0.5 38.15 0.0506202995
BLYP 0.5 38.3 0.0510938687
BLYP 0.5 38.45 0.0515670449
BLYP 0.5 38.6 0.0520398316
BLYP 0.5 38.75 0.0525122325
BLYP 0.5 38.9 0.052984251
BLYP 0.5 39.05 0.0534558906
BLYP 0.5 39.2 0.0539271546
BLYP 0.5 39.35 0.0543980462
BLYP 0.5 39.5 0.0548685684
BLYP 0.5 39.65 0.0553387241
BLYP 0.5 39.8 0.0558085158
BLYP 0.5 39.95 0.0562779451
BLYP 0.5 40.1 0.0567470362
BLYP 0.5 40.25 0.0572155344
BLYP 0.5 40.4 0.0576836756
BLYP 0.5 40.55 0.0581514688
BLYP 0.5 40.7 0.058618919
BLYP 0.5 40.85 0.0590860303
BLYP 0.5 41 0.0595528066
BLYP 0.5 41.15 0.0600192511
BLYP 0.5 41.3 0.0604853673
BLYP 0.5 41.45 0.0609511582
BLYP 0.5 41.6 0.0614166271
BLYP 0.5 41.75 0.0618817769
BLYP 0.5 41.9 0.0623466105
BLYP 0.5 42.05 0.0628111309
BLYP 0.5 42.2 0.063275341
BLYP 0.5 42.35 0.0637392434
BLYP 0.5 42.5 0.064202841
BLYP 0.5 42.65 0.0646661365
BLYP 0.5 42.8 0.0651291325
BLYP 0.5 42.95 0.0655918317
BLYP 0.5 43.1 0.0660542367
BLYP 0.5 43.25 0.06651635
BLYP 0.5 43.4 0.0669781742
BLYP 0.5 43.55 0.0674397117
BLYP 0.5 43.7 0.0679009647
BLYP 0.5 43.85 0.0683619356
BLYP 0.5 44 0.0688226272
BLYP 0.5 44.15 0.0692830418
BLYP 0.5 44.3 0.0697431818
BLYP 0.5 44.45 0.0702030494
BLYP 0.5 44.6 0.0706626471
BLYP 0.5 44.75 0.071121977
BLYP 0.5 44.9 0.0715810414
BLYP 0.5 45.05 0.0720398425
BLYP 0.5 45.2 0.0724983825
BLYP 0.5 45.35 0.0729566635
BLYP 0.5 45.5 0.0734146877
BLYP 0.5 45.65 0.0738724572
BLYP 0.5 45.8 0.074329974
BLYP 0.5 45.95 0.0747872402
BLYP 0.5 46.1 0.0752442578
BLYP 0.5 46.25 0.0757010289
BLYP 0.5 46.4 0.0761575555
BLYP 0.5 46.55 0.0766138395
BLYP 0.5 46.7 0.0770698828
BLYP 0.5 46.85 0.0775256875
BLYP 0.5 47 0.0779812553
BLYP 0.5 47.15 0.0784365882
BLYP 0.5 47.3 0.078891688
BLYP 0.5 47.45 0.0793465566
BLYP 0.5 47.6 0.0798011958
BLYP 0.5 47.75 0.0802556074
BLYP 0.5 47.9 0.0807097932
BLYP 0.5 48.05 0.0811637549
BLYP 0.5 48.2 0.0816174943
BLYP 0.5 48.35 0.0820710131
BLYP 0.5 48.5 0.082524313
BLYP 0.5 48.65 0.0829773957
BLYP 0.5 48.8 0.0834302628
BLYP 0.5 48.95 0.0838829161
BLYP 0.5 49.1 0.0843353572
BLYP 0.5 49.25 0.0847875876
BLYP 0.5 49.4 0.0852396091
BLYP 0.5 49.55 0.085691423
BLYP 0.5 49.7 0.0861430311
BLYP 0.5 49.85 0.0865944349
BLYP 0.5 50 0.0870456359
BLYP 0.5 50.15 0.0874966357
BLYP 0.5 50.3 0.0879474357
BLYP 0.5 50.45 0.0883980374
BLYP 0.5 50.6 0.0888484423
BLYP 0.5 50.75 0.0892986519
BLYP 0.5 50.9 0.0897486676
BLYP 0.5 51.05 0.0901984909
BLYP 0.5 51.2 0.0906481231
BLYP 0.5 51.35 0.0910975656
BLYP 0.5 51.5 0.0915468199
BLYP 0.5 51.65 0.0919958873
BLYP 0.5 51.8 0.0924447692
BLYP 0.5 51.95 0.0928934669
BLYP 0.5 52.1 0.0933419817
BLYP 0.5 52.25 0.0937903151
BLYP 0.5 52.4 0.0942384682
BLYP 0.5 52.55 0.0946864423
BLYP 0.5 52.7 0.0951342388
BLYP 0.5 52.85 0.095581859
BLYP 0.5 53 0.096029304
BLYP 0.5 53.15 0.0964765751
BLYP 0.5 53.3 0.0969236736
BLYP 0.5 53.45 0.0973706006
BLYP 0.5 53.6 0.0978173575
BLYP 0.5 53.75 0.0982639453
BLYP 0.5 53.9 0.0987103652
BLYP 0.5 54.05 0.0991566185
BLYP 0.5 54.2 0.0996027063
BLYP 0.5 54.35 0.1000486298
BLYP 0.5 54.5 0.10049439
BLYP 0.5 54.65 0.1009399881
BLYP 0.5 54.8 0.1013854253
BLYP 0.5 54.95 0.1018307026
BLYP 0.5 55.1 0.1022758212
BLYP 0.5 55.25 0.1027207821
BLYP 0.5 55.4 0.1031655864
BLYP 0.5 55.55 0.1036102352
BLYP 0.5 55.7 0.1040547295
BLYP 0.5 55.85 0.1044990704
BLYP 0.5 56 0.1049432589
BLYP 0.5 56.15 0.105387296
BLYP 0.5 56.3 0.1058311828
BLYP 0.5 56.45 0.1062749203
BLYP 0.5 56.6 0.1067185095
BLYP 0.5 56.75 0.1071619514
BLYP 0.5 56.9 0.1076052469
BLYP 0.5 57.05 0.108048397
BLYP 0.5 57.2 0.1084914027
BLYP 0.5 57.35 0.1089342649
BLYP 0.5 57.5 0.1093769847
BLYP 0.5 57.65 0.1098195629
BLYP 0.5 57.8 0.1102620004
BLYP 0.5 57.95 0.1107042982
BLYP 0.5 58.1 0.1111464572
BLYP 0.5 58.25 0.1115884784
BLYP 0.5 58.4 0.1120303625
BLYP 0.5 58.55 0.1124721105
BLYP 0.5 58.7 0.1129137233
BLYP 0.5 58.85 0.1133552017
BLYP 0.5 59 0.1137965466
BLYP 0.5 59.15 0.114237759
BLYP 0.5 59.3 0.1146788395
BLYP 0.5 59.45 0.1151197891
BLYP 0.5 59.6 0.1155606086
BLYP 0.5 59.75 0.1160012988
BLYP 0.5 59.9 0.1164418606
BLYP 0.5 60.05 0.1168822948
BLYP 0.5 60.2 0.1173226021
BLYP 0.5 60.35 0.1177627834
BLYP 0.5 60.5 0.1182028395
BLYP 0.5 60.65 0.1186427712
BLYP 0.5 60.8 0.1190825791
BLYP 0.5 60.95 0.1195222642
BLYP 0.5 61.1 0.1199618272
BLYP 0.5 61.25 0.1204012688
BLYP 0.5 61.4 0.1208405899
BLYP 0.5 61.55 0.121279791
BLYP 0.5 61.7 0.1217188731
BLYP 0.5 61.85 0.1221578367
BLYP 0.5 62 0.1225966827
BLYP 0.5 62.15 0.1230354118
BLYP 0.5 62.3 0.1234740247
BLYP 0.5 62.45 0.1239125221
BLYP 0.5 62.6 0.1243509047
BLYP 0.5 62.75 0.1247891731
BLYP 0.5 62.9 0.1252273282
BLYP 0.5 63.05 0.1256653706
BLYP 0.5 63.2 0.1261033009
BLYP 0.5 63.35 0.1265411199
BLYP 0.5 63.5 0.1269788282
BLYP 0.5 63.65 0.1274164265
BLYP 0.5 63.8 0.1278539154
BLYP 0.5 63.95 0.1282912957
BLYP 0.5 64.1 0.1287285678
BLYP 0.5 64.25 0.1291657326
BLYP 0.5 64.4 0.1296027906
BLYP 0.5 64.55 0.1300397424
BLYP 0.5 64.7 0.1304765887
BLYP 0.5 64.85 0.1309133302
BLYP 0.5 65 0.1313499674
BLYP 0.5 65.15 0.1317865009
BLYP 0.5 65.3 0.1322229314
BLYP 0.5 65.45 0.1326592594
BLYP 0.5 65.6 0.1330954856
BLYP 0.5 65.75 0.1335316106
BLYP 0.5 65.9 0.1339676349
BLYP 0.5 66.05 0.1344035591
BLYP 0.5 66.2 0.1348393838
BLYP 0.5 66.35 0.1352751096
BLYP 0.5 66.5 0.135710737
BLYP 0.5 66.65 0.1361462667
BLYP 0.5 66.8 0.1365816992
BLYP 0.5 66.95 0.137017035
BLYP 0.5 67.1 0.1374522747
BLYP 0.5 67.25 0.1378874188
BLYP 0.5 67.4 0.1383224679
BLYP 0.5 67.55 0.1387574225
BLYP 0.5 67.7 0.1391922832
BLYP 0.5 67.85 0.1396270505
BLYP 0.5 68 0.140061725
BLYP 0.5 68.15 0.140496307
BLYP 0.5 68.3 0.1409307973
BLYP 0.5 68.45 0.1413651962
BLYP 0.5 68.6 0.1417995043
BLYP 0.5 68.75 0.1422337221
BLYP 0.5 68.9 0.1426678502
BLYP 0.5 69.05 0.1431018889
BLYP 0.5 69.2 0.1435358389
BLYP 0.5 69.35 0.1439697005
BLYP 0.5 69.5 0.1444034744
BLYP 0.5 69.65 0.1448371609
BLYP 0.5 69.8 0.1452707606
BLYP 0.5 69.95 0.1457042739
BLYP 0.5 70.1 0.1461377013
BLYP 0.5 70.25 0.1465710433
BLYP 0.5 70.4 0.1470043004
BLYP 0.5 70.55 0.1474374729
BLYP 0.5 70.7 0.1478705615
BLYP 0.5 70.85 0.1483035665
BLYP 0.5 71 0.1487364883
BLYP 0.5 71.15 0.1491693275
BLYP 0.5 71.3 0.1496020845
BLYP 0.5 71.45 0.1500347597
BLYP 0.5 71.6 0.1504673536
BLYP 0.5 71.75 0.1508998666
BLYP 0.5 71.9 0.1513322991
BLYP 0.5 72.05 0.1517646516
BLYP 0.5 72.2 0.1521969245
BLYP 0.5 72.35 0.1526291183
BLYP 0.5 72.5 0.1530612332
BLYP 0.5 72.65 0.1534932699
BLYP 0.5 72.8 0.1539252286
BLYP 0.5 72.95 0.1543571098
BLYP 0.5 73.1 0.154788914
BLYP 0.5 73.25 0.1552206414
BLYP 0.5 73.4 0.1556522926
BLYP 0.5 73.55 0.1560838678
BLYP 0.5 73.7 0.1565153676
BLYP 0.5 73.85 0.1569467923
BLYP 0.5 74 0.1573781423
BLYP 0.5 74.15 0.157809418
BLYP 0.5 74.3 0.1582406198
BLYP 0.5 74.45 0.158671748
BLYP 0.5 74.6 0.1591028031
BLYP 0.5 74.75 0.1595337854
BLYP 0.5 74.9 0.1599646954
BLYP 0.5 75.05 0.1603955333
BLYP 0.5 75.2 0.1608262995
BLYP 0.5 75.35 0.1612569944
BLYP 0.5 75.5 0.1616876185
BLYP 0.5 75.65 0.162118172
BLYP 0.5 75.8 0.1625486552
BLYP 0.5 75.95 0.1629790687
BLYP 0.5 76.1 0.1634094127
BLYP 0.5 76.25 0.1638396875
BLYP 0.5 76.4 0.1642698936
BLYP 0.5 76.55 0.1647000312
BLYP 0.5 76.7 0.1651301007
BLYP 0.5 76.85 0.1655601025
BLYP 0.5 77 0.165990037
BLYP 0.5 77.15 0.1664199043
BLYP 0.5 77.3 0.1668497049
BLYP 0.5 77.45 0.1672794392
BLYP 0.5 77.6 0.1677091074
BLYP 0.5 77.75 0.1681387099
BLYP 0.5 77.9 0.1685682469
BLYP 0.5 78.05 0.1689977189
BLYP 0.5 78.2 0.1694271262
BLYP 0.5 78.35 0.169856469
BLYP 0.5 78.5 0.1702857477
BLYP 0.5 78.65 0.1707149626
BLYP 0.5 78.8 0.171144114
BLYP 0.5 78.95 0.1715732023
BLYP 0.5 79.1 0.1720022277
BLYP 0.5 79.25 0.1724311906
BLYP 0.5 79.4 0.1728600912
BLYP 0.5 79.55 0.1732889299
BLYP 0.5 79.7 0.173717707
BLYP 0.5 79.85 0.1741464227
BLYP 0.5 80 0.1745750774
BLYP 0.5 80.15 0.1750036714
BLYP 0.5 80.3 0.1754322049
BLYP 0.5 80.45 0.1758606782
BLYP 0.5 80.6 0.1762890917
BLYP 0.5 80.75 0.1767174457
BLYP 0.5 80.9 0.1771457403
BLYP 0.5 81.05 0.1775739759
BLYP 0.5 81.2 0.1780021528
BLYP 0.5 81.35 0.1784302713
BLYP 0.5 81.5 0.1788583316
BLYP 0.5 81.65 0.1792863341
BLYP 0.5 81.8 0.1797142789
BLYP 0.5 81.95 0.1801421664
BLYP 0.5 82.1 0.1805699969
BLYP 0.5 82.25 0.1809977705
BLYP 0.5 82.4 0.1814254876
BLYP 0.5 82.55 0.1818531485
BLYP 0.5 82.7 0.1822807534
BLYP 0.5 82.85 0.1827083026
BLYP 0.5 83 0.1831357963
BLYP 0.5 83.15 0.1835632348
BLYP 0.5 83.3 0.1839906184
BLYP 0.5 83.45 0.1844179472
BLYP 0.5 83.6 0.1848452217
BLYP 0.5 83.75 0.1852724419
BLYP 0.5 83.9 0.1856996083
BLYP 0.5 84.05 0.1861267209
BLYP 0.5 84.2 0.1865537802
BLYP 0.5 84.35 0.1869807862
BLYP 0.5 84.5 0.1874077393
BLYP 0.5 84.65 0.1878346398
BLYP 0.5 84.8 0.1882614877
BLYP 0.5 84.95 0.1886882835
BLYP 0.5 85.1 0.1891150273
BLYP 0.5 85.25 0.1895417194
BLYP 0.5 85.4 0.18996836
BLYP 0.5 85.55 0.1903949493
BLYP 0.5 85.7 0.1908214876
BLYP 0.5 85.85 0.1912479752
BLYP 0.5 86 0.1916744121
BLYP 0.5 86.15 0.1921007988
BLYP 0.5 86.3 0.1925271353
BLYP 0.5 86.45 0.1929534219
BLYP 0.5 86.6 0.1933796589
BLYP 0.5 86.75 0.1938058465
BLYP 0.5 86.9 0.1942319849
BLYP 0.5 87.05 0.1946580743
BLYP 0.5 87.2 0.1950841149
BLYP 0.5 87.35 0.195510107
BLYP 0.5 87.5 0.1959360507
BLYP 0.5 87.65 0.1963619464
BLYP 0.5 87.8 0.1967877941
BLYP 0.5 87.95 0.1972135942
BLYP 0.5 88.1 0.1976393468
BLYP 0.5 88.25 0.1980650521
BLYP 0.5 88.4 0.1984907104
BLYP 0.5 88.55 0.1989163218
BLYP 0.5 88.7 0.1993418866
BLYP 0.5 88.85 0.199767405
BLYP 0.5 89 0.2001928771
BLYP 0.5 89.15 0.2006183032
BLYP 0.5 89.3 0.2010436835
BLYP 0.5 89.45 0.2014690181
BLYP 0.5 89.6 0.2018943074
BLYP 0.5 89.75 0.2023195514
BLYP 0.5 89.9 0.2027447504
BLYP 0.5 90.05 0.2031699046
BLYP 0.5 90.2 0.2035950141
BLYP 0.5 90.35 0.2040200792
BLYP 0.5 90.5 0.2044451
BLYP 0.5 90.65 0.2048700768
BLYP 0.5 90.8 0.2052950097
BLYP 0.5 90.95 0.2057198989
BLYP 0.5 91.1 0.2061447446
BLYP 0.5 91.25 0.2065695471
BLYP 0.5 91.4 0.2069943064
BLYP 0.5 91.55 0.2074190228
BLYP 0.5 91.7 0.2078436964
BLYP 0.5 91.85 0.2082683275
BLYP 0.5 92 0.2086929162
BLYP 0.5 92.15 0.2091174626
BLYP 0.5 92.3 0.2095419671
BLYP 0.5 92.45 0.2099664297
BLYP 0.5 92.6 0.2103908506
BLYP 0.5 92.75 0.21081523
BLYP 0.5 92.9 0.2112395682
BLYP 0.5 93.05 0.2116638651
BLYP 0.5 93.2 0.2120881212
BLYP 0.5 93.35 0.2125123364
BLYP 0.5 93.5 0.2129365109
BLYP 0.5 93.65 0.2133606451
BLYP 0.5 93.8 0.2137847389
BLYP 0.5 93.95 0.2142087926
BLYP 0.5 94.1 0.2146328064
BLYP 0.5 94.25 0.2150567804
BLYP 0.5 94.4 0.2154807147
BLYP 0.5 94.55 0.2159046096
BLYP 0.5 94.7 0.2163284653
BLYP 0.5 94.85 0.2167522817
BLYP 0.5 95 0.2171760593
BLYP 0.5 95.15 0.217599798
BLYP 0.5 95.3 0.218023498
BLYP 0.5 95.45 0.2184471596
BLYP 0.5 95.6 0.2188707829
BLYP 0.5 95.75 0.2192943679
BLYP 0.5 95.9 0.219717915
BLYP 0.5 96.05 0.2201414242
BLYP 0.5 96.2 0.2205648957
BLYP 0.5 96.35 0.2209883297
BLYP 0.5 96.5 0.2214117262
BLYP 0.5 96.65 0.2218350855
BLYP 0.5 96.8 0.2222584077
BLYP 0.5 96.95 0.222681693
BLYP 0.5 97.1 0.2231049415
BLYP 0.5 97.25 0.2235281533
BLYP 0.5 97.4 0.2239513287
BLYP 0.5 97.55 0.2243744677
BLYP 0.5 97.7 0.2247975705
BLYP 0.5 97.85 0.2252206372
BLYP 0.5 98 0.225643668
BLYP 0.5 98.15 0.2260666631
BLYP 0.5 98.3 0.2264896226
BLYP 0.5 98.45 0.2269125465
BLYP 0.5 98.6 0.2273354352
BLYP 0.5 98.75 0.2277582886
BLYP 0.5 98.9 0.228181107
BLYP 0.5 99.05 0.2286038905
BLYP 0.5 99.2 0.2290266392
BLYP 0.5 99.35 0.2294493532
BLYP 0.5 99.5 0.2298720328
BLYP 0.5 99.65 0.230294678
BLYP 0.5 99.8 0.2307172889
BLYP 0.5 99.95 0.2311398658
BLYP 0.5 100.1 0.2315624087
BLYP 0.5 100.25 0.2319849178
BLYP 0.5 100.4 0.2324073932
BLYP 0.5 100.55 0.232829835
BLYP 0.5 100.7 0.2332522434
BLYP 0.5 100.85 0.2336746185
BLYP 0.5 101 0.2340969605
BLYP 0.5 101.15 0.2345192694
BLYP 0.5 101.3 0.2349415454
BLYP 0.5 101.45 0.2353637886
BLYP 0.5 101.6 0.2357859991
BLYP 0.5 101.75 0.2362081772
BLYP 0.5 101.9 0.2366303228
BLYP 0.5 102.05 0.2370524361
BLYP 0.5 102.2 0.2374745173
BLYP 0.5 102.35 0.2378965665
BLYP 0.5 102.5 0.2383185838
BLYP 0.5 102.65 0.2387405693
BLYP 0.5 102.8 0.2391625231
BLYP 0.5 102.95 0.2395844454
BLYP 0.5 103.1 0.2400063362
BLYP 0.5 103.25 0.2404281958
BLYP 0.5 103.4 0.2408500242
BLYP 0.5 103.55 0.2412718216
BLYP 0.5 103.7 0.241693588
BLYP 0.5 103.85 0.2421153236
BLYP 0.5 104 0.2425370284
BLYP 0.5 104.15 0.2429587027
BLYP 0.5 104.3 0.2433803465
BLYP 0.5 104.45 0.24380196
BLYP 0.5 104.6 0.2442235432
BLYP 0.5 104.75 0.2446450963
BLYP 0.5 104.9 0.2450666194
BLYP 0.5 105.05 0.2454881126
BLYP 0.5 105.2 0.245909576
BLYP 0.5 105.35 0.2463310097
BLYP 0.5 105.5 0.2467524138
BLYP 0.5 105.65 0.2471737885
BLYP 0.5 105.8 0.2475951339
BLYP 0.5 105.95 0.24801645
BLYP 0.5 106.1 0.248437737
BLYP 0.5 106.25 0.2488589949
BLYP 0.5 106.4 0.249280224
BLYP 0.5 106.55 0.2497014242
BLYP 0.5 106.7 0.2501225958
BLYP 0.5 106.85 0.2505437388
BLYP 0.5 107 0.2509648533
BLYP 0.5 107.15 0.2513859394
BLYP 0.5 107.3 0.2518069972
BLYP 0.5 107.45 0.2522280269
BLYP 0.5 107.6 0.2526490285
BLYP 0.5 107.75 0.2530700021
BLYP 0.5 107.9 0.2534909479
BLYP 0.5 108.05 0.2539118659
BLYP 0.5 108.2 0.2543327563
BLYP 0.5 108.35 0.2547536191
BLYP 0.5 108.5 0.2551744544
BLYP 0.5 108.65 0.2555952624
BLYP 0.5 108.8 0.2560160432
BLYP 0.5 108.95 0.2564367967
BLYP 0.5 109.1 0.2568575233
BLYP 0.5 109.25 0.2572782228
BLYP 0.5 109.4 0.2576988955
BLYP 0.5 109.55 0.2581195415
BLYP 0.5 109.7 0.2585401608
BLYP 0.5 109.85 0.2589607535
BLYP 0.5 110 0.2593813197
BLYP 0.5 110.15 0.2598018596
BLYP 0.5 110.3 0.2602223731
BLYP 0.5 110.45 0.2606428605
BLYP 0.5 110.6 0.2610633218
BLYP 0.5 110.75 0.261483757
BLYP 0.5 110.9 0.2619041664
BLYP 0.5 111.05 0.2623245499
BLYP 0.5 111.2 0.2627449077
BLYP 0.5 111.35 0.2631652399
BLYP 0.5 111.5 0.2635855465
BLYP 0.5 111.65 0.2640058277
BLYP 0.5 111.8 0.2644260835
BLYP 0.5 111.95 0.2648463141
BLYP 0.5 112.1 0.2652665194
BLYP 0.5 112.25 0.2656866997
BLYP 0.5 112.4 0.266106855
BLYP 0.5 112.55 0.2665269853
BLYP 0.5 112.7 0.2669470908
BLYP 0.5 112.85 0.2673671716
BLYP 0.5 113 0.2677872277
BLYP 0.5 113.15 0.2682072592
BLYP 0.5 113.3 0.2686272663
BLYP 0.5 113.45 0.269047249
BLYP 0.5 113.6 0.2694672073
BLYP 0.5 113.75 0.2698871414
BLYP 0.5 113.9 0.2703070514
BLYP 0.5 114.05 0.2707269373
BLYP 0.5 114.2 0.2711467993
BLYP 0.5 114.35 0.2715666373
BLYP 0.5 114.5 0.2719864515
BLYP 0.5 114.65 0.2724062421
BLYP 0.5 114.8 0.2728260089
BLYP 0.5 114.95 0.2732457522
BLYP 0.5 115.1 0.273665472
BLYP 0.5 115.25 0.2740851684
BLYP 0.5 115.4 0.2745048415
BLYP 0.5 115.55 0.2749244914
BLYP 0.5 115.7 0.2753441181
BLYP 0.5 115.85 0.2757637217
BLYP 0.5 116 0.2761833023
BLYP 0.5 116.15 0.27660286
BLYP 0.5 116.3 0.2770223948
BLYP 0.5 116.45 0.2774419069
BLYP 0.5 116.6 0.2778613963
BLYP 0.5 116.75 0.278280863
BLYP 0.5 116.9 0.2787003072
BLYP 0.5 117.05 0.279119729
BLYP 0.5 117.2 0.2795391284
BLYP 0.5 117.35 0.2799585055
BLYP 0.5 117.5 0.2803778603
BLYP 0.5 117.65 0.280797193
BLYP 0.5 117.8 0.2812165036
BLYP 0.5 117.95 0.2816357922
BLYP 0.5 118.1 0.2820550588
BLYP 0.5 118.25 0.2824743036
BLYP 0.5 118.4 0.2828935266
BLYP 0.5 118.55 0.2833127279
BLYP 0.5 118.7 0.2837319076
BLYP 0.5 118.85 0.2841510656
BLYP 0.5 119 0.2845702022
BLYP 0.5 119.15 0.2849893174
BLYP 0.5 119.3 0.2854084112
BLYP 0.5 119.45 0.2858274837
BLYP 0.5 119.6 0.286246535
BLYP 0.5 119.75 0.2866655651
BLYP 0.5 119.9 0.2870845742
BLYP 0.5 120.05 0.2875035623
BLYP 0.5 120.2 0.2879225295
BLYP 0.5 120.35 0.2883414757
BLYP 0.5 120.5 0.2887604012
BLYP 0.5 120.65 0.289179306
BLYP 0.5 120.8 0.2895981901
BLYP 0.5 120.95 0.2900170536
BLYP 0.5 121.1 0.2904358966
BLYP 0.5 121.25 0.2908547191
BLYP 0.5 121.4 0.2912735212
BLYP 0.5 121.55 0.2916923031
BLYP 0.5 121.7 0.2921110646
BLYP 0.5 121.85 0.292529806
BLYP 0.5 122 0.2929485272
BLYP 0.5 122.15 0.2933672284
BLYP 0.5 122.3 0.2937859096
BLYP 0.5 122.45 0.2942045708
BLYP 0.5 122.6 0.2946232122
BLYP 0.5 122.75 0.2950418338
BLYP 0.5 122.9 0.2954604357
BLYP 0.5 123.05 0.2958790179
BLYP 0.5 123.2 0.2962975804
BLYP 0.5 123.35 0.2967161235
BLYP 0.5 123.5 0.297134647
BLYP 0.5 123.65 0.2975531511
BLYP 0.5 123.8 0.2979716359
BLYP 0.5 123.95 0.2983901013
BLYP 0.5 124.1 0.2988085476
BLYP 0.5 124.25 0.2992269746
BLYP 0.5 124.4 0.2996453825
BLYP 0.5 124.55 0.3000637714
BLYP 0.5 124.7 0.3004821413
BLYP 0.5 124.85 0.3009004923
BLYP 0.5 125 0.3013188244
BLYP 0.5 125.15 0.3017371377
BLYP 0.5 125.3 0.3021554322
BLYP 0.5 125.45 0.302573708
BLYP 0.5 125.6 0.3029919652
BLYP 0.5 125.75 0.3034102039
BLYP 0.5 125.9 0.303828424
BLYP 0.5 126.05 0.3042466256
BLYP 0.5 126.2 0.3046648089
BLYP 0.5 126.35 0.3050829738
BLYP 0.5 126.5 0.3055011204
BLYP 0.5 126.65 0.3059192488
BLYP 0.5 126.8 0.306337359
BLYP 0.5 126.95 0.3067554512
BLYP 0.5 127.1 0.3071735252
BLYP 0.5 127.25 0.3075915813
BLYP 0.5 127.4 0.3080096194
BLYP 0.5 127.55 0.3084276396
BLYP 0.5 127.7 0.308845642
BLYP 0.5 127.85 0.3092636266
BLYP 0.5 128 0.3096815934
BLYP 0.5 128.15 0.3100995427
BLYP 0.5 128.3 0.3105174742
BLYP 0.5 128.45 0.3109353883
BLYP 0.5 128.6 0.3113532848
BLYP 0.5 128.75 0.3117711639
BLYP 0.5 128.9 0.3121890255
BLYP 0.5 129.05 0.3126068699
BLYP 0.5 129.2 0.3130246969
BLYP 0.5 129.35 0.3134425067
BLYP 0.5 129.5 0.3138602992
BLYP 0.5 129.65 0.3142780747
BLYP 0.5 129.8 0.3146958331
BLYP 0.5 129.95 0.3151135744
BLYP 0.5 130.1 0.3155312988
BLYP 0.5 130.25 0.3159490062
BLYP 0.5 130.4 0.3163666967
BLYP 0.5 130.55 0.3167843704
BLYP 0.5 130.7 0.3172020274
BLYP 0.5 130.85 0.3176196676
BLYP 0.5 131 0.3180372911
BLYP 0.5 131.15 0.318454898
BLYP 0.5 131.3 0.3188724883
BLYP 0.5 131.45 0.3192900621
BLYP 0.5 131.6 0.3197076194
BLYP 0.5 131.75 0.3201251603
BLYP 0.5 131.9 0.3205426847
BLYP 0.5 132.05 0.3209601929
BLYP 0.5 132.2 0.3213776848
BLYP 0.5 132.35 0.3217951604
BLYP 0.5 132.5 0.3222126198
BLYP 0.5 132.65 0.3226300631
BLYP 0.5 132.8 0.3230474902
BLYP 0.5 132.95 0.3234649014
BLYP 0.5 133.1 0.3238822965
BLYP 0.5 133.25 0.3242996756
BLYP 0.5 133.4 0.3247170389
BLYP 0.5 133.55 0.3251343863
BLYP 0.5 133.7 0.3255517178
BLYP 0.5 133.85 0.3259690336
BLYP 0.5 134 0.3263863336
BLYP 0.5 134.15 0.3268036179
BLYP 0.5 134.3 0.3272208866
BLYP 0.5 134.45 0.3276381397
BLYP 0.5 134.6 0.3280553772
BLYP 0.5 134.75 0.3284725992
BLYP 0.5 134.9 0.3288898058
BLYP 0.5 135.05 0.3293069968
BLYP 0.5 135.2 0.3297241725
BLYP 0.5 135.35 0.3301413329
BLYP 0.5 135.5 0.3305584779
BLYP 0.5 135.65 0.3309756076
BLYP 0.5 135.8 0.3313927219
BLYP 0.5 135.95 0.3318098211
BLYP 0.5 136.1 0.332226905
BLYP 0.5 136.25 0.3326439739
BLYP 0.5 136.4 0.3330610276
BLYP 0.5 136.55 0.3334780663
BLYP 0.5 136.7 0.3338950899
BLYP 0.5 136.85 0.3343120986
BLYP 0.5 137 0.3347290923
BLYP 0.5 137.15 0.335146071
BLYP 0.5 137.3 0.3355630347
BLYP 0.5 137.45 0.3359799836
BLYP 0.5 137.6 0.3363969175
BLYP 0.5 137.75 0.3368138365
BLYP 0.5 137.9 0.3372307405
BLYP 0.5 138.05 0.3376476294
BLYP 0.5 138.2 0.338064503
BLYP 0.5 138.35 0.3384813186
BLYP 0.5 138.5 0.3388981234
BLYP 0.5 138.65 0.3393149133
BLYP 0.5 138.8 0.3397316887
BLYP 0.5 138.95 0.3401484495
BLYP 0.5 139.1 0.340565196
BLYP 0.5 139.25 0.3409819281
BLYP 0.5 139.4 0.341398646
BLYP 0.5 139.55 0.3418153497
BLYP 0.5 139.7 0.3422320393
BLYP 0.5 139.85 0.3426487149
BLYP 0.5 140 0.3430653764
BLYP 0.5 140.15 0.3434820241
BLYP 0.5 140.3 0.3438986578
BLYP 0.5 140.45 0.3443152776
BLYP 0.5 140.6 0.3447318837
BLYP 0.5 140.75 0.345148476
BLYP 0.5 140.9 0.3455650546
BLYP 0.5 141.05 0.3459816196
BLYP 0.5 141.2 0.3463981709
BLYP 0.5 141.35 0.3468147087
BLYP 0.5 141.5 0.3472312329
BLYP 0.5 141.65 0.3476477437
BLYP 0.5 141.8 0.348064241
BLYP 0.5 141.95 0.348480725
BLYP 0.5 142.1 0.3488971955
BLYP 0.5 142.25 0.3493136528
BLYP 0.5 142.4 0.3497300968
BLYP 0.5 142.55 0.3501465275
BLYP 0.5 142.7 0.350562945
BLYP 0.5 142.85 0.3509793494
BLYP 0.5 143 0.3513957407
BLYP 0.5 143.15 0.3518121189
BLYP 0.5 143.3 0.3522284841
BLYP 0.5 143.45 0.3526448363
BLYP 0.5 143.6 0.3530611755
BLYP 0.5 143.75 0.3534775018
BLYP 0.5 143.9 0.3538938152
BLYP 0.5 144.05 0.3543101157
BLYP 0.5 144.2 0.3547264035
BLYP 0.5 144.35 0.3551426785
BLYP 0.5 144.5 0.3555589407
BLYP 0.5 144.65 0.3559751903
BLYP 0.5 144.8 0.3563914271
BLYP 0.5 144.95 0.3568076514
BLYP 0.5 145.1 0.3572238631
BLYP 0.5 145.25 0.3576400622
BLYP 0.5 145.4 0.3580562488
BLYP 0.5 145.55 0.3584724229
BLYP 0.5 145.7 0.3588885846
BLYP 0.5 145.85 0.3593047339
BLYP 0.5 146 0.3597208708
BLYP 0.5 146.15 0.3601369954
BLYP 0.5 146.3 0.3605531076
BLYP 0.5 146.45 0.3609692076
BLYP 0.5 146.6 0.3613852954
BLYP 0.5 146.75 0.3618013709
BLYP 0.5 146.9 0.3622174343
BLYP 0.5 147.05 0.3626334856
BLYP 0.5 147.2 0.3630495247
BLYP 0.5 147.35 0.3634655518
BLYP 0.5 147.5 0.3638815669
BLYP 0.5 147.65 0.36429757
BLYP 0.5 147.8 0.3647135611
BLYP 0.5 147.95 0.3651295402
BLYP 0.5 148.1 0.3655455075
BLYP 0.5 148.25 0.3659614629
BLYP 0.5 148.4 0.3663774065
BLYP 0.5 148.55 0.3667933383
BLYP 0.5 148.7 0.3672092583
BLYP 0.5 148.85 0.3676251666
BLYP 0.5 149 0.3680410632
BLYP 0.5 149.15 0.3684569481
BLYP 0.5 149.3 0.3688728213
BLYP 0.5 149.45 0.369288683
BLYP 0.5 149.6 0.3697045331
BLYP 0.5 149.75 0.3701203716
BLYP 0.5 149.9 0.3705361987
BLYP 0.5 150.05 0.3709520142
BLYP 0.5 150.2 0.3713678184
BLYP 0.5 150.35 0.371783611
BLYP 0.5 150.5 0.3721993924
BLYP 0.5 150.65 0.3726151623
BLYP 0.5 150.8 0.3730309209
BLYP 0.5 150.95 0.3734466683
BLYP 0.5 151.1 0.3738624043
BLYP 0.5 151.25 0.3742781292
BLYP 0.5 151.4 0.3746938428
BLYP 0.5 151.55 0.3751095453
BLYP 0.5 151.7 0.3755252366
BLYP 0.5 151.85 0.3759409168
BLYP 0.5 152 0.3763565859
BLYP 0.5 152.15 0.376772244
BLYP 0.5 152.3 0.377187891
BLYP 0.5 152.45 0.3776035271
BLYP 0.5 152.6 0.3780191522
BLYP 0.5 152.75 0.3784347663
BLYP 0.5 152.9 0.3788503696
BLYP 0.5 153.05 0.3792659619
BLYP 0.5 153.2 0.3796815434
BLYP 0.5 153.35 0.3800971141
BLYP 0.5 153.5 0.380512674
BLYP 0.5 153.65 0.3809282232
BLYP 0.5 153.8 0.3813437616
BLYP 0.5 153.95 0.3817592893
BLYP 0.5 154.1 0.3821748063
BLYP 0.5 154.25 0.3825903127
BLYP 0.5 154.4 0.3830058085
BLYP 0.5 154.55 0.3834212936
BLYP 0.5 154.7 0.3838367682
BLYP 0.5 154.85 0.3842522323
BLYP 0.5 155 0.3846676858
BLYP 0.5 155.15 0.3850831289
BLYP 0.5 155.3 0.3854985615
BLYP 0.5 155.45 0.3859139837
BLYP 0.5 155.6 0.3863293955
BLYP 0.5 155.75 0.3867447969
BLYP 0.5 155.9 0.3871601879
BLYP 0.5 156.05 0.3875755687
BLYP 0.5 156.2 0.3879909391
BLYP 0.5 156.35 0.3884062993
BLYP 0.5 156.5 0.3888216492
BLYP 0.5 156.65 0.389236989
BLYP 0.5 156.8 0.3896523185
BLYP 0.5 156.95 0.3900676379
BLYP 0.5 157.1 0.3904829472
BLYP 0.5 157.25 0.3908982463
BLYP 0.5 157.4 0.3913135354
BLYP 0.5 157.55 0.3917288144
BLYP 0.5 157.7 0.3921440833
BLYP 0.5 157.85 0.3925593423
BLYP 0.5 158 0.3929745913
BLYP 0.5 158.15 0.3933898304
BLYP 0.5 158.3 0.3938050595
BLYP 0.5 158.45 0.3942202787
BLYP 0.5 158.6 0.394635488
BLYP 0.5 158.75 0.3950506875
BLYP 0.5 158.9 0.3954658772
BLYP 0.5 159.05 0.395881057
BLYP 0.5 159.2 0.3962962271
BLYP 0.5 159.35 0.3967113875
BLYP 0.5 159.5 0.3971265381
BLYP 0.5 159.65 0.397541679
BLYP 0.5 159.8 0.3979568102
BLYP 0.5 159.95 0.3983719318
BLYP 0.5 160.1 0.3987870437
BLYP 0.5 160.25 0.3992021461
BLYP 0.5 160.4 0.3996172388
BLYP 0.5 160.55 0.4000323221
BLYP 0.5 160.7 0.4004473957
BLYP 0.5 160.85 0.4008624599
BLYP 0.5 161 0.4012775146
BLYP 0.5 161.15 0.4016925599
BLYP 0.5 161.3 0.4021075957
BLYP 0.5 161.45 0.402522622
BLYP 0.5 161.6 0.402937639
BLYP 0.5 161.75 0.4033526467
BLYP 0.5 161.9 0.403767645
BLYP 0.5 162.05 0.404182634
BLYP 0.5 162.2 0.4045976136
BLYP 0.5 162.35 0.4050125841
BLYP 0.5 162.5 0.4054275452
BLYP 0.5 162.65 0.4058424972
BLYP 0.5 162.8 0.4062574399
BLYP 0.5 162.95 0.4066723735
BLYP 0.5 163.1 0.4070872979
BLYP 0.5 163.25 0.4075022132
BLYP 0.5 163.4 0.4079171193
BLYP 0.5 163.55 0.4083320164
BLYP 0.5 163.7 0.4087469044
BLYP 0.5 163.85 0.4091617834
BLYP 0.5 164 0.4095766533
BLYP 0.5 164.15 0.4099915143
BLYP 0.5 164.3 0.4104063663
BLYP 0.5 164.45 0.4108212093
BLYP 0.5 164.6 0.4112360434
BLYP 0.5 164.75 0.4116508685
BLYP 0.5 164.9 0.4120656848
BLYP 0.5 165.05 0.4124804923
BLYP 0.5 165.2 0.4128952908
BLYP 0.5 165.35 0.4133100806
BLYP 0.5 165.5 0.4137248616
BLYP 0.5 165.65 0.4141396337
BLYP 0.5 165.8 0.4145543972
BLYP 0.5 165.95 0.4149691518
BLYP 0.5 166.1 0.4153838978
BLYP 0.5 166.25 0.4157986351
BLYP 0.5 166.4 0.4162133637
BLYP 0.5 166.55 0.4166280836
BLYP 0.5 166.7 0.417042795
BLYP 0.5 166.85 0.4174574977
BLYP 0.5 167 0.4178721918
BLYP 0.5 167.15 0.4182868773
BLYP 0.5 167.3 0.4187015543
BLYP 0.5 167.45 0.4191162228
BLYP 0.5 167.6 0.4195308828
BLYP 0.5 167.75 0.4199455343
BLYP 0.5 167.9 0.4203601773
BLYP 0.5 168.05 0.4207748119
BLYP 0.5 168.2 0.421189438
BLYP 0.5 168.35 0.4216040558
BLYP 0.5 168.5 0.4220186652
BLYP 0.5 168.65 0.4224332662
BLYP 0.5 168.8 0.4228478588
BLYP 0.5 168.95 0.4232624432
BLYP 0.5 169.1 0.4236770192
BLYP 0.5 169.25 0.424091587
BLYP 0.5 169.4 0.4245061465
BLYP 0.5 169.55 0.4249206977
BLYP 0.5 169.7 0.4253352407
BLYP 0.5 169.85 0.4257497756
BLYP 0.5 170 0.4261643022
BLYP 0.5 170.15 0.4265788207
BLYP 0.5 170.3 0.426993331
BLYP 0.5 170.45 0.4274078332
BLYP 0.5 170.6 0.4278223273
BLYP 0.5 170.75 0.4282368133
BLYP 0.5 170.9 0.4286512912
BLYP 0.5 171.05 0.4290657611
BLYP 0.5 171.2 0.4294802229
BLYP 0.5 171.35 0.4298946768
BLYP 0.5 171.5 0.4303091226
BLYP 0.5 171.65 0.4307235605
BLYP 0.5 171.8 0.4311379904
BLYP 0.5 171.95 0.4315524124
BLYP 0.5 172.1 0.4319668265
BLYP 0.5 172.25 0.4323812327
BLYP 0.5 172.4 0.4327956309
BLYP 0.5 172.55 0.4332100214
BLYP 0.5 172.7 0.433624404
BLYP 0.5 172.85 0.4340387787
BLYP 0.5 173 0.4344531457
BLYP 0.5 173.15 0.4348675048
BLYP 0.5 173.3 0.4352818562
BLYP 0.5 173.45 0.4356961999
BLYP 0.5 173.6 0.4361105358
BLYP 0.5 173.75 0.436524864
BLYP 0.5 173.9 0.4369391845
BLYP 0.5 174.05 0.4373534973
BLYP 0.5 174.2 0.4377678025
BLYP 0.5 174.35 0.4381821
BLYP 0.5 174.5 0.4385963899
BLYP 0.5 174.65 0.4390106721
BLYP 0.5 174.8 0.4394249468
BLYP 0.5 174.95 0.4398392139
BLYP 0.5 175.1 0.4402534735
BLYP 0.5 175.25 0.4406677255
BLYP 0.5 175.4 0.44108197
BLYP 0.5 175.55 0.441496207
BLYP 0.5 175.7 0.4419104365
BLYP 0.5 175.85 0.4423246586
BLYP 0.5 176 0.4427388732
BLYP 0.5 176.15 0.4431530803
BLYP 0.5 176.3 0.4435672801
BLYP 0.5 176.45 0.4439814724
BLYP 0.5 176.6 0.4443956574
BLYP 0.5 176.75 0.444809835
BLYP 0.5 176.9 0.4452240052
BLYP 0.5 177.05 0.4456381681
BLYP 0.5 177.2 0.4460523237
BLYP 0.5 177.35 0.446466472
BLYP 0.5 177.5 0.446880613
BLYP 0.5 177.65 0.4472947468
BLYP 0.5 177.8 0.4477088733
BLYP 0.5 177.95 0.4481229925
BLYP 0.5 178.1 0.4485371045
BLYP 0.5 178.25 0.4489512094
BLYP 0.5 178.4 0.449365307
BLYP 0.5 178.55 0.4497793975
BLYP 0.5 178.7 0.4501934808
BLYP 0.5 178.85 0.450607557
BLYP 0.5 179 0.4510216261
BLYP 0.5 179.15 0.4514356881
BLYP 0.5 179.3 0.451849743
BLYP 0.5 179.45 0.4522637908
BLYP 0.5 179.6 0.4526778316
BLYP 0.5 179.75 0.4530918653
BLYP 0.5 179.9 0.453505892
BLYP 0.5 180.05 0.4539199117
BLYP 0.5 180.2 0.4543339244
BLYP 0.5 180.35 0.4547479302
BLYP 0.5 180.5 0.455161929
BLYP 0.5 180.65 0.4555759208
BLYP 0.5 180.8 0.4559899057
BLYP 0.5 180.95 0.4564038837
BLYP 0.5 181.1 0.4568178548
BLYP 0.5 181.25 0.457231819
BLYP 0.5 181.4 0.4576457764
BLYP 0.5 181.55 0.4580597269
BLYP 0.5 181.7 0.4584736705
BLYP 0.5 181.85 0.4588876074
BLYP 0.5 182 0.4593015374
BLYP 0.5 182.15 0.4597154606
BLYP 0.5 182.3 0.4601293771
BLYP 0.5 182.45 0.4605432868
BLYP 0.5 182.6 0.4609571898
BLYP 0.5 182.75 0.461371086
BLYP 0.5 182.9 0.4617849756
BLYP 0.5 183.05 0.4621988584
BLYP 0.5 183.2 0.4626127345
BLYP 0.5 183.35 0.463026604
BLYP 0.5 183.5 0.4634404668
BLYP 0.5 183.65 0.463854323
BLYP 0.5 183.8 0.4642681725
BLYP 0.5 183.95 0.4646820155
BLYP 0.5 184.1 0.4650958518
BLYP 0.5 184.25 0.4655096816
BLYP 0.5 184.4 0.4659235048
BLYP 0.5 184.55 0.4663373214
BLYP 0.5 184.7 0.4667511315
BLYP 0.5 184.85 0.4671649351
BLYP 0.5 185 0.4675787322
BLYP 0.5 185.15 0.4679925227
BLYP 0.5 185.3 0.4684063068
BLYP 0.5 185.45 0.4688200844
BLYP 0.5 185.6 0.4692338556
BLYP 0.5 185.75 0.4696476203
BLYP 0.5 185.9 0.4700613786
BLYP 0.5 186.05 0.4704751305
BLYP 0.5 186.2 0.470888876
BLYP 0.5 186.35 0.4713026151
BLYP 0.5 186.5 0.4717163479
BLYP 0.5 186.65 0.4721300743
BLYP 0.5 186.8 0.4725437943
BLYP 0.5 186.95 0.472957508
BLYP 0.5 187.1 0.4733712154
BLYP 0.5 187.25 0.4737849165
BLYP 0.5 187.4 0.4741986113
BLYP 0.5 187.55 0.4746122999
BLYP 0.5 187.7 0.4750259822
BLYP 0.5 187.85 0.4754396582
BLYP 0.5 188 0.475853328
BLYP 0.5 188.15 0.4762669916
BLYP 0.5 188.3 0.476680649
BLYP 0.5 188.45 0.4770943002
BLYP 0.5 188.6 0.4775079452
BLYP 0.5 188.75 0.477921584
BLYP 0.5 188.9 0.4783352167
BLYP 0.5 189.05 0.4787488432
BLYP 0.5 189.2 0.4791624637
BLYP 0.5 189.35 0.479576078
BLYP 0.5 189.5 0.4799896862
BLYP 0.5 189.65 0.4804032883
BLYP 0.5 189.8 0.4808168844
BLYP 0.5 189.95 0.4812304744
BLYP 0.5 190.1 0.4816440583
BLYP 0.5 190.25 0.4820576362
BLYP 0.5 190.4 0.4824712081
BLYP 0.5 190.55 0.482884774
BLYP 0.5 190.7 0.4832983339
BLYP 0.5 190.85 0.4837118878
BLYP 0.5 191 0.4841254357
BLYP 0.5 191.15 0.4845389777
BLYP 0.5 191.3 0.4849525137
BLYP 0.5 191.45 0.4853660438
BLYP 0.5 191.6 0.485779568
BLYP 0.5 191.75 0.4861930862
BLYP 0.5 191.9 0.4866065986
BLYP 0.5 192.05 0.4870201051
BLYP 0.5 192.2 0.4874336057
BLYP 0.5 192.35 0.4878471004
BLYP 0.5 192.5 0.4882605894
BLYP 0.5 192.65 0.4886740724
BLYP 0.5 192.8 0.4890875497
BLYP 0.5 192.95 0.4895010211
BLYP 0.5 193.1 0.4899144868
BLYP 0.5 193.25 0.4903279467
BLYP 0.5 193.4 0.4907414008
BLYP 0.5 193.55 0.4911548491
BLYP 0.5 193.7 0.4915682917
BLYP 0.5 193.85 0.4919817285
BLYP 0.5 194 0.4923951597
BLYP 0.5 194.15 0.4928085851
BLYP 0.5 194.3 0.4932220048
BLYP 0.5 194.45 0.4936354188
BLYP 0.5 194.6 0.4940488272
BLYP 0.5 194.75 0.4944622299
BLYP 0.5 194.9 0.4948756269
BLYP 0.5 195.05 0.4952890183
BLYP 0.5 195.2 0.4957024041
BLYP 0.5 195.35 0.4961157842
BLYP 0.5 195.5 0.4965291588
BLYP 0.5 195.65 0.4969425277
BLYP 0.5 195.8 0.4973558911
BLYP 0.5 195.95 0.4977692489
BLYP 0.5 196.1 0.4981826011
BLYP 0.5 196.25 0.4985959478
BLYP 0.5 196.4 0.499009289
BLYP 0.5 196.55 0.4994226246
BLYP 0.5 196.7 0.4998359547
BLYP 0.5 196.85 0.5002492793
BLYP 0.5 197 0.5006625985
BLYP 0.5 197.15 0.5010759121
BLYP 0.5 197.3 0.5014892203
BLYP 0.5 197.45 0.501902523
BLYP 0.5 197.6 0.5023158203
BLYP 0.5 197.75 0.5027291121
BLYP 0.5 197.9 0.5031423986
BLYP 0.5 198.05 0.5035556796
BLYP 0.5 198.2 0.5039689552
BLYP 0.5 198.35 0.5043822254
BLYP 0.5 198.5 0.5047954902
BLYP 0.5 198.65 0.5052087497
BLYP 0.5 198.8 0.5056220038
BLYP 0.5 198.95 0.5060352526
BLYP 0.5 199.1 0.506448496
BLYP 0.5 199.25 0.5068617341
BLYP 0.5 199.4 0.5072749669
BLYP 0.5 199.55 0.5076881944
BLYP 0.5 199.7 0.5081014166
BLYP 0.5 199.85 0.5085146335
BLYP 0.5 200 0.5089278452
