Functional Exponent Coefficient Energy
BLYP 0.005 -175 -174.4848565629
BLYP 0.005 -174.7 -174.1860430092
BLYP 0.005 -174.4 -173.8872302285
BLYP 0.005 -174.1 -173.5884182225
BLYP 0.005 -173.8 -173.2896069925
BLYP 0.005 -173.5 -172.9907965399
BLYP 0.005 -173.2 -172.6919868662
BLYP 0.005 -172.9 -172.3931779728
BLYP 0.005 -172.6 -172.0943698613
BLYP 0.005 -172.3 -171.795562533
BLYP 0.005 -172 -171.4967559895
BLYP 0.005 -171.7 -171.1979502321
BLYP 0.005 -171.4 -170.8991452625
BLYP 0.005 -171.1 -170.600341082
BLYP 0.005 -170.8 -170.3015376922
BLYP 0.005 -170.5 -170.0027350945
BLYP 0.005 -170.2 -169.7039332905
BLYP 0.005 -169.9 -169.4051322816
BLYP 0.005 -169.6 -169.1063320695
BLYP 0.005 -169.3 -168.8075326555
BLYP 0.005 -169 -168.5087340413
BLYP 0.005 -168.7 -168.2099362284
BLYP 0.005 -168.4 -167.9111392182
BLYP 0.005 -168.1 -167.6123430124
BLYP 0.005 -167.8 -167.3135476125
BLYP 0.005 -167.5 -167.0147530201
BLYP 0.005 -167.2 -166.7159592367
BLYP 0.005 -166.9 -166.4171662639
BLYP 0.005 -166.6 -166.1183741033
BLYP 0.005 -166.3 -165.8195827564
BLYP 0.005 -166 -165.5207922249
BLYP 0.005 -165.7 -165.2220025103
BLYP 0.005 -165.4 -164.9232136143
BLYP 0.005 -165.1 -164.6244255384
BLYP 0.005 -164.8 -164.3256382843
BLYP 0.005 -164.5 -164.0268518537
BLYP 0.005 -164.2 -163.728066248
BLYP 0.005 -163.9 -163.429281469
BLYP 0.005 -163.6 -163.1304975184
BLYP 0.005 -163.3 -162.8317143977
BLYP 0.005 -163 -162.5329321086
BLYP 0.005 -162.7 -162.2341506528
BLYP 0.005 -162.4 -161.9353700319
BLYP 0.005 -162.1 -161.6365902477
BLYP 0.005 -161.8 -161.3378113019
BLYP 0.005 -161.5 -161.039033196
BLYP 0.005 -161.2 -160.7402559319
BLYP 0.005 -160.9 -160.4414795112
BLYP 0.005 -160.6 -160.1427039356
BLYP 0.005 -160.3 -159.8439292069
BLYP 0.005 -160 -159.5451553268
BLYP 0.005 -159.7 -159.2463822971
BLYP 0.005 -159.4 -158.9476101194
BLYP 0.005 -159.1 -158.6488387955
BLYP 0.005 -158.8 -158.3500683273
BLYP 0.005 -158.5 -158.0512987164
BLYP 0.005 -158.2 -157.7525299646
BLYP 0.005 -157.9 -157.4537620738
BLYP 0.005 -157.6 -157.1549950457
BLYP 0.005 -157.3 -156.8562288821
BLYP 0.005 -157 -156.5574635849
BLYP 0.005 -156.7 -156.2586991558
BLYP 0.005 -156.4 -155.9599355966
BLYP 0.005 -156.1 -155.6611729092
BLYP 0.005 -155.8 -155.3624110955
BLYP 0.005 -155.5 -155.0636501573
BLYP 0.005 -155.2 -154.7648900964
BLYP 0.005 -154.9 -154.4661309147
BLYP 0.005 -154.6 -154.1673726141
BLYP 0.005 -154.3 -153.8686151965
BLYP 0.005 -154 -153.5698586637
BLYP 0.005 -153.7 -153.2711030177
BLYP 0.005 -153.4 -152.9723482604
BLYP 0.005 -153.1 -152.6735943936
BLYP 0.005 -152.8 -152.3748414193
BLYP 0.005 -152.5 -152.0760893394
BLYP 0.005 -152.2 -151.7773381559
BLYP 0.005 -151.9 -151.4785878707
BLYP 0.005 -151.6 -151.1798384857
BLYP 0.005 -151.3 -150.881090003
BLYP 0.005 -151 -150.5823424244
BLYP 0.005 -150.7 -150.283595752
BLYP 0.005 -150.4 -149.9848499877
BLYP 0.005 -150.1 -149.6861051335
BLYP 0.005 -149.8 -149.3873611916
BLYP 0.005 -149.5 -149.0886181651
BLYP 0.005 -149.2 -148.7898760622
BLYP 0.005 -148.9 -148.4911348846
BLYP 0.005 -148.6 -148.1923946283
BLYP 0.005 -148.3 -147.8936552943
BLYP 0.005 -148 -147.5949168845
BLYP 0.005 -147.7 -147.296179401
BLYP 0.005 -147.4 -146.997442846
BLYP 0.005 -147.1 -146.6987072215
BLYP 0.005 -146.8 -146.3999725299
BLYP 0.005 -146.5 -146.1012387732
BLYP 0.005 -146.2 -145.8025059536
BLYP 0.005 -145.9 -145.5037740734
BLYP 0.005 -145.6 -145.2050431345
BLYP 0.005 -145.3 -144.9063131394
BLYP 0.005 -145 -144.6075840901
BLYP 0.005 -144.7 -144.308855989
BLYP 0.005 -144.4 -144.0101288381
BLYP 0.005 -144.1 -143.7114026398
BLYP 0.005 -143.8 -143.4126773962
BLYP 0.005 -143.5 -143.1139531098
BLYP 0.005 -143.2 -142.8152297826
BLYP 0.005 -142.9 -142.5165074171
BLYP 0.005 -142.6 -142.2177860155
BLYP 0.005 -142.3 -141.9190655802
BLYP 0.005 -142 -141.6203461135
BLYP 0.005 -141.7 -141.3216276177
BLYP 0.005 -141.4 -141.0229100954
BLYP 0.005 -141.1 -140.7241935489
BLYP 0.005 -140.8 -140.4254779808
BLYP 0.005 -140.5 -140.1267633976
BLYP 0.005 -140.2 -139.8280498156
BLYP 0.005 -139.9 -139.5293372201
BLYP 0.005 -139.6 -139.2306256129
BLYP 0.005 -139.3 -138.9319149962
BLYP 0.005 -139 -138.6332053724
BLYP 0.005 -138.7 -138.3344967438
BLYP 0.005 -138.4 -138.0357891129
BLYP 0.005 -138.1 -137.7370824821
BLYP 0.005 -137.8 -137.4383768539
BLYP 0.005 -137.5 -137.1396722307
BLYP 0.005 -137.2 -136.8409686151
BLYP 0.005 -136.9 -136.5422660095
BLYP 0.005 -136.6 -136.2435644165
BLYP 0.005 -136.3 -135.9448638386
BLYP 0.005 -136 -135.6461642783
BLYP 0.005 -135.7 -135.3474657383
BLYP 0.005 -135.4 -135.0487682212
BLYP 0.005 -135.1 -134.7500717295
BLYP 0.005 -134.8 -134.4513762658
BLYP 0.005 -134.5 -134.1526818328
BLYP 0.005 -134.2 -133.8539884332
BLYP 0.005 -133.9 -133.5552960696
BLYP 0.005 -133.6 -133.2566047447
BLYP 0.005 -133.3 -132.9579144612
BLYP 0.005 -133 -132.6592252217
BLYP 0.005 -132.7 -132.3605370291
BLYP 0.005 -132.4 -132.061849886
BLYP 0.005 -132.1 -131.7631637953
BLYP 0.005 -131.8 -131.4644787597
BLYP 0.005 -131.5 -131.1657947819
BLYP 0.005 -131.2 -130.8671118649
BLYP 0.005 -130.9 -130.5684300114
BLYP 0.005 -130.6 -130.2697492242
BLYP 0.005 -130.3 -129.9710695063
BLYP 0.005 -130 -129.6723908605
BLYP 0.005 -129.7 -129.3737132896
BLYP 0.005 -129.4 -129.0750367967
BLYP 0.005 -129.1 -128.7763613846
BLYP 0.005 -128.8 -128.4776870562
BLYP 0.005 -128.5 -128.1790138146
BLYP 0.005 -128.2 -127.8803416627
BLYP 0.005 -127.9 -127.5816706035
BLYP 0.005 -127.6 -127.28300064
BLYP 0.005 -127.3 -126.9843317753
BLYP 0.005 -127 -126.6856640125
BLYP 0.005 -126.7 -126.3869973545
BLYP 0.005 -126.4 -126.0883318045
BLYP 0.005 -126.1 -125.7896673655
BLYP 0.005 -125.8 -125.4910040408
BLYP 0.005 -125.5 -125.1923418335
BLYP 0.005 -125.2 -124.8936807468
BLYP 0.005 -124.9 -124.5950207837
BLYP 0.005 -124.6 -124.2963619477
BLYP 0.005 -124.3 -123.9977042418
BLYP 0.005 -124 -123.6990476694
BLYP 0.005 -123.7 -123.4003922337
BLYP 0.005 -123.4 -123.1017379381
BLYP 0.005 -123.1 -122.8030847859
BLYP 0.005 -122.8 -122.5044327805
BLYP 0.005 -122.5 -122.2057819256
BLYP 0.005 -122.2 -121.9071322311
BLYP 0.005 -121.9 -121.6084836957
BLYP 0.005 -121.6 -121.3098363211
BLYP 0.005 -121.3 -121.0111901106
BLYP 0.005 -121 -120.7125450676
BLYP 0.005 -120.7 -120.4139011955
BLYP 0.005 -120.4 -120.1152584978
BLYP 0.005 -120.1 -119.816616978
BLYP 0.005 -119.8 -119.5179766413
BLYP 0.005 -119.5 -119.21933749
BLYP 0.005 -119.2 -118.920699527
BLYP 0.005 -118.9 -118.622062756
BLYP 0.005 -118.6 -118.3234271807
BLYP 0.005 -118.3 -118.0247928047
BLYP 0.005 -118 -117.7261596318
BLYP 0.005 -117.7 -117.4275276657
BLYP 0.005 -117.4 -117.1288969101
BLYP 0.005 -117.1 -116.8302673688
BLYP 0.005 -116.8 -116.5316390456
BLYP 0.005 -116.5 -116.2330119445
BLYP 0.005 -116.2 -115.9343860695
BLYP 0.005 -115.9 -115.6357614241
BLYP 0.005 -115.6 -115.3371380121
BLYP 0.005 -115.3 -115.0385158377
BLYP 0.005 -115 -114.7398949046
BLYP 0.005 -114.7 -114.4412752176
BLYP 0.005 -114.4 -114.1426567807
BLYP 0.005 -114.1 -113.8440395973
BLYP 0.005 -113.8 -113.5454236716
BLYP 0.005 -113.5 -113.2468090075
BLYP 0.005 -113.2 -112.9481956093
BLYP 0.005 -112.9 -112.649583481
BLYP 0.005 -112.6 -112.3509726269
BLYP 0.005 -112.3 -112.0523630511
BLYP 0.005 -112 -111.7537547578
BLYP 0.005 -111.7 -111.4551477513
BLYP 0.005 -111.4 -111.156542036
BLYP 0.005 -111.1 -110.857937616
BLYP 0.005 -110.8 -110.5593344959
BLYP 0.005 -110.5 -110.2607326799
BLYP 0.005 -110.2 -109.9621321725
BLYP 0.005 -109.9 -109.6635329781
BLYP 0.005 -109.6 -109.3649351011
BLYP 0.005 -109.3 -109.0663385462
BLYP 0.005 -109 -108.7677433178
BLYP 0.005 -108.7 -108.4691494204
BLYP 0.005 -108.4 -108.1705568602
BLYP 0.005 -108.1 -107.8719656404
BLYP 0.005 -107.8 -107.5733757658
BLYP 0.005 -107.5 -107.274787241
BLYP 0.005 -107.2 -106.9762000709
BLYP 0.005 -106.9 -106.6776142601
BLYP 0.005 -106.6 -106.3790298136
BLYP 0.005 -106.3 -106.0804467361
BLYP 0.005 -106 -105.7818650325
BLYP 0.005 -105.7 -105.4832847084
BLYP 0.005 -105.4 -105.1847057684
BLYP 0.005 -105.1 -104.8861282173
BLYP 0.005 -104.8 -104.5875520599
BLYP 0.005 -104.5 -104.2889773029
BLYP 0.005 -104.2 -103.9904039501
BLYP 0.005 -103.9 -103.6918320065
BLYP 0.005 -103.6 -103.3932614773
BLYP 0.005 -103.3 -103.0946923678
BLYP 0.005 -103 -102.7961246832
BLYP 0.005 -102.7 -102.497558429
BLYP 0.005 -102.4 -102.1989936104
BLYP 0.005 -102.1 -101.9004302328
BLYP 0.005 -101.8 -101.6018683017
BLYP 0.005 -101.5 -101.3033078226
BLYP 0.005 -101.2 -101.0047488009
BLYP 0.005 -100.9 -100.7061912423
BLYP 0.005 -100.6 -100.4076351524
BLYP 0.005 -100.3 -100.1090805368
BLYP 0.005 -100 -99.8105274012
BLYP 0.005 -99.7 -99.5119757514
BLYP 0.005 -99.4 -99.2134255932
BLYP 0.005 -99.1 -98.9148769323
BLYP 0.005 -98.8 -98.6163297748
BLYP 0.005 -98.5 -98.3177841264
BLYP 0.005 -98.2 -98.0192399933
BLYP 0.005 -97.9 -97.7206973814
BLYP 0.005 -97.6 -97.4221562967
BLYP 0.005 -97.3 -97.1236167455
BLYP 0.005 -97 -96.8250787339
BLYP 0.005 -96.7 -96.526542268
BLYP 0.005 -96.4 -96.2280073543
BLYP 0.005 -96.1 -95.929473999
BLYP 0.005 -95.8 -95.6309422085
BLYP 0.005 -95.5 -95.3324119891
BLYP 0.005 -95.2 -95.0338833475
BLYP 0.005 -94.9 -94.7353562902
BLYP 0.005 -94.6 -94.4368308237
BLYP 0.005 -94.3 -94.1383069546
BLYP 0.005 -94 -93.8397846898
BLYP 0.005 -93.7 -93.5412640358
BLYP 0.005 -93.4 -93.2427449997
BLYP 0.005 -93.1 -92.9442275882
BLYP 0.005 -92.8 -92.6457118082
BLYP 0.005 -92.5 -92.3471976668
BLYP 0.005 -92.2 -92.048685171
BLYP 0.005 -91.9 -91.7501743279
BLYP 0.005 -91.6 -91.4516651447
BLYP 0.005 -91.3 -91.1531576287
BLYP 0.005 -91 -90.8546517871
BLYP 0.005 -90.7 -90.5561476273
BLYP 0.005 -90.4 -90.2576451566
BLYP 0.005 -90.1 -89.9591443826
BLYP 0.005 -89.8 -89.6606453127
BLYP 0.005 -89.5 -89.3621479546
BLYP 0.005 -89.2 -89.063652316
BLYP 0.005 -88.9 -88.7651584046
BLYP 0.005 -88.6 -88.4666662282
BLYP 0.005 -88.3 -88.1681757947
BLYP 0.005 -88 -87.8696871121
BLYP 0.005 -87.7 -87.5712001885
BLYP 0.005 -87.4 -87.2727150319
BLYP 0.005 -87.1 -86.9742316506
BLYP 0.005 -86.8 -86.6757500526
BLYP 0.005 -86.5 -86.3772702463
BLYP 0.005 -86.2 -86.0787922401
BLYP 0.005 -85.9 -85.7803160425
BLYP 0.005 -85.6 -85.481841662
BLYP 0.005 -85.3 -85.1833691072
BLYP 0.005 -85 -84.884898387
BLYP 0.005 -84.7 -84.5864295103
BLYP 0.005 -84.4 -84.2879624856
BLYP 0.005 -84.1 -83.989497322
BLYP 0.005 -83.8 -83.6910340284
BLYP 0.005 -83.5 -83.3925726139
BLYP 0.005 -83.2 -83.0941130877
BLYP 0.005 -82.9 -82.7956554591
BLYP 0.005 -82.6 -82.4971997373
BLYP 0.005 -82.3 -82.1987459319
BLYP 0.005 -82 -81.9002940524
BLYP 0.005 -81.7 -81.6018441084
BLYP 0.005 -81.4 -81.3033961097
BLYP 0.005 -81.1 -81.0049500659
BLYP 0.005 -80.8 -80.706505987
BLYP 0.005 -80.5 -80.408063883
BLYP 0.005 -80.2 -80.1096237639
BLYP 0.005 -79.9 -79.81118564
BLYP 0.005 -79.6 -79.5127495215
BLYP 0.005 -79.3 -79.2143154188
BLYP 0.005 -79 -78.9158833423
BLYP 0.005 -78.7 -78.6174533027
BLYP 0.005 -78.4 -78.3190253105
BLYP 0.005 -78.1 -78.0205993766
BLYP 0.005 -77.8 -77.7221755118
BLYP 0.005 -77.5 -77.4237537272
BLYP 0.005 -77.2 -77.1253340338
BLYP 0.005 -76.9 -76.8269164428
BLYP 0.005 -76.6 -76.5285009656
BLYP 0.005 -76.3 -76.2300876135
BLYP 0.005 -76 -75.931676398
BLYP 0.005 -75.7 -75.633267331
BLYP 0.005 -75.4 -75.334860424
BLYP 0.005 -75.1 -75.036455689
BLYP 0.005 -74.8 -74.7380531379
BLYP 0.005 -74.5 -74.439652783
BLYP 0.005 -74.2 -74.1412546363
BLYP 0.005 -73.9 -73.8428587104
BLYP 0.005 -73.6 -73.5444650177
BLYP 0.005 -73.3 -73.2460735707
BLYP 0.005 -73 -72.9476843822
BLYP 0.005 -72.7 -72.6492974652
BLYP 0.005 -72.4 -72.3509128325
BLYP 0.005 -72.1 -72.0525304974
BLYP 0.005 -71.8 -71.7541504731
BLYP 0.005 -71.5 -71.4557727729
BLYP 0.005 -71.2 -71.1573974105
BLYP 0.005 -70.9 -70.8590243995
BLYP 0.005 -70.6 -70.5606537538
BLYP 0.005 -70.3 -70.2622854872
BLYP 0.005 -70 -69.9639196139
BLYP 0.005 -69.7 -69.6655561482
BLYP 0.005 -69.4 -69.3671951045
BLYP 0.005 -69.1 -69.0688364973
BLYP 0.005 -68.8 -68.7704803414
BLYP 0.005 -68.5 -68.4721266515
BLYP 0.005 -68.2 -68.1737754428
BLYP 0.005 -67.9 -67.8754267303
BLYP 0.005 -67.6 -67.5770805295
BLYP 0.005 -67.3 -67.2787368559
BLYP 0.005 -67 -66.980395725
BLYP 0.005 -66.7 -66.6820571529
BLYP 0.005 -66.4 -66.3837211554
BLYP 0.005 -66.1 -66.0853877487
BLYP 0.005 -65.8 -65.7870569492
BLYP 0.005 -65.5 -65.4887287735
BLYP 0.005 -65.2 -65.1904032382
BLYP 0.005 -64.9 -64.8920803603
BLYP 0.005 -64.6 -64.5937601568
BLYP 0.005 -64.3 -64.2954426449
BLYP 0.005 -64 -63.9971278422
BLYP 0.005 -63.7 -63.6988157663
BLYP 0.005 -63.4 -63.400506435
BLYP 0.005 -63.1 -63.1021998664
BLYP 0.005 -62.8 -62.8038960787
BLYP 0.005 -62.5 -62.5055950903
BLYP 0.005 -62.2 -62.20729692
BLYP 0.005 -61.9 -61.9090015865
BLYP 0.005 -61.6 -61.6107091088
BLYP 0.005 -61.3 -61.3124195064
BLYP 0.005 -61 -61.0141327987
BLYP 0.005 -60.7 -60.7158490055
BLYP 0.005 -60.4 -60.4175681465
BLYP 0.005 -60.1 -60.1192902422
BLYP 0.005 -59.8 -59.8210153127
BLYP 0.005 -59.5 -59.5227433788
BLYP 0.005 -59.2 -59.2244744614
BLYP 0.005 -58.9 -58.9262085815
BLYP 0.005 -58.6 -58.6279457606
BLYP 0.005 -58.3 -58.3296860201
BLYP 0.005 -58 -58.031429382
BLYP 0.005 -57.7 -57.7331758683
BLYP 0.005 -57.4 -57.4349255015
BLYP 0.005 -57.1 -57.1366783041
BLYP 0.005 -56.8 -56.8384342991
BLYP 0.005 -56.5 -56.5401935096
BLYP 0.005 -56.2 -56.241955959
BLYP 0.005 -55.9 -55.943721671
BLYP 0.005 -55.6 -55.6454906697
BLYP 0.005 -55.3 -55.3472629793
BLYP 0.005 -55 -55.0490386243
BLYP 0.005 -54.7 -54.7508176297
BLYP 0.005 -54.4 -54.4526000206
BLYP 0.005 -54.1 -54.1543858224
BLYP 0.005 -53.8 -53.8561750609
BLYP 0.005 -53.5 -53.5579677623
BLYP 0.005 -53.2 -53.2597639528
BLYP 0.005 -52.9 -52.9615636592
BLYP 0.005 -52.6 -52.6633669086
BLYP 0.005 -52.3 -52.3651737283
BLYP 0.005 -52 -52.066984146
BLYP 0.005 -51.7 -51.7687981898
BLYP 0.005 -51.4 -51.4706158881
BLYP 0.005 -51.1 -51.1724372696
BLYP 0.005 -50.8 -50.8742623634
BLYP 0.005 -50.5 -50.576091199
BLYP 0.005 -50.2 -50.2779238063
BLYP 0.005 -49.9 -49.9797602154
BLYP 0.005 -49.6 -49.6816004569
BLYP 0.005 -49.3 -49.3834445618
BLYP 0.005 -49 -49.0852925615
BLYP 0.005 -48.7 -48.7871444878
BLYP 0.005 -48.4 -48.4890003727
BLYP 0.005 -48.1 -48.190860249
BLYP 0.005 -47.8 -47.8927241495
BLYP 0.005 -47.5 -47.5945921077
BLYP 0.005 -47.2 -47.2964641575
BLYP 0.005 -46.9 -46.9983403331
BLYP 0.005 -46.6 -46.7002206693
BLYP 0.005 -46.3 -46.4021052013
BLYP 0.005 -46 -46.1039939647
BLYP 0.005 -45.7 -45.8058869956
BLYP 0.005 -45.4 -45.5077843306
BLYP 0.005 -45.1 -45.2096860068
BLYP 0.005 -44.8 -44.9115920618
BLYP 0.005 -44.5 -44.6135025335
BLYP 0.005 -44.2 -44.3154174606
BLYP 0.005 -43.9 -44.0173368821
BLYP 0.005 -43.6 -43.7192608377
BLYP 0.005 -43.3 -43.4211893674
BLYP 0.005 -43 -43.123122512
BLYP 0.005 -42.7 -42.8250603127
BLYP 0.005 -42.4 -42.5270028113
BLYP 0.005 -42.1 -42.2289500501
BLYP 0.005 -41.8 -41.9309020721
BLYP 0.005 -41.5 -41.6328589208
BLYP 0.005 -41.2 -41.3348206403
BLYP 0.005 -40.9 -41.0367872755
BLYP 0.005 -40.6 -40.7387588715
BLYP 0.005 -40.3 -40.4407354746
BLYP 0.005 -40 -40.1427171312
BLYP 0.005 -39.7 -39.8447038888
BLYP 0.005 -39.4 -39.5466957952
BLYP 0.005 -39.1 -39.2486928992
BLYP 0.005 -38.8 -38.9506952501
BLYP 0.005 -38.5 -38.6527028978
BLYP 0.005 -38.2 -38.3547158933
BLYP 0.005 -37.9 -38.056734288
BLYP 0.005 -37.6 -37.7587581342
BLYP 0.005 -37.3 -37.4607874848
BLYP 0.005 -37 -37.1628223937
BLYP 0.005 -36.7 -36.8648629154
BLYP 0.005 -36.4 -36.5669091054
BLYP 0.005 -36.1 -36.2689610198
BLYP 0.005 -35.8 -35.9710187157
BLYP 0.005 -35.5 -35.673082251
BLYP 0.005 -35.2 -35.3751516845
BLYP 0.005 -34.9 -35.0772270759
BLYP 0.005 -34.6 -34.7793084856
BLYP 0.005 -34.3 -34.4813959754
BLYP 0.005 -34 -34.1834896075
BLYP 0.005 -33.7 -33.8855894454
BLYP 0.005 -33.4 -33.5876955537
BLYP 0.005 -33.1 -33.2898079975
BLYP 0.005 -32.8 -32.9919268436
BLYP 0.005 -32.5 -32.6940521593
BLYP 0.005 -32.2 -32.3961840133
BLYP 0.005 -31.9 -32.0983224754
BLYP 0.005 -31.6 -31.8004676164
BLYP 0.005 -31.3 -31.5026195084
BLYP 0.005 -31 -31.2047782249
BLYP 0.005 -30.7 -30.9069438492
BLYP 0.005 -30.4 -30.6091164595
BLYP 0.005 -30.1 -30.3112961225
BLYP 0.005 -29.8 -30.0134829162
BLYP 0.005 -29.5 -29.71567692
BLYP 0.005 -29.2 -29.4178782149
BLYP 0.005 -28.9 -29.120086883
BLYP 0.005 -28.6 -28.8223030081
BLYP 0.005 -28.3 -28.5245266754
BLYP 0.005 -28 -28.2267579716
BLYP 0.005 -27.7 -27.928996985
BLYP 0.005 -27.4 -27.6312438055
BLYP 0.005 -27.1 -27.3334985245
BLYP 0.005 -26.8 -27.0357612354
BLYP 0.005 -26.5 -26.7380320333
BLYP 0.005 -26.2 -26.4403110158
BLYP 0.005 -25.9 -26.1425982851
BLYP 0.005 -25.6 -25.8448939471
BLYP 0.005 -25.3 -25.5471980987
BLYP 0.005 -25 -25.2495108413
BLYP 0.005 -24.7 -24.9518322805
BLYP 0.005 -24.4 -24.6541625249
BLYP 0.005 -24.1 -24.3565016853
BLYP 0.005 -23.8 -24.058849875
BLYP 0.005 -23.5 -23.7612072095
BLYP 0.005 -23.2 -23.463573807
BLYP 0.005 -22.9 -23.1659497879
BLYP 0.005 -22.6 -22.8683352756
BLYP 0.005 -22.3 -22.5707303959
BLYP 0.005 -22 -22.2731352778
BLYP 0.005 -21.7 -21.9755500529
BLYP 0.005 -21.4 -21.6779748559
BLYP 0.005 -21.1 -21.380409825
BLYP 0.005 -20.8 -21.0828551013
BLYP 0.005 -20.5 -20.7853108296
BLYP 0.005 -20.2 -20.4877771582
BLYP 0.005 -19.9 -20.1902542392
BLYP 0.005 -19.6 -19.8927422287
BLYP 0.005 -19.3 -19.5952412868
BLYP 0.005 -19 -19.2977515779
BLYP 0.005 -18.7 -19.000273271
BLYP 0.005 -18.4 -18.7028065399
BLYP 0.005 -18.1 -18.4053515634
BLYP 0.005 -17.8 -18.1079085258
BLYP 0.005 -17.5 -17.8104776176
BLYP 0.005 -17.2 -17.5130590717
BLYP 0.005 -16.9 -17.215653079
BLYP 0.005 -16.6 -16.9182598253
BLYP 0.005 -16.3 -16.6208795243
BLYP 0.005 -16 -16.3235123975
BLYP 0.005 -15.7 -16.0261586737
BLYP 0.005 -15.4 -15.7288185904
BLYP 0.005 -15.1 -15.4314923929
BLYP 0.005 -14.8 -15.1341803358
BLYP 0.005 -14.5 -14.8368826963
BLYP 0.005 -14.2 -14.5395997477
BLYP 0.005 -13.9 -14.2423317619
BLYP 0.005 -13.6 -13.9450790376
BLYP 0.005 -13.3 -13.6478418858
BLYP 0.005 -13 -13.3506206511
BLYP 0.005 -12.7 -13.053415684
BLYP 0.005 -12.4 -12.7562273128
BLYP 0.005 -12.1 -12.4590559073
BLYP 0.005 -11.8 -12.1619018558
BLYP 0.005 -11.5 -11.8647655676
BLYP 0.005 -11.2 -11.5676474803
BLYP 0.005 -10.9 -11.2705480522
BLYP 0.005 -10.6 -10.9734677476
BLYP 0.005 -10.3 -10.6764070729
BLYP 0.005 -10 -10.3793665642
BLYP 0.005 -9.7 -10.0823467848
BLYP 0.005 -9.4 -9.7853483349
BLYP 0.005 -9.1 -9.488371853
BLYP 0.005 -8.8 -9.1914180194
BLYP 0.005 -8.5 -8.8944875605
BLYP 0.005 -8.2 -8.597581253
BLYP 0.005 -7.9 -8.3006999298
BLYP 0.005 -7.6 -8.0038444849
BLYP 0.005 -7.3 -7.7070158809
BLYP 0.005 -7 -7.4102151559
BLYP 0.005 -6.7 -7.113443432
BLYP 0.005 -6.4 -6.8167019252
BLYP 0.005 -6.1 -6.5199919562
BLYP 0.005 -5.8 -6.2233149624
BLYP 0.005 -5.5 -5.9266725129
BLYP 0.005 -5.2 -5.6300663244
BLYP 0.005 -4.9 -5.3334982798
BLYP 0.005 -4.6 -5.0369704503
BLYP 0.005 -4.3 -4.7404851197
BLYP 0.005 -4 -4.4440448134
BLYP 0.005 -3.7 -4.1476523318
BLYP 0.005 -3.4 -3.851310789
BLYP 0.005 -3.1 -3.5550236575
BLYP 0.005 -2.8 -3.2587948206
BLYP 0.005 -2.5 -2.9626286338
BLYP 0.005 -2.2 -2.6665299962
BLYP 0.005 -1.9 -2.3705044336
BLYP 0.005 -1.6 -2.0745581963
BLYP 0.005 -1.3 -1.7786983736
BLYP 0.005 -1 -1.4829330266
BLYP 0.005 -0.7 -1.1872713445
BLYP 0.005 -0.4 -0.8917238249
BLYP 0.005 -0.1 -0.5963024837
BLYP 0.005 0.2 -0.3010210955
BLYP 0.005 0.5 -0.0058954681
BLYP 0.005 0.8 0.2890562481
BLYP 0.005 1.1 0.5838132182
BLYP 0.005 1.4 0.8783515509
BLYP 0.005 1.7 1.1726439074
BLYP 0.005 2 1.466659106
BLYP 0.005 2.3 1.7603617433
BLYP 0.005 2.6 2.0537118637
BLYP 0.005 2.9 2.3466647113
BLYP 0.005 3.2 2.6391706034
BLYP 0.005 3.5 2.93117496
BLYP 0.005 3.8 3.2226185132
BLYP 0.005 4.1 3.5134376968
BLYP 0.005 4.4 3.803565186
BLYP 0.005 4.7 4.0929305201
BLYP 0.005 5 4.3814606851
BLYP 0.005 5.3 4.6690804703
BLYP 0.005 5.6 4.9557122769
BLYP 0.005 5.9 5.2412748166
BLYP 0.005 6.2 5.5256799361
BLYP 0.005 6.5 5.8088336725
BLYP 0.005 6.8 6.0906847398
BLYP 0.005 7.1 6.3712795193
BLYP 0.005 7.4 6.6507456022
BLYP 0.005 7.7 6.9292514395
BLYP 0.005 8 7.206978778
BLYP 0.005 8.3 7.4840772093
BLYP 0.005 8.6 7.760664519
BLYP 0.005 8.9 8.0368394559
BLYP 0.005 9.2 8.312675229
BLYP 0.005 9.5 8.5882242598
BLYP 0.005 9.8 8.8635311004
BLYP 0.005 10.1 9.1386333768
BLYP 0.005 10.4 9.413560411
BLYP 0.005 10.7 9.6883345647
BLYP 0.005 11 9.9629729493
BLYP 0.005 11.3 10.2374891684
BLYP 0.005 11.6 10.5118947072
BLYP 0.005 11.9 10.7861992491
BLYP 0.005 12.2 11.0604109722
BLYP 0.005 12.5 11.3345369003
BLYP 0.005 12.8 11.608583156
BLYP 0.005 13.1 11.8825551364
BLYP 0.005 13.4 12.1564576468
BLYP 0.005 13.7 12.4302950068
BLYP 0.005 14 12.7040711175
BLYP 0.005 14.3 12.9777895012
BLYP 0.005 14.6 13.2514533299
BLYP 0.005 14.9 13.5250650774
BLYP 0.005 15.2 13.7986273175
BLYP 0.005 15.5 14.072139272
BLYP 0.005 15.8 14.3456041127
BLYP 0.005 16.1 14.6190258348
BLYP 0.005 16.4 14.8924073228
BLYP 0.005 16.7 15.1657503868
BLYP 0.005 17 15.4390566606
BLYP 0.005 17.3 15.7123276187
BLYP 0.005 17.6 15.9855645097
BLYP 0.005 17.9 16.2587632077
BLYP 0.005 18.2 16.5319283851
BLYP 0.005 18.5 16.8050634837
BLYP 0.005 18.8 17.0781686288
BLYP 0.005 19.1 17.3512452373
BLYP 0.005 19.4 17.6242952902
BLYP 0.005 19.7 17.8973196585
BLYP 0.005 20 18.1703190748
BLYP 0.005 20.3 18.443294685
BLYP 0.005 20.6 18.7162472973
BLYP 0.005 20.9 18.9891776702
BLYP 0.005 21.2 19.2620865204
BLYP 0.005 21.5 19.5349745269
BLYP 0.005 21.8 19.8078423341
BLYP 0.005 22.1 20.0806905543
BLYP 0.005 22.4 20.3535197694
BLYP 0.005 22.7 20.6263305325
BLYP 0.005 23 20.8991233683
BLYP 0.005 23.3 21.1718987745
BLYP 0.005 23.6 21.4446572129
BLYP 0.005 23.9 21.7173990799
BLYP 0.005 24.2 21.9901248297
BLYP 0.005 24.5 22.2628347929
BLYP 0.005 24.8 22.5355262388
BLYP 0.005 25.1 22.8081988628
BLYP 0.005 25.4 23.0808570147
BLYP 0.005 25.7 23.3535011384
BLYP 0.005 26 23.6261315411
BLYP 0.005 26.3 23.89874873
BLYP 0.005 26.6 24.1713530521
BLYP 0.005 26.9 24.4439448339
BLYP 0.005 27.2 24.7165243848
BLYP 0.005 27.5 24.9890920019
BLYP 0.005 27.8 25.2616479718
BLYP 0.005 28.1 25.5341925683
BLYP 0.005 28.4 25.8067260547
BLYP 0.005 28.7 26.0792486847
BLYP 0.005 29 26.351760703
BLYP 0.005 29.3 26.6242623456
BLYP 0.005 29.6 26.8967538405
BLYP 0.005 29.9 27.1692354079
BLYP 0.005 30.2 27.4417072609
BLYP 0.005 30.5 27.7141696054
BLYP 0.005 30.8 27.9866226409
BLYP 0.005 31.1 28.2590665605
BLYP 0.005 31.4 28.5315015512
BLYP 0.005 31.7 28.8039277942
BLYP 0.005 32 29.0763454652
BLYP 0.005 32.3 29.3487547348
BLYP 0.005 32.6 29.6211557681
BLYP 0.005 32.9 29.8935487257
BLYP 0.005 33.2 30.1659337634
BLYP 0.005 33.5 30.4383110323
BLYP 0.005 33.8 30.7106806795
BLYP 0.005 34.1 30.9830428478
BLYP 0.005 34.4 31.255397676
BLYP 0.005 34.7 31.5277452989
BLYP 0.005 35 31.8000858479
BLYP 0.005 35.3 32.0724194506
BLYP 0.005 35.6 32.3447462314
BLYP 0.005 35.9 32.6170663111
BLYP 0.005 36.2 32.8893798076
BLYP 0.005 36.5 33.1616868355
BLYP 0.005 36.8 33.4339875065
BLYP 0.005 37.1 33.7062819294
BLYP 0.005 37.4 33.9785702102
BLYP 0.005 37.7 34.2508524523
BLYP 0.005 38 34.5231287565
BLYP 0.005 38.3 34.7953992211
BLYP 0.005 38.6 35.0676639418
BLYP 0.005 38.9 35.3399230122
BLYP 0.005 39.2 35.6121765236
BLYP 0.005 39.5 35.8844245649
BLYP 0.005 39.8 36.1566672231
BLYP 0.005 40.1 36.428904583
BLYP 0.005 40.4 36.7011367275
BLYP 0.005 40.7 36.9733637375
BLYP 0.005 41 37.245585692
BLYP 0.005 41.3 37.5178026683
BLYP 0.005 41.6 37.7900147418
BLYP 0.005 41.9 38.0622219862
BLYP 0.005 42.2 38.3344244738
BLYP 0.005 42.5 38.6066222748
BLYP 0.005 42.8 38.8788154582
BLYP 0.005 43.1 39.1510040914
BLYP 0.005 43.4 39.4231882402
BLYP 0.005 43.7 39.695367969
BLYP 0.005 44 39.967543341
BLYP 0.005 44.3 40.2397144177
BLYP 0.005 44.6 40.5118812594
BLYP 0.005 44.9 40.7840439253
BLYP 0.005 45.2 41.0562024729
BLYP 0.005 45.5 41.3283569588
BLYP 0.005 45.8 41.6005074382
BLYP 0.005 46.1 41.8726539653
BLYP 0.005 46.4 42.1447965929
BLYP 0.005 46.7 42.4169353728
BLYP 0.005 47 42.6890703555
BLYP 0.005 47.3 42.9612015905
BLYP 0.005 47.6 43.2333291261
BLYP 0.005 47.9 43.5054530095
BLYP 0.005 48.2 43.7775732866
BLYP 0.005 48.5 44.0496900022
BLYP 0.005 48.8 44.3218031999
BLYP 0.005 49.1 44.5939129218
BLYP 0.005 49.4 44.8660192083
BLYP 0.005 49.7 45.1381220982
BLYP 0.005 50 45.4102216276
BLYP 0.005 50.3 45.682317829
BLYP 0.005 50.6 45.9544107285
BLYP 0.005 50.9 46.2265003368
BLYP 0.005 51.2 46.4985853139
BLYP 0.005 51.5 46.7706656083
BLYP 0.005 51.8 47.0427427563
BLYP 0.005 52.1 47.314816827
BLYP 0.005 52.4 47.5868878727
BLYP 0.005 52.7 47.8589559394
BLYP 0.005 53 48.1310210688
BLYP 0.005 53.3 48.4030833007
BLYP 0.005 53.6 48.6751426725
BLYP 0.005 53.9 48.9471992208
BLYP 0.005 54.2 49.2192529806
BLYP 0.005 54.5 49.4913039861
BLYP 0.005 54.8 49.7633522707
BLYP 0.005 55.1 50.0353978667
BLYP 0.005 55.4 50.307440806
BLYP 0.005 55.7 50.5794811196
BLYP 0.005 56 50.8515188381
BLYP 0.005 56.3 51.1235539912
BLYP 0.005 56.6 51.3955866082
BLYP 0.005 56.9 51.6676167178
BLYP 0.005 57.2 51.9396443482
BLYP 0.005 57.5 52.211669527
BLYP 0.005 57.8 52.4836922816
BLYP 0.005 58.1 52.7557126385
BLYP 0.005 58.4 53.027730624
BLYP 0.005 58.7 53.299746264
BLYP 0.005 59 53.5717595838
BLYP 0.005 59.3 53.8437706084
BLYP 0.005 59.6 54.1157793622
BLYP 0.005 59.9 54.3877858695
BLYP 0.005 60.2 54.659790154
BLYP 0.005 60.5 54.9317922391
BLYP 0.005 60.8 55.2037921477
BLYP 0.005 61.1 55.4757899026
BLYP 0.005 61.4 55.747785526
BLYP 0.005 61.7 56.0197790398
BLYP 0.005 62 56.2917704657
BLYP 0.005 62.3 56.563759825
BLYP 0.005 62.6 56.8357471386
BLYP 0.005 62.9 57.1077324271
BLYP 0.005 63.2 57.3797157109
BLYP 0.005 63.5 57.65169701
BLYP 0.005 63.8 57.9236763442
BLYP 0.005 64.1 58.1956537329
BLYP 0.005 64.4 58.4676291953
BLYP 0.005 64.7 58.7396027503
BLYP 0.005 65 59.0115744164
BLYP 0.005 65.3 59.2835442121
BLYP 0.005 65.6 59.5555121554
BLYP 0.005 65.9 59.8274782642
BLYP 0.005 66.2 60.099442556
BLYP 0.005 66.5 60.3714050483
BLYP 0.005 66.8 60.643365758
BLYP 0.005 67.1 60.9153247022
BLYP 0.005 67.4 61.1872818973
BLYP 0.005 67.7 61.4592373599
BLYP 0.005 68 61.7311911062
BLYP 0.005 68.3 62.003143152
BLYP 0.005 68.6 62.2750935132
BLYP 0.005 68.9 62.5470422054
BLYP 0.005 69.2 62.8189892439
BLYP 0.005 69.5 63.0909346438
BLYP 0.005 69.8 63.3628784201
BLYP 0.005 70.1 63.6348205877
BLYP 0.005 70.4 63.906761161
BLYP 0.005 70.7 64.1787001546
BLYP 0.005 71 64.4506375825
BLYP 0.005 71.3 64.722573459
BLYP 0.005 71.6 64.9945077979
BLYP 0.005 71.9 65.2664406128
BLYP 0.005 72.2 65.5383719174
BLYP 0.005 72.5 65.8103017249
BLYP 0.005 72.8 66.0822300487
BLYP 0.005 73.1 66.3541569017
BLYP 0.005 73.4 66.6260822969
BLYP 0.005 73.7 66.8980062469
BLYP 0.005 74 67.1699287643
BLYP 0.005 74.3 67.4418498617
BLYP 0.005 74.6 67.7137695511
BLYP 0.005 74.9 67.9856878447
BLYP 0.005 75.2 68.2576047544
BLYP 0.005 75.5 68.5295202922
BLYP 0.005 75.8 68.8014344695
BLYP 0.005 76.1 69.073347298
BLYP 0.005 76.4 69.3452587889
BLYP 0.005 76.7 69.6171689536
BLYP 0.005 77 69.8890778031
BLYP 0.005 77.3 70.1609853484
BLYP 0.005 77.6 70.4328916003
BLYP 0.005 77.9 70.7047965694
BLYP 0.005 78.2 70.9767002664
BLYP 0.005 78.5 71.2486027016
BLYP 0.005 78.8 71.5205038854
BLYP 0.005 79.1 71.7924038279
BLYP 0.005 79.4 72.0643025391
BLYP 0.005 79.7 72.3362000291
BLYP 0.005 80 72.6080963075
BLYP 0.005 80.3 72.8799913842
BLYP 0.005 80.6 73.1518852686
BLYP 0.005 80.9 73.4237779702
BLYP 0.005 81.2 73.6956694984
BLYP 0.005 81.5 73.9675598623
BLYP 0.005 81.8 74.239449071
BLYP 0.005 82.1 74.5113371337
BLYP 0.005 82.4 74.783224059
BLYP 0.005 82.7 75.0551098557
BLYP 0.005 83 75.3269945324
BLYP 0.005 83.3 75.5988780974
BLYP 0.005 83.6 75.8707605589
BLYP 0.005 83.9 76.1426418813
BLYP 0.005 84.2 76.4145220911
BLYP 0.005 84.5 76.6864012224
BLYP 0.005 84.8 76.9582792838
BLYP 0.005 85.1 77.2301562835
BLYP 0.005 85.4 77.5020322297
BLYP 0.005 85.7 77.7739071303
BLYP 0.005 86 78.0457809934
BLYP 0.005 86.3 78.3176538266
BLYP 0.005 86.6 78.5895256377
BLYP 0.005 86.9 78.8613964342
BLYP 0.005 87.2 79.1332662237
BLYP 0.005 87.5 79.4051350136
BLYP 0.005 87.8 79.6770028112
BLYP 0.005 88.1 79.9488696238
BLYP 0.005 88.4 80.2207354585
BLYP 0.005 88.7 80.4926003225
BLYP 0.005 89 80.7644642228
BLYP 0.005 89.3 81.0363271662
BLYP 0.005 89.6 81.3081891598
BLYP 0.005 89.9 81.5800502102
BLYP 0.005 90.2 81.8519103243
BLYP 0.005 90.5 82.1237695085
BLYP 0.005 90.8 82.3956277697
BLYP 0.005 91.1 82.6674851141
BLYP 0.005 91.4 82.9393415484
BLYP 0.005 91.7 83.2111970788
BLYP 0.005 92 83.4830517117
BLYP 0.005 92.3 83.7549054534
BLYP 0.005 92.6 84.0267583099
BLYP 0.005 92.9 84.2986102875
BLYP 0.005 93.2 84.5704613921
BLYP 0.005 93.5 84.8423116298
BLYP 0.005 93.8 85.1141610066
BLYP 0.005 94.1 85.3860095282
BLYP 0.005 94.4 85.6578572005
BLYP 0.005 94.7 85.9297040293
BLYP 0.005 95 86.2015500202
BLYP 0.005 95.3 86.4733951789
BLYP 0.005 95.6 86.745239511
BLYP 0.005 95.9 87.0170830221
BLYP 0.005 96.2 87.2889257175
BLYP 0.005 96.5 87.5607676027
BLYP 0.005 96.8 87.8326086831
BLYP 0.005 97.1 88.104448964
BLYP 0.005 97.4 88.3762884507
BLYP 0.005 97.7 88.6481271484
BLYP 0.005 98 88.9199650622
BLYP 0.005 98.3 89.1918021972
BLYP 0.005 98.6 89.4636385586
BLYP 0.005 98.9 89.7354741514
BLYP 0.005 99.2 90.0073089804
BLYP 0.005 99.5 90.2791430507
BLYP 0.005 99.8 90.5509763671
BLYP 0.005 100.1 90.8228089344
BLYP 0.005 100.4 91.0946407574
BLYP 0.005 100.7 91.3664718409
BLYP 0.005 101 91.6383021896
BLYP 0.005 101.3 91.9101318081
BLYP 0.005 101.6 92.181960701
BLYP 0.005 101.9 92.4537888728
BLYP 0.005 102.2 92.7256163282
BLYP 0.005 102.5 92.9974430715
BLYP 0.005 102.8 93.2692691073
BLYP 0.005 103.1 93.5410944399
BLYP 0.005 103.4 93.8129190737
BLYP 0.005 103.7 94.0847430129
BLYP 0.005 104 94.356566262
BLYP 0.005 104.3 94.6283888251
BLYP 0.005 104.6 94.9002107063
BLYP 0.005 104.9 95.17203191
BLYP 0.005 105.2 95.4438524402
BLYP 0.005 105.5 95.7156723011
BLYP 0.005 105.8 95.9874914965
BLYP 0.005 106.1 96.2593100307
BLYP 0.005 106.4 96.5311279075
BLYP 0.005 106.7 96.802945131
BLYP 0.005 107 97.0747617049
BLYP 0.005 107.3 97.3465776333
BLYP 0.005 107.6 97.6183929199
BLYP 0.005 107.9 97.8902075686
BLYP 0.005 108.2 98.1620215832
BLYP 0.005 108.5 98.4338349673
BLYP 0.005 108.8 98.7056477247
BLYP 0.005 109.1 98.9774598591
BLYP 0.005 109.4 99.2492713741
BLYP 0.005 109.7 99.5210822733
BLYP 0.005 110 99.7928925604
BLYP 0.005 110.3 100.0647022389
BLYP 0.005 110.6 100.3365113123
BLYP 0.005 110.9 100.6083197841
BLYP 0.005 111.2 100.8801276577
BLYP 0.005 111.5 101.1519349367
BLYP 0.005 111.8 101.4237416244
BLYP 0.005 112.1 101.6955477242
BLYP 0.005 112.4 101.9673532395
BLYP 0.005 112.7 102.2391581735
BLYP 0.005 113 102.5109625296
BLYP 0.005 113.3 102.782766311
BLYP 0.005 113.6 103.0545695211
BLYP 0.005 113.9 103.3263721629
BLYP 0.005 114.2 103.5981742397
BLYP 0.005 114.5 103.8699757546
BLYP 0.005 114.8 104.1417767108
BLYP 0.005 115.1 104.4135771114
BLYP 0.005 115.4 104.6853769595
BLYP 0.005 115.7 104.9571762581
BLYP 0.005 116 105.2289750103
BLYP 0.005 116.3 105.500773219
BLYP 0.005 116.6 105.7725708874
BLYP 0.005 116.9 106.0443680182
BLYP 0.005 117.2 106.3161646145
BLYP 0.005 117.5 106.5879606792
BLYP 0.005 117.8 106.8597562152
BLYP 0.005 118.1 107.1315512254
BLYP 0.005 118.4 107.4033457125
BLYP 0.005 118.7 107.6751396794
BLYP 0.005 119 107.9469331289
BLYP 0.005 119.3 108.2187260639
BLYP 0.005 119.6 108.490518487
BLYP 0.005 119.9 108.762310401
BLYP 0.005 120.2 109.0341018086
BLYP 0.005 120.5 109.3058927124
BLYP 0.005 120.8 109.5776831153
BLYP 0.005 121.1 109.8494730198
BLYP 0.005 121.4 110.1212624285
BLYP 0.005 121.7 110.3930513441
BLYP 0.005 122 110.6648397692
BLYP 0.005 122.3 110.9366277063
BLYP 0.005 122.6 111.208415158
BLYP 0.005 122.9 111.4802021267
BLYP 0.005 123.2 111.7519886152
BLYP 0.005 123.5 112.0237746257
BLYP 0.005 123.8 112.2955601608
BLYP 0.005 124.1 112.567345223
BLYP 0.005 124.4 112.8391298147
BLYP 0.005 124.7 113.1109139383
BLYP 0.005 125 113.3826975962
BLYP 0.005 125.3 113.6544807909
BLYP 0.005 125.6 113.9262635246
BLYP 0.005 125.9 114.1980457997
BLYP 0.005 126.2 114.4698276185
BLYP 0.005 126.5 114.7416089835
BLYP 0.005 126.8 115.0133898968
BLYP 0.005 127.1 115.2851703607
BLYP 0.005 127.4 115.5569503776
BLYP 0.005 127.7 115.8287299496
BLYP 0.005 128 116.100509079
BLYP 0.005 128.3 116.372287768
BLYP 0.005 128.6 116.6440660189
BLYP 0.005 128.9 116.9158438337
BLYP 0.005 129.2 117.1876212147
BLYP 0.005 129.5 117.459398164
BLYP 0.005 129.8 117.7311746837
BLYP 0.005 130.1 118.0029507761
BLYP 0.005 130.4 118.2747264431
BLYP 0.005 130.7 118.5465016869
BLYP 0.005 131 118.8182765096
BLYP 0.005 131.3 119.0900509132
BLYP 0.005 131.6 119.3618248998
BLYP 0.005 131.9 119.6335984714
BLYP 0.005 132.2 119.9053716301
BLYP 0.005 132.5 120.1771443778
BLYP 0.005 132.8 120.4489167165
BLYP 0.005 133.1 120.7206886483
BLYP 0.005 133.4 120.992460175
BLYP 0.005 133.7 121.2642312987
BLYP 0.005 134 121.5360020213
BLYP 0.005 134.3 121.8077723447
BLYP 0.005 134.6 122.0795422708
BLYP 0.005 134.9 122.3513118015
BLYP 0.005 135.2 122.6230809388
BLYP 0.005 135.5 122.8948496845
BLYP 0.005 135.8 123.1666180404
BLYP 0.005 136.1 123.4383860084
BLYP 0.005 136.4 123.7101535903
BLYP 0.005 136.7 123.981920788
BLYP 0.005 137 124.2536876033
BLYP 0.005 137.3 124.5254540379
BLYP 0.005 137.6 124.7972200938
BLYP 0.005 137.9 125.0689857725
BLYP 0.005 138.2 125.340751076
BLYP 0.005 138.5 125.6125160059
BLYP 0.005 138.8 125.884280564
BLYP 0.005 139.1 126.156044752
BLYP 0.005 139.4 126.4278085716
BLYP 0.005 139.7 126.6995720246
BLYP 0.005 140 126.9713351127
BLYP 0.005 140.3 127.2430978374
BLYP 0.005 140.6 127.5148602006
BLYP 0.005 140.9 127.7866222037
BLYP 0.005 141.2 128.0583838486
BLYP 0.005 141.5 128.3301451368
BLYP 0.005 141.8 128.60190607
BLYP 0.005 142.1 128.8736666497
BLYP 0.005 142.4 129.1454268777
BLYP 0.005 142.7 129.4171867554
BLYP 0.005 143 129.6889462844
BLYP 0.005 143.3 129.9607054664
BLYP 0.005 143.6 130.2324643029
BLYP 0.005 143.9 130.5042227954
BLYP 0.005 144.2 130.7759809456
BLYP 0.005 144.5 131.0477387548
BLYP 0.005 144.8 131.3194962247
BLYP 0.005 145.1 131.5912533568
BLYP 0.005 145.4 131.8630101525
BLYP 0.005 145.7 132.1347666134
BLYP 0.005 146 132.4065227409
BLYP 0.005 146.3 132.6782785366
BLYP 0.005 146.6 132.9500340018
BLYP 0.005 146.9 133.221789138
BLYP 0.005 147.2 133.4935439468
BLYP 0.005 147.5 133.7652984294
BLYP 0.005 147.8 134.0370525875
BLYP 0.005 148.1 134.3088064222
BLYP 0.005 148.4 134.5805599352
BLYP 0.005 148.7 134.8523131277
BLYP 0.005 149 135.1240660012
BLYP 0.005 149.3 135.395818557
BLYP 0.005 149.6 135.6675707965
BLYP 0.005 149.9 135.9393227212
BLYP 0.005 150.2 136.2110743323
BLYP 0.005 150.5 136.4828256312
BLYP 0.005 150.8 136.7545766192
BLYP 0.005 151.1 137.0263272976
BLYP 0.005 151.4 137.2980776679
BLYP 0.005 151.7 137.5698277313
BLYP 0.005 152 137.841577489
BLYP 0.005 152.3 138.1133269425
BLYP 0.005 152.6 138.385076093
BLYP 0.005 152.9 138.6568249417
BLYP 0.005 153.2 138.92857349
BLYP 0.005 153.5 139.2003217392
BLYP 0.005 153.8 139.4720696904
BLYP 0.005 154.1 139.7438173449
BLYP 0.005 154.4 140.015564704
BLYP 0.005 154.7 140.2873117689
BLYP 0.005 155 140.5590585409
BLYP 0.005 155.3 140.8308050211
BLYP 0.005 155.6 141.1025512108
BLYP 0.005 155.9 141.3742971112
BLYP 0.005 156.2 141.6460427234
BLYP 0.005 156.5 141.9177880488
BLYP 0.005 156.8 142.1895330883
BLYP 0.005 157.1 142.4612778434
BLYP 0.005 157.4 142.733022315
BLYP 0.005 157.7 143.0047665043
BLYP 0.005 158 143.2765104126
BLYP 0.005 158.3 143.548254041
BLYP 0.005 158.6 143.8199973906
BLYP 0.005 158.9 144.0917404625
BLYP 0.005 159.2 144.3634832579
BLYP 0.005 159.5 144.6352257779
BLYP 0.005 159.8 144.9069680236
BLYP 0.005 160.1 145.1787099962
BLYP 0.005 160.4 145.4504516966
BLYP 0.005 160.7 145.7221931261
BLYP 0.005 161 145.9939342857
BLYP 0.005 161.3 146.2656751765
BLYP 0.005 161.6 146.5374157996
BLYP 0.005 161.9 146.809156156
BLYP 0.005 162.2 147.0808962468
BLYP 0.005 162.5 147.3526360731
BLYP 0.005 162.8 147.6243756359
BLYP 0.005 163.1 147.8961149363
BLYP 0.005 163.4 148.1678539752
BLYP 0.005 163.7 148.4395927538
BLYP 0.005 164 148.7113312731
BLYP 0.005 164.3 148.983069534
BLYP 0.005 164.6 149.2548075377
BLYP 0.005 164.9 149.526545285
BLYP 0.005 165.2 149.7982827771
BLYP 0.005 165.5 150.0700200149
BLYP 0.005 165.8 150.3417569994
BLYP 0.005 166.1 150.6134937316
BLYP 0.005 166.4 150.8852302125
BLYP 0.005 166.7 151.156966443
BLYP 0.005 167 151.4287024241
BLYP 0.005 167.3 151.7004381568
BLYP 0.005 167.6 151.9721736421
BLYP 0.005 167.9 152.2439088809
BLYP 0.005 168.2 152.5156438741
BLYP 0.005 168.5 152.7873786227
BLYP 0.005 168.8 153.0591131277
BLYP 0.005 169.1 153.3308473899
BLYP 0.005 169.4 153.6025814103
BLYP 0.005 169.7 153.8743151898
BLYP 0.005 170 154.1460487294
BLYP 0.005 170.3 154.4177820299
BLYP 0.005 170.6 154.6895150923
BLYP 0.005 170.9 154.9612479174
BLYP 0.005 171.2 155.2329805061
BLYP 0.005 171.5 155.5047128594
BLYP 0.005 171.8 155.7764449782
BLYP 0.005 172.1 156.0481768632
BLYP 0.005 172.4 156.3199085155
BLYP 0.005 172.7 156.5916399358
BLYP 0.005 173 156.863371125
BLYP 0.005 173.3 157.1351020841
BLYP 0.005 173.6 157.4068328138
BLYP 0.005 173.9 157.678563315
BLYP 0.005 174.2 157.9502935885
BLYP 0.005 174.5 158.2220236353
BLYP 0.005 174.8 158.4937534561
