Functional Exponent Coefficient Energy
BLYP 50 -100 -9.9122179187
BLYP 50 -99.85 -9.8727252155
BLYP 50 -99.7 -9.8333054148
BLYP 50 -99.55 -9.7939586581
BLYP 50 -99.4 -9.7546850875
BLYP 50 -99.25 -9.715484845
BLYP 50 -99.1 -9.676358073
BLYP 50 -98.95 -9.6373049139
BLYP 50 -98.8 -9.5983255103
BLYP 50 -98.65 -9.5594200049
BLYP 50 -98.5 -9.5205885408
BLYP 50 -98.35 -9.4818312613
BLYP 50 -98.2 -9.4431483113
BLYP 50 -98.05 -9.4045398325
BLYP 50 -97.9 -9.3660059684
BLYP 50 -97.75 -9.3275468626
BLYP 50 -97.6 -9.2891626592
BLYP 50 -97.45 -9.2508535021
BLYP 50 -97.3 -9.2126195355
BLYP 50 -97.15 -9.1744609036
BLYP 50 -97 -9.136377751
BLYP 50 -96.85 -9.0983702222
BLYP 50 -96.7 -9.0604384619
BLYP 50 -96.55 -9.0225826149
BLYP 50 -96.4 -8.9848028261
BLYP 50 -96.25 -8.9470992418
BLYP 50 -96.1 -8.9094720071
BLYP 50 -95.95 -8.8719212663
BLYP 50 -95.8 -8.834447165
BLYP 50 -95.65 -8.7970498488
BLYP 50 -95.5 -8.7597294633
BLYP 50 -95.35 -8.7224861543
BLYP 50 -95.2 -8.6853200677
BLYP 50 -95.05 -8.6482313495
BLYP 50 -94.9 -8.6112201458
BLYP 50 -94.75 -8.5742866027
BLYP 50 -94.6 -8.5374308666
BLYP 50 -94.45 -8.5006530838
BLYP 50 -94.3 -8.4639534006
BLYP 50 -94.15 -8.4273319637
BLYP 50 -94 -8.3907889196
BLYP 50 -93.85 -8.354324415
BLYP 50 -93.7 -8.3179385966
BLYP 50 -93.55 -8.2816316113
BLYP 50 -93.4 -8.2454036058
BLYP 50 -93.25 -8.2092547271
BLYP 50 -93.1 -8.1731851222
BLYP 50 -92.95 -8.137194938
BLYP 50 -92.8 -8.1012843217
BLYP 50 -92.65 -8.0654534204
BLYP 50 -92.5 -8.0297023811
BLYP 50 -92.35 -7.9940313511
BLYP 50 -92.2 -7.9584404775
BLYP 50 -92.05 -7.9229299077
BLYP 50 -91.9 -7.8874997887
BLYP 50 -91.75 -7.8521502679
BLYP 50 -91.6 -7.8168814926
BLYP 50 -91.45 -7.7816936099
BLYP 50 -91.3 -7.7465867672
BLYP 50 -91.15 -7.7115611118
BLYP 50 -91 -7.6766167908
BLYP 50 -90.85 -7.6417539516
BLYP 50 -90.7 -7.6069727413
BLYP 50 -90.55 -7.5722733071
BLYP 50 -90.4 -7.5376557962
BLYP 50 -90.25 -7.5031203557
BLYP 50 -90.1 -7.4686671327
BLYP 50 -89.95 -7.4342962741
BLYP 50 -89.8 -7.4000079271
BLYP 50 -89.65 -7.3658022385
BLYP 50 -89.5 -7.3316793552
BLYP 50 -89.35 -7.2976394239
BLYP 50 -89.2 -7.2636825914
BLYP 50 -89.05 -7.2298090042
BLYP 50 -88.9 -7.196018809
BLYP 50 -88.75 -7.1623121521
BLYP 50 -88.6 -7.12868918
BLYP 50 -88.45 -7.0951500387
BLYP 50 -88.3 -7.0616948746
BLYP 50 -88.15 -7.0283238334
BLYP 50 -88 -6.9950370612
BLYP 50 -87.85 -6.9618347037
BLYP 50 -87.7 -6.9287169064
BLYP 50 -87.55 -6.8956838147
BLYP 50 -87.4 -6.8627355741
BLYP 50 -87.25 -6.8298723296
BLYP 50 -87.1 -6.7970942261
BLYP 50 -86.95 -6.7644014085
BLYP 50 -86.8 -6.7317940213
BLYP 50 -86.65 -6.699272209
BLYP 50 -86.5 -6.6668361157
BLYP 50 -86.35 -6.6344858855
BLYP 50 -86.2 -6.6022216621
BLYP 50 -86.05 -6.5700435891
BLYP 50 -85.9 -6.5379518097
BLYP 50 -85.75 -6.5059464672
BLYP 50 -85.6 -6.4740277043
BLYP 50 -85.45 -6.4421956636
BLYP 50 -85.3 -6.4104504874
BLYP 50 -85.15 -6.3787923177
BLYP 50 -85 -6.3472212964
BLYP 50 -84.85 -6.3157375648
BLYP 50 -84.7 -6.2843412641
BLYP 50 -84.55 -6.2530325353
BLYP 50 -84.4 -6.2218115188
BLYP 50 -84.25 -6.1906783548
BLYP 50 -84.1 -6.1596331831
BLYP 50 -83.95 -6.1286761434
BLYP 50 -83.8 -6.0978073748
BLYP 50 -83.65 -6.067027016
BLYP 50 -83.5 -6.0363352055
BLYP 50 -83.35 -6.0057320812
BLYP 50 -83.2 -5.975217781
BLYP 50 -83.05 -5.9447924418
BLYP 50 -82.9 -5.9144562006
BLYP 50 -82.75 -5.8842091937
BLYP 50 -82.6 -5.8540515571
BLYP 50 -82.45 -5.8239834262
BLYP 50 -82.3 -5.7940049361
BLYP 50 -82.15 -5.7641162213
BLYP 50 -82 -5.7343174158
BLYP 50 -81.85 -5.7046086532
BLYP 50 -81.7 -5.6749900665
BLYP 50 -81.55 -5.6454617884
BLYP 50 -81.4 -5.6160239508
BLYP 50 -81.25 -5.5866766851
BLYP 50 -81.1 -5.5574201223
BLYP 50 -80.95 -5.5282543926
BLYP 50 -80.8 -5.4991796259
BLYP 50 -80.65 -5.4701959513
BLYP 50 -80.5 -5.4413034974
BLYP 50 -80.35 -5.412502392
BLYP 50 -80.2 -5.3837927625
BLYP 50 -80.05 -5.3551747355
BLYP 50 -79.9 -5.3266484371
BLYP 50 -79.75 -5.2982139924
BLYP 50 -79.6 -5.2698715263
BLYP 50 -79.45 -5.2416211626
BLYP 50 -79.3 -5.2134630245
BLYP 50 -79.15 -5.1853972345
BLYP 50 -79 -5.1574239144
BLYP 50 -78.85 -5.1295431851
BLYP 50 -78.7 -5.101755167
BLYP 50 -78.55 -5.0740599793
BLYP 50 -78.4 -5.0464577407
BLYP 50 -78.25 -5.0189485691
BLYP 50 -78.1 -4.9915325814
BLYP 50 -77.95 -4.9642098938
BLYP 50 -77.8 -4.9369806215
BLYP 50 -77.65 -4.9098448788
BLYP 50 -77.5 -4.8828027794
BLYP 50 -77.35 -4.8558544358
BLYP 50 -77.2 -4.8289999596
BLYP 50 -77.05 -4.8022394615
BLYP 50 -76.9 -4.7755730513
BLYP 50 -76.75 -4.7490008377
BLYP 50 -76.6 -4.7225229286
BLYP 50 -76.45 -4.6961394306
BLYP 50 -76.3 -4.6698504496
BLYP 50 -76.15 -4.6436560901
BLYP 50 -76 -4.6175564559
BLYP 50 -75.85 -4.5915516494
BLYP 50 -75.7 -4.5656417721
BLYP 50 -75.55 -4.5398269243
BLYP 50 -75.4 -4.5141072052
BLYP 50 -75.25 -4.4884827128
BLYP 50 -75.1 -4.4629535439
BLYP 50 -74.95 -4.4375197943
BLYP 50 -74.8 -4.4121815583
BLYP 50 -74.65 -4.3869389292
BLYP 50 -74.5 -4.3617919989
BLYP 50 -74.35 -4.3367408581
BLYP 50 -74.2 -4.3117855961
BLYP 50 -74.05 -4.2869263012
BLYP 50 -73.9 -4.26216306
BLYP 50 -73.75 -4.237495958
BLYP 50 -73.6 -4.2129250791
BLYP 50 -73.45 -4.1884505061
BLYP 50 -73.3 -4.1640723201
BLYP 50 -73.15 -4.139790601
BLYP 50 -73 -4.115605427
BLYP 50 -72.85 -4.0915168751
BLYP 50 -72.7 -4.0675250206
BLYP 50 -72.55 -4.0436299374
BLYP 50 -72.4 -4.0198316977
BLYP 50 -72.25 -3.9961303723
BLYP 50 -72.1 -3.9725260305
BLYP 50 -71.95 -3.9490187396
BLYP 50 -71.8 -3.9256085657
BLYP 50 -71.65 -3.9022955731
BLYP 50 -71.5 -3.8790798243
BLYP 50 -71.35 -3.8559613802
BLYP 50 -71.2 -3.8329403
BLYP 50 -71.05 -3.8100166412
BLYP 50 -70.9 -3.7871904594
BLYP 50 -70.75 -3.7644618086
BLYP 50 -70.6 -3.7418307408
BLYP 50 -70.45 -3.7192973062
BLYP 50 -70.3 -3.6968615532
BLYP 50 -70.15 -3.6745235284
BLYP 50 -70 -3.6522832763
BLYP 50 -69.85 -3.6301408395
BLYP 50 -69.7 -3.6080962589
BLYP 50 -69.55 -3.586149573
BLYP 50 -69.4 -3.5643008188
BLYP 50 -69.25 -3.5425500307
BLYP 50 -69.1 -3.5208972415
BLYP 50 -68.95 -3.4993424818
BLYP 50 -68.8 -3.4778857801
BLYP 50 -68.65 -3.4565271626
BLYP 50 -68.5 -3.4352666536
BLYP 50 -68.35 -3.414104275
BLYP 50 -68.2 -3.3930400469
BLYP 50 -68.05 -3.3720739866
BLYP 50 -67.9 -3.3512061096
BLYP 50 -67.75 -3.330436429
BLYP 50 -67.6 -3.3097649556
BLYP 50 -67.45 -3.2891916978
BLYP 50 -67.3 -3.2687166616
BLYP 50 -67.15 -3.248339851
BLYP 50 -67 -3.2280612671
BLYP 50 -66.85 -3.207880909
BLYP 50 -66.7 -3.1877987731
BLYP 50 -66.55 -3.1678148534
BLYP 50 -66.4 -3.1479291415
BLYP 50 -66.25 -3.1281416262
BLYP 50 -66.1 -3.1084522941
BLYP 50 -65.95 -3.0888611291
BLYP 50 -65.8 -3.0693681123
BLYP 50 -65.65 -3.0499732225
BLYP 50 -65.5 -3.0306764357
BLYP 50 -65.35 -3.0114777253
BLYP 50 -65.2 -2.9923770618
BLYP 50 -65.05 -2.9733744133
BLYP 50 -64.9 -2.954469745
BLYP 50 -64.75 -2.9356630192
BLYP 50 -64.6 -2.9169541958
BLYP 50 -64.45 -2.8983432314
BLYP 50 -64.3 -2.8798300802
BLYP 50 -64.15 -2.8614146933
BLYP 50 -64 -2.8430970191
BLYP 50 -63.85 -2.8248770027
BLYP 50 -63.7 -2.8067545869
BLYP 50 -63.55 -2.788729711
BLYP 50 -63.4 -2.7708023117
BLYP 50 -63.25 -2.7529723224
BLYP 50 -63.1 -2.7352396738
BLYP 50 -62.95 -2.7176042934
BLYP 50 -62.8 -2.7000661056
BLYP 50 -62.65 -2.6826250319
BLYP 50 -62.5 -2.6652809906
BLYP 50 -62.35 -2.6480338969
BLYP 50 -62.2 -2.6308836629
BLYP 50 -62.05 -2.6138301974
BLYP 50 -61.9 -2.5968734063
BLYP 50 -61.75 -2.580013192
BLYP 50 -61.6 -2.5632494541
BLYP 50 -61.45 -2.5465820885
BLYP 50 -61.3 -2.5300109883
BLYP 50 -61.15 -2.513536043
BLYP 50 -61 -2.4971571391
BLYP 50 -60.85 -2.4808741595
BLYP 50 -60.7 -2.4646869842
BLYP 50 -60.55 -2.4485954895
BLYP 50 -60.4 -2.4325995486
BLYP 50 -60.25 -2.4166990312
BLYP 50 -60.1 -2.4008938038
BLYP 50 -59.95 -2.3851837295
BLYP 50 -59.8 -2.3695686679
BLYP 50 -59.65 -2.3540484752
BLYP 50 -59.5 -2.3386230043
BLYP 50 -59.35 -2.3232921047
BLYP 50 -59.2 -2.3080556223
BLYP 50 -59.05 -2.2929133998
BLYP 50 -58.9 -2.2778652762
BLYP 50 -58.75 -2.2629110872
BLYP 50 -58.6 -2.2480506651
BLYP 50 -58.45 -2.2332838385
BLYP 50 -58.3 -2.2186104327
BLYP 50 -58.15 -2.2040302695
BLYP 50 -58 -2.1895431671
BLYP 50 -57.85 -2.1751489405
BLYP 50 -57.7 -2.1608474008
BLYP 50 -57.55 -2.1466383559
BLYP 50 -57.4 -2.1325216101
BLYP 50 -57.25 -2.1184969642
BLYP 50 -57.1 -2.1045642156
BLYP 50 -56.95 -2.0907231579
BLYP 50 -56.8 -2.0769735816
BLYP 50 -56.65 -2.0633152734
BLYP 50 -56.5 -2.0497480168
BLYP 50 -56.35 -2.0362715914
BLYP 50 -56.2 -2.0228857736
BLYP 50 -56.05 -2.0095903363
BLYP 50 -55.9 -1.9963850489
BLYP 50 -55.75 -1.9832696774
BLYP 50 -55.6 -1.970243984
BLYP 50 -55.45 -1.9573077279
BLYP 50 -55.3 -1.9444606646
BLYP 50 -55.15 -1.9317025463
BLYP 50 -55 -1.9190331215
BLYP 50 -54.85 -1.9064521357
BLYP 50 -54.7 -1.8939593307
BLYP 50 -54.55 -1.881554445
BLYP 50 -54.4 -1.8692372137
BLYP 50 -54.25 -1.8570073687
BLYP 50 -54.1 -1.8448646384
BLYP 50 -53.95 -1.8328087479
BLYP 50 -53.8 -1.820839419
BLYP 50 -53.65 -1.8089563702
BLYP 50 -53.5 -1.797159317
BLYP 50 -53.35 -1.7854479711
BLYP 50 -53.2 -1.7738220416
BLYP 50 -53.05 -1.7622812339
BLYP 50 -52.9 -1.7508252506
BLYP 50 -52.75 -1.7394537909
BLYP 50 -52.6 -1.7281665509
BLYP 50 -52.45 -1.7169632238
BLYP 50 -52.3 -1.7058434995
BLYP 50 -52.15 -1.694807065
BLYP 50 -52 -1.6838536041
BLYP 50 -51.85 -1.6729827979
BLYP 50 -51.7 -1.6621943242
BLYP 50 -51.55 -1.6514878583
BLYP 50 -51.4 -1.6408630722
BLYP 50 -51.25 -1.6303196352
BLYP 50 -51.1 -1.6198572139
BLYP 50 -50.95 -1.609475472
BLYP 50 -50.8 -1.5991740703
BLYP 50 -50.65 -1.5889526671
BLYP 50 -50.5 -1.578810918
BLYP 50 -50.35 -1.5687484758
BLYP 50 -50.2 -1.5587649909
BLYP 50 -50.05 -1.548860111
BLYP 50 -49.9 -1.5390334813
BLYP 50 -49.75 -1.5292847445
BLYP 50 -49.6 -1.5196135409
BLYP 50 -49.45 -1.5100195085
BLYP 50 -49.3 -1.5005022827
BLYP 50 -49.15 -1.4910614967
BLYP 50 -49 -1.4816967816
BLYP 50 -48.85 -1.4724077661
BLYP 50 -48.7 -1.4631940766
BLYP 50 -48.55 -1.4540553378
BLYP 50 -48.4 -1.4449911718
BLYP 50 -48.25 -1.4360011991
BLYP 50 -48.1 -1.4270850379
BLYP 50 -47.95 -1.4182423046
BLYP 50 -47.8 -1.4094726139
BLYP 50 -47.65 -1.4007755782
BLYP 50 -47.5 -1.3921508085
BLYP 50 -47.35 -1.383597914
BLYP 50 -47.2 -1.3751165021
BLYP 50 -47.05 -1.3667061786
BLYP 50 -46.9 -1.3583665478
BLYP 50 -46.75 -1.3500972124
BLYP 50 -46.6 -1.3418977736
BLYP 50 -46.45 -1.3337678312
BLYP 50 -46.3 -1.3257069837
BLYP 50 -46.15 -1.3177148282
BLYP 50 -46 -1.3097909606
BLYP 50 -45.85 -1.3019349755
BLYP 50 -45.7 -1.2941464664
BLYP 50 -45.55 -1.2864250257
BLYP 50 -45.4 -1.2787702449
BLYP 50 -45.25 -1.2711817142
BLYP 50 -45.1 -1.2636590231
BLYP 50 -44.95 -1.2562017601
BLYP 50 -44.8 -1.2488095131
BLYP 50 -44.65 -1.2414818689
BLYP 50 -44.5 -1.2342184138
BLYP 50 -44.35 -1.2270187335
BLYP 50 -44.2 -1.2198824128
BLYP 50 -44.05 -1.2128090363
BLYP 50 -43.9 -1.205798188
BLYP 50 -43.75 -1.1988494512
BLYP 50 -43.6 -1.1919624093
BLYP 50 -43.45 -1.1851366449
BLYP 50 -43.3 -1.1783717407
BLYP 50 -43.15 -1.171667279
BLYP 50 -43 -1.1650228419
BLYP 50 -42.85 -1.1584380115
BLYP 50 -42.7 -1.1519123699
BLYP 50 -42.55 -1.1454454989
BLYP 50 -42.4 -1.1390369807
BLYP 50 -42.25 -1.1326863975
BLYP 50 -42.1 -1.1263933316
BLYP 50 -41.95 -1.1201573654
BLYP 50 -41.8 -1.1139780819
BLYP 50 -41.65 -1.1078550641
BLYP 50 -41.5 -1.1017878956
BLYP 50 -41.35 -1.0957761602
BLYP 50 -41.2 -1.0898194423
BLYP 50 -41.05 -1.0839173268
BLYP 50 -40.9 -1.0780693992
BLYP 50 -40.75 -1.0722752455
BLYP 50 -40.6 -1.0665344525
BLYP 50 -40.45 -1.0608466077
BLYP 50 -40.3 -1.0552112992
BLYP 50 -40.15 -1.0496281162
BLYP 50 -40 -1.0440966484
BLYP 50 -39.85 -1.0386164867
BLYP 50 -39.7 -1.0331872228
BLYP 50 -39.55 -1.0278084494
BLYP 50 -39.4 -1.0224797602
BLYP 50 -39.25 -1.0172007502
BLYP 50 -39.1 -1.0119710152
BLYP 50 -38.95 -1.0067901524
BLYP 50 -38.8 -1.0016577601
BLYP 50 -38.65 -0.9965734377
BLYP 50 -38.5 -0.9915367863
BLYP 50 -38.35 -0.9865474079
BLYP 50 -38.2 -0.981604906
BLYP 50 -38.05 -0.9767088856
BLYP 50 -37.9 -0.9718589531
BLYP 50 -37.75 -0.9670547162
BLYP 50 -37.6 -0.9622957843
BLYP 50 -37.45 -0.9575817683
BLYP 50 -37.3 -0.9529122807
BLYP 50 -37.15 -0.9482869354
BLYP 50 -37 -0.9437053482
BLYP 50 -36.85 -0.9391671366
BLYP 50 -36.7 -0.9346719195
BLYP 50 -36.55 -0.9302193178
BLYP 50 -36.4 -0.9258089541
BLYP 50 -36.25 -0.9214404527
BLYP 50 -36.1 -0.9171134399
BLYP 50 -35.95 -0.9128275437
BLYP 50 -35.8 -0.908582394
BLYP 50 -35.65 -0.9043776227
BLYP 50 -35.5 -0.9002128635
BLYP 50 -35.35 -0.896087752
BLYP 50 -35.2 -0.8920019261
BLYP 50 -35.05 -0.8879550252
BLYP 50 -34.9 -0.8839466912
BLYP 50 -34.75 -0.8799765676
BLYP 50 -34.6 -0.8760443004
BLYP 50 -34.45 -0.8721495373
BLYP 50 -34.3 -0.8682919283
BLYP 50 -34.15 -0.8644711254
BLYP 50 -34 -0.8606867828
BLYP 50 -33.85 -0.8569385569
BLYP 50 -33.7 -0.8532261062
BLYP 50 -33.55 -0.8495490913
BLYP 50 -33.4 -0.8459071752
BLYP 50 -33.25 -0.8423000228
BLYP 50 -33.1 -0.8387273015
BLYP 50 -32.95 -0.8351886807
BLYP 50 -32.8 -0.8316838323
BLYP 50 -32.65 -0.8282124303
BLYP 50 -32.5 -0.8247741509
BLYP 50 -32.35 -0.8213686727
BLYP 50 -32.2 -0.8179956764
BLYP 50 -32.05 -0.8146548453
BLYP 50 -31.9 -0.8113458647
BLYP 50 -31.75 -0.8080684224
BLYP 50 -31.6 -0.8048222082
BLYP 50 -31.45 -0.8016069147
BLYP 50 -31.3 -0.7984222363
BLYP 50 -31.15 -0.7952678702
BLYP 50 -31 -0.7921435155
BLYP 50 -30.85 -0.7890488739
BLYP 50 -30.7 -0.7859836494
BLYP 50 -30.55 -0.7829475482
BLYP 50 -30.4 -0.7799402789
BLYP 50 -30.25 -0.7769615526
BLYP 50 -30.1 -0.7740110825
BLYP 50 -29.95 -0.7710885841
BLYP 50 -29.8 -0.7681937756
BLYP 50 -29.65 -0.7653263771
BLYP 50 -29.5 -0.7624861113
BLYP 50 -29.35 -0.7596727031
BLYP 50 -29.2 -0.7568858798
BLYP 50 -29.05 -0.754125371
BLYP 50 -28.9 -0.7513909086
BLYP 50 -28.75 -0.7486822269
BLYP 50 -28.6 -0.7459990623
BLYP 50 -28.45 -0.7433411537
BLYP 50 -28.3 -0.7407082422
BLYP 50 -28.15 -0.7381000713
BLYP 50 -28 -0.7355163866
BLYP 50 -27.85 -0.7329569363
BLYP 50 -27.7 -0.7304214705
BLYP 50 -27.55 -0.7279097417
BLYP 50 -27.4 -0.7254215049
BLYP 50 -27.25 -0.7229565169
BLYP 50 -27.1 -0.7205145371
BLYP 50 -26.95 -0.718095327
BLYP 50 -26.8 -0.7156986504
BLYP 50 -26.65 -0.7133242731
BLYP 50 -26.5 -0.7109719634
BLYP 50 -26.35 -0.7086414916
BLYP 50 -26.2 -0.7063326302
BLYP 50 -26.05 -0.7040451539
BLYP 50 -25.9 -0.7017788396
BLYP 50 -25.75 -0.6995334663
BLYP 50 -25.6 -0.6973088152
BLYP 50 -25.45 -0.6951046696
BLYP 50 -25.3 -0.6929208148
BLYP 50 -25.15 -0.6907570384
BLYP 50 -25 -0.68861313
BLYP 50 -24.85 -0.6864888814
BLYP 50 -24.7 -0.6843840861
BLYP 50 -24.55 -0.6822985401
BLYP 50 -24.4 -0.6802320412
BLYP 50 -24.25 -0.6781843893
BLYP 50 -24.1 -0.6761553863
BLYP 50 -23.95 -0.6741448361
BLYP 50 -23.8 -0.6721525446
BLYP 50 -23.65 -0.6701783196
BLYP 50 -23.5 -0.6682219711
BLYP 50 -23.35 -0.6662833109
BLYP 50 -23.2 -0.6643621525
BLYP 50 -23.05 -0.6624583117
BLYP 50 -22.9 -0.6605716061
BLYP 50 -22.75 -0.6587018551
BLYP 50 -22.6 -0.65684888
BLYP 50 -22.45 -0.655012504
BLYP 50 -22.3 -0.6531925521
BLYP 50 -22.15 -0.6513888513
BLYP 50 -22 -0.6496012303
BLYP 50 -21.85 -0.6478295195
BLYP 50 -21.7 -0.6460735512
BLYP 50 -21.55 -0.6443331597
BLYP 50 -21.4 -0.6426081806
BLYP 50 -21.25 -0.6408984516
BLYP 50 -21.1 -0.639203812
BLYP 50 -20.95 -0.637524103
BLYP 50 -20.8 -0.6358591671
BLYP 50 -20.65 -0.634208849
BLYP 50 -20.5 -0.6325729946
BLYP 50 -20.35 -0.6309514519
BLYP 50 -20.2 -0.6293440701
BLYP 50 -20.05 -0.6277507005
BLYP 50 -19.9 -0.6261711956
BLYP 50 -19.75 -0.6246054098
BLYP 50 -19.6 -0.6230531989
BLYP 50 -19.45 -0.6215144204
BLYP 50 -19.3 -0.6199889332
BLYP 50 -19.15 -0.618476598
BLYP 50 -19 -0.6169772767
BLYP 50 -18.85 -0.615490833
BLYP 50 -18.7 -0.614017132
BLYP 50 -18.55 -0.6125560402
BLYP 50 -18.4 -0.6111074257
BLYP 50 -18.25 -0.609671158
BLYP 50 -18.1 -0.608247108
BLYP 50 -17.95 -0.6068351482
BLYP 50 -17.8 -0.6054351523
BLYP 50 -17.65 -0.6040469956
BLYP 50 -17.5 -0.6026705545
BLYP 50 -17.35 -0.6013057071
BLYP 50 -17.2 -0.5999523326
BLYP 50 -17.05 -0.5986103118
BLYP 50 -16.9 -0.5972795266
BLYP 50 -16.75 -0.5959598603
BLYP 50 -16.6 -0.5946511976
BLYP 50 -16.45 -0.5933534243
BLYP 50 -16.3 -0.5920664277
BLYP 50 -16.15 -0.5907900962
BLYP 50 -16 -0.5895243194
BLYP 50 -15.85 -0.5882689883
BLYP 50 -15.7 -0.5870239952
BLYP 50 -15.55 -0.5857892333
BLYP 50 -15.4 -0.5845645972
BLYP 50 -15.25 -0.5833499827
BLYP 50 -15.1 -0.5821452867
BLYP 50 -14.95 -0.5809504074
BLYP 50 -14.8 -0.5797652439
BLYP 50 -14.65 -0.5785896966
BLYP 50 -14.5 -0.5774236671
BLYP 50 -14.35 -0.5762670579
BLYP 50 -14.2 -0.5751197729
BLYP 50 -14.05 -0.5739817166
BLYP 50 -13.9 -0.5728527952
BLYP 50 -13.75 -0.5717329154
BLYP 50 -13.6 -0.5706219853
BLYP 50 -13.45 -0.5695199139
BLYP 50 -13.3 -0.5684266113
BLYP 50 -13.15 -0.5673419885
BLYP 50 -13 -0.5662659577
BLYP 50 -12.85 -0.5651984318
BLYP 50 -12.7 -0.5641393251
BLYP 50 -12.55 -0.5630885524
BLYP 50 -12.4 -0.5620460298
BLYP 50 -12.25 -0.5610116743
BLYP 50 -12.1 -0.5599854037
BLYP 50 -11.95 -0.5589671369
BLYP 50 -11.8 -0.5579567935
BLYP 50 -11.65 -0.5569542942
BLYP 50 -11.5 -0.5559595606
BLYP 50 -11.35 -0.554972515
BLYP 50 -11.2 -0.5539930808
BLYP 50 -11.05 -0.5530211822
BLYP 50 -10.9 -0.5520567441
BLYP 50 -10.75 -0.5510996925
BLYP 50 -10.6 -0.550149954
BLYP 50 -10.45 -0.5492074562
BLYP 50 -10.3 -0.5482721275
BLYP 50 -10.15 -0.547343897
BLYP 50 -10 -0.5464226946
BLYP 50 -9.85 -0.5455084512
BLYP 50 -9.7 -0.5446010982
BLYP 50 -9.55 -0.543700568
BLYP 50 -9.4 -0.5428067936
BLYP 50 -9.25 -0.5419197089
BLYP 50 -9.1 -0.5410392485
BLYP 50 -8.95 -0.5401653475
BLYP 50 -8.8 -0.5392979422
BLYP 50 -8.65 -0.5384369691
BLYP 50 -8.5 -0.5375823658
BLYP 50 -8.35 -0.5367340705
BLYP 50 -8.2 -0.5358920219
BLYP 50 -8.05 -0.5350561597
BLYP 50 -7.9 -0.5342264241
BLYP 50 -7.75 -0.5334027559
BLYP 50 -7.6 -0.5325850967
BLYP 50 -7.45 -0.5317733887
BLYP 50 -7.3 -0.5309675748
BLYP 50 -7.15 -0.5301675984
BLYP 50 -7 -0.5293734037
BLYP 50 -6.85 -0.5285849355
BLYP 50 -6.7 -0.527802139
BLYP 50 -6.55 -0.5270249602
BLYP 50 -6.4 -0.5262533458
BLYP 50 -6.25 -0.5254872429
BLYP 50 -6.1 -0.5247265992
BLYP 50 -5.95 -0.5239713631
BLYP 50 -5.8 -0.5232214835
BLYP 50 -5.65 -0.5224769099
BLYP 50 -5.5 -0.5217375922
BLYP 50 -5.35 -0.5210034812
BLYP 50 -5.2 -0.5202745278
BLYP 50 -5.05 -0.5195506838
BLYP 50 -4.9 -0.5188319015
BLYP 50 -4.75 -0.5181181335
BLYP 50 -4.6 -0.517409333
BLYP 50 -4.45 -0.516705454
BLYP 50 -4.3 -0.5160064505
BLYP 50 -4.15 -0.5153122776
BLYP 50 -4 -0.5146228903
BLYP 50 -3.85 -0.5139382445
BLYP 50 -3.7 -0.5132582964
BLYP 50 -3.55 -0.5125830028
BLYP 50 -3.4 -0.5119123208
BLYP 50 -3.25 -0.5112462082
BLYP 50 -3.1 -0.5105846232
BLYP 50 -2.95 -0.5099275241
BLYP 50 -2.8 -0.5092748702
BLYP 50 -2.65 -0.508626621
BLYP 50 -2.5 -0.5079827363
BLYP 50 -2.35 -0.5073431764
BLYP 50 -2.2 -0.5067079024
BLYP 50 -2.05 -0.5060768752
BLYP 50 -1.9 -0.5054500566
BLYP 50 -1.75 -0.5048274087
BLYP 50 -1.6 -0.5042088939
BLYP 50 -1.45 -0.503594475
BLYP 50 -1.3 -0.5029841154
BLYP 50 -1.15 -0.5023777787
BLYP 50 -1 -0.501775429
BLYP 50 -0.85 -0.5011770307
BLYP 50 -0.7 -0.5005825486
BLYP 50 -0.55 -0.499991948
BLYP 50 -0.4 -0.4994051944
BLYP 50 -0.25 -0.4988222538
BLYP 50 -0.1 -0.4982430924
BLYP 50 0.05 -0.497667677
BLYP 50 0.2 -0.4970959746
BLYP 50 0.35 -0.4965279525
BLYP 50 0.5 -0.4959635785
BLYP 50 0.65 -0.4954028206
BLYP 50 0.8 -0.4948456472
BLYP 50 0.95 -0.494292027
BLYP 50 1.1 -0.4937419292
BLYP 50 1.25 -0.4931953232
BLYP 50 1.4 -0.4926521785
BLYP 50 1.55 -0.4921124654
BLYP 50 1.7 -0.491576154
BLYP 50 1.85 -0.4910432152
BLYP 50 2 -0.4905136198
BLYP 50 2.15 -0.4899873392
BLYP 50 2.3 -0.4894643448
BLYP 50 2.45 -0.4889446087
BLYP 50 2.6 -0.4884281029
BLYP 50 2.75 -0.4879147999
BLYP 50 2.9 -0.4874046725
BLYP 50 3.05 -0.4868976937
BLYP 50 3.2 -0.4863938367
BLYP 50 3.35 -0.4858930752
BLYP 50 3.5 -0.4853953831
BLYP 50 3.65 -0.4849007345
BLYP 50 3.8 -0.4844091037
BLYP 50 3.95 -0.4839204654
BLYP 50 4.1 -0.4834347946
BLYP 50 4.25 -0.4829520664
BLYP 50 4.4 -0.4824722563
BLYP 50 4.55 -0.4819953399
BLYP 50 4.7 -0.4815212932
BLYP 50 4.85 -0.4810500924
BLYP 50 5 -0.480581714
BLYP 50 5.15 -0.4801161344
BLYP 50 5.3 -0.4796533308
BLYP 50 5.45 -0.4791932801
BLYP 50 5.6 -0.4787359599
BLYP 50 5.75 -0.4782813476
BLYP 50 5.9 -0.4778294212
BLYP 50 6.05 -0.4773801587
BLYP 50 6.2 -0.4769335383
BLYP 50 6.35 -0.4764895385
BLYP 50 6.5 -0.4760481381
BLYP 50 6.65 -0.475609316
BLYP 50 6.8 -0.4751730513
BLYP 50 6.95 -0.4747393234
BLYP 50 7.1 -0.4743081119
BLYP 50 7.25 -0.4738793964
BLYP 50 7.4 -0.4734531569
BLYP 50 7.55 -0.4730293737
BLYP 50 7.7 -0.4726080271
BLYP 50 7.85 -0.4721890975
BLYP 50 8 -0.4717725659
BLYP 50 8.15 -0.471358413
BLYP 50 8.3 -0.4709466202
BLYP 50 8.45 -0.4705371685
BLYP 50 8.6 -0.4701300396
BLYP 50 8.75 -0.4697252152
BLYP 50 8.9 -0.469322677
BLYP 50 9.05 -0.4689224072
BLYP 50 9.2 -0.468524388
BLYP 50 9.35 -0.4681286017
BLYP 50 9.5 -0.4677350309
BLYP 50 9.65 -0.4673436583
BLYP 50 9.8 -0.4669544669
BLYP 50 9.95 -0.4665674397
BLYP 50 10.1 -0.46618256
BLYP 50 10.25 -0.4657998111
BLYP 50 10.4 -0.4654191766
BLYP 50 10.55 -0.4650406402
BLYP 50 10.7 -0.4646641858
BLYP 50 10.85 -0.4642897975
BLYP 50 11 -0.4639174593
BLYP 50 11.15 -0.4635471557
BLYP 50 11.3 -0.4631788711
BLYP 50 11.45 -0.4628125901
BLYP 50 11.6 -0.4624482976
BLYP 50 11.75 -0.4620859785
BLYP 50 11.9 -0.4617256178
BLYP 50 12.05 -0.4613672007
BLYP 50 12.2 -0.4610107127
BLYP 50 12.35 -0.4606561391
BLYP 50 12.5 -0.4603034657
BLYP 50 12.65 -0.4599526781
BLYP 50 12.8 -0.4596037623
BLYP 50 12.95 -0.4592567044
BLYP 50 13.1 -0.4589114904
BLYP 50 13.25 -0.4585681067
BLYP 50 13.4 -0.4582265397
BLYP 50 13.55 -0.4578867759
BLYP 50 13.7 -0.4575488021
BLYP 50 13.85 -0.4572126049
BLYP 50 14 -0.4568781714
BLYP 50 14.15 -0.4565454885
BLYP 50 14.3 -0.4562145435
BLYP 50 14.45 -0.4558853236
BLYP 50 14.6 -0.4555578161
BLYP 50 14.75 -0.4552320087
BLYP 50 14.9 -0.4549078889
BLYP 50 15.05 -0.4545854445
BLYP 50 15.2 -0.4542646633
BLYP 50 15.35 -0.4539455332
BLYP 50 15.5 -0.4536280424
BLYP 50 15.65 -0.453312179
BLYP 50 15.8 -0.4529979312
BLYP 50 15.95 -0.4526852875
BLYP 50 16.1 -0.4523742364
BLYP 50 16.25 -0.4520647664
BLYP 50 16.4 -0.4517568662
BLYP 50 16.55 -0.4514505247
BLYP 50 16.7 -0.4511457306
BLYP 50 16.85 -0.450842473
BLYP 50 17 -0.4505407409
BLYP 50 17.15 -0.4502405235
BLYP 50 17.3 -0.4499418101
BLYP 50 17.45 -0.44964459
BLYP 50 17.6 -0.4493488527
BLYP 50 17.75 -0.4490545877
BLYP 50 17.9 -0.4487617846
BLYP 50 18.05 -0.4484704331
BLYP 50 18.2 -0.448180523
BLYP 50 18.35 -0.4478920442
BLYP 50 18.5 -0.4476049866
BLYP 50 18.65 -0.4473193403
BLYP 50 18.8 -0.4470350954
BLYP 50 18.95 -0.4467522421
BLYP 50 19.1 -0.4464707707
BLYP 50 19.25 -0.4461906715
BLYP 50 19.4 -0.445911935
BLYP 50 19.55 -0.4456345517
BLYP 50 19.7 -0.4453585123
BLYP 50 19.85 -0.4450838072
BLYP 50 20 -0.4448104275
BLYP 50 20.15 -0.4445383637
BLYP 50 20.3 -0.4442676069
BLYP 50 20.45 -0.443998148
BLYP 50 20.6 -0.443729978
BLYP 50 20.75 -0.4434630881
BLYP 50 20.9 -0.4431974695
BLYP 50 21.05 -0.4429331133
BLYP 50 21.2 -0.442670011
BLYP 50 21.35 -0.4424081539
BLYP 50 21.5 -0.4421475335
BLYP 50 21.65 -0.4418881413
BLYP 50 21.8 -0.441629969
BLYP 50 21.95 -0.4413730082
BLYP 50 22.1 -0.4411172507
BLYP 50 22.25 -0.4408626882
BLYP 50 22.4 -0.4406093126
BLYP 50 22.55 -0.4403571159
BLYP 50 22.7 -0.4401060901
BLYP 50 22.85 -0.4398562272
BLYP 50 23 -0.4396075194
BLYP 50 23.15 -0.4393599589
BLYP 50 23.3 -0.4391135379
BLYP 50 23.45 -0.4388682487
BLYP 50 23.6 -0.4386240838
BLYP 50 23.75 -0.4383810356
BLYP 50 23.9 -0.4381390965
BLYP 50 24.05 -0.4378982593
BLYP 50 24.2 -0.4376585164
BLYP 50 24.35 -0.4374198605
BLYP 50 24.5 -0.4371822845
BLYP 50 24.65 -0.4369457811
BLYP 50 24.8 -0.4367103432
BLYP 50 24.95 -0.4364759637
BLYP 50 25.1 -0.4362426356
BLYP 50 25.25 -0.4360103519
BLYP 50 25.4 -0.4357791057
BLYP 50 25.55 -0.4355488902
BLYP 50 25.7 -0.4353196985
BLYP 50 25.85 -0.4350915239
BLYP 50 26 -0.4348643598
BLYP 50 26.15 -0.4346381994
BLYP 50 26.3 -0.4344130363
BLYP 50 26.45 -0.4341888638
BLYP 50 26.6 -0.4339656755
BLYP 50 26.75 -0.433743465
BLYP 50 26.9 -0.4335222259
BLYP 50 27.05 -0.4333019519
BLYP 50 27.2 -0.4330826368
BLYP 50 27.35 -0.4328642742
BLYP 50 27.5 -0.432646858
BLYP 50 27.65 -0.4324303821
BLYP 50 27.8 -0.4322148405
BLYP 50 27.95 -0.4320002271
BLYP 50 28.1 -0.4317865359
BLYP 50 28.25 -0.4315737611
BLYP 50 28.4 -0.4313618967
BLYP 50 28.55 -0.4311509368
BLYP 50 28.7 -0.4309408758
BLYP 50 28.85 -0.4307317079
BLYP 50 29 -0.4305234274
BLYP 50 29.15 -0.4303160286
BLYP 50 29.3 -0.4301095059
BLYP 50 29.45 -0.4299038538
BLYP 50 29.6 -0.4296990668
BLYP 50 29.75 -0.4294951394
BLYP 50 29.9 -0.4292920662
BLYP 50 30.05 -0.4290898417
BLYP 50 30.2 -0.4288884607
BLYP 50 30.35 -0.4286879178
BLYP 50 30.5 -0.4284882079
BLYP 50 30.65 -0.4282893256
BLYP 50 30.8 -0.4280912658
BLYP 50 30.95 -0.4278940234
BLYP 50 31.1 -0.4276975933
BLYP 50 31.25 -0.4275019705
BLYP 50 31.4 -0.4273071498
BLYP 50 31.55 -0.4271131264
BLYP 50 31.7 -0.4269198953
BLYP 50 31.85 -0.4267274517
BLYP 50 32 -0.4265357906
BLYP 50 32.15 -0.4263449073
BLYP 50 32.3 -0.4261547969
BLYP 50 32.45 -0.4259654548
BLYP 50 32.6 -0.4257768762
BLYP 50 32.75 -0.4255890565
BLYP 50 32.9 -0.425401991
BLYP 50 33.05 -0.4252156751
BLYP 50 33.2 -0.4250301043
BLYP 50 33.35 -0.424845274
BLYP 50 33.5 -0.4246611798
BLYP 50 33.65 -0.4244778172
BLYP 50 33.8 -0.4242951818
BLYP 50 33.95 -0.4241132692
BLYP 50 34.1 -0.4239320751
BLYP 50 34.25 -0.423751595
BLYP 50 34.4 -0.4235718248
BLYP 50 34.55 -0.4233927603
BLYP 50 34.7 -0.4232143971
BLYP 50 34.85 -0.423036731
BLYP 50 35 -0.4228597581
BLYP 50 35.15 -0.422683474
BLYP 50 35.3 -0.4225078748
BLYP 50 35.45 -0.4223329563
BLYP 50 35.6 -0.4221587146
BLYP 50 35.75 -0.4219851456
BLYP 50 35.9 -0.4218122455
BLYP 50 36.05 -0.4216400101
BLYP 50 36.2 -0.4214684357
BLYP 50 36.35 -0.4212975183
BLYP 50 36.5 -0.4211272542
BLYP 50 36.65 -0.4209576395
BLYP 50 36.8 -0.4207886703
BLYP 50 36.95 -0.420620343
BLYP 50 37.1 -0.4204526539
BLYP 50 37.25 -0.4202855991
BLYP 50 37.4 -0.4201191751
BLYP 50 37.55 -0.4199533782
BLYP 50 37.7 -0.4197882047
BLYP 50 37.85 -0.4196236511
BLYP 50 38 -0.4194597138
BLYP 50 38.15 -0.4192963893
BLYP 50 38.3 -0.4191336741
BLYP 50 38.45 -0.4189715646
BLYP 50 38.6 -0.4188100574
BLYP 50 38.75 -0.4186491491
BLYP 50 38.9 -0.4184888363
BLYP 50 39.05 -0.4183291155
BLYP 50 39.2 -0.4181699835
BLYP 50 39.35 -0.4180114369
BLYP 50 39.5 -0.4178534723
BLYP 50 39.65 -0.4176960865
BLYP 50 39.8 -0.4175392763
BLYP 50 39.95 -0.4173830383
BLYP 50 40.1 -0.4172273694
BLYP 50 40.25 -0.4170722665
BLYP 50 40.4 -0.4169177262
BLYP 50 40.55 -0.4167637455
BLYP 50 40.7 -0.4166103213
BLYP 50 40.85 -0.4164574505
BLYP 50 41 -0.4163051299
BLYP 50 41.15 -0.4161533566
BLYP 50 41.3 -0.4160021275
BLYP 50 41.45 -0.4158514396
BLYP 50 41.6 -0.4157012899
BLYP 50 41.75 -0.4155516755
BLYP 50 41.9 -0.4154025933
BLYP 50 42.05 -0.4152540406
BLYP 50 42.2 -0.4151060143
BLYP 50 42.35 -0.4149585116
BLYP 50 42.5 -0.4148115297
BLYP 50 42.65 -0.4146650657
BLYP 50 42.8 -0.4145191168
BLYP 50 42.95 -0.4143736801
BLYP 50 43.1 -0.414228753
BLYP 50 43.25 -0.4140843327
BLYP 50 43.4 -0.4139404163
BLYP 50 43.55 -0.4137970012
BLYP 50 43.7 -0.4136540848
BLYP 50 43.85 -0.4135116642
BLYP 50 44 -0.4133697369
BLYP 50 44.15 -0.4132283002
BLYP 50 44.3 -0.4130873516
BLYP 50 44.45 -0.4129468882
BLYP 50 44.6 -0.4128069077
BLYP 50 44.75 -0.4126674074
BLYP 50 44.9 -0.4125283848
BLYP 50 45.05 -0.4123898373
BLYP 50 45.2 -0.4122517624
BLYP 50 45.35 -0.4121141577
BLYP 50 45.5 -0.4119770206
BLYP 50 45.65 -0.4118403487
BLYP 50 45.8 -0.4117041395
BLYP 50 45.95 -0.4115683907
BLYP 50 46.1 -0.4114330997
BLYP 50 46.25 -0.4112982642
BLYP 50 46.4 -0.4111638819
BLYP 50 46.55 -0.4110299503
BLYP 50 46.7 -0.4108964671
BLYP 50 46.85 -0.41076343
BLYP 50 47 -0.4106308367
BLYP 50 47.15 -0.4104986849
BLYP 50 47.3 -0.4103669722
BLYP 50 47.45 -0.4102356964
BLYP 50 47.6 -0.4101048553
BLYP 50 47.75 -0.4099744467
BLYP 50 47.9 -0.4098444683
BLYP 50 48.05 -0.4097149178
BLYP 50 48.2 -0.4095857932
BLYP 50 48.35 -0.4094570922
BLYP 50 48.5 -0.4093288127
BLYP 50 48.65 -0.4092009525
BLYP 50 48.8 -0.4090735096
BLYP 50 48.95 -0.4089464817
BLYP 50 49.1 -0.4088198667
BLYP 50 49.25 -0.4086936627
BLYP 50 49.4 -0.4085678675
BLYP 50 49.55 -0.408442479
BLYP 50 49.7 -0.4083174953
BLYP 50 49.85 -0.4081929142
BLYP 50 50 -0.4080687337
BLYP 50 50.15 -0.4079449519
BLYP 50 50.3 -0.4078215667
BLYP 50 50.45 -0.4076985762
BLYP 50 50.6 -0.4075759784
BLYP 50 50.75 -0.4074537714
BLYP 50 50.9 -0.4073319531
BLYP 50 51.05 -0.4072105218
BLYP 50 51.2 -0.4070894753
BLYP 50 51.35 -0.406968812
BLYP 50 51.5 -0.4068485298
BLYP 50 51.65 -0.4067286268
BLYP 50 51.8 -0.4066091013
BLYP 50 51.95 -0.4064899514
BLYP 50 52.1 -0.4063711752
BLYP 50 52.25 -0.4062527709
BLYP 50 52.4 -0.4061347366
BLYP 50 52.55 -0.4060170706
BLYP 50 52.7 -0.4058997711
BLYP 50 52.85 -0.4057828363
BLYP 50 53 -0.4056662644
BLYP 50 53.15 -0.4055500536
BLYP 50 53.3 -0.4054342023
BLYP 50 53.45 -0.4053187086
BLYP 50 53.6 -0.4052035709
BLYP 50 53.75 -0.4050887874
BLYP 50 53.9 -0.4049743565
BLYP 50 54.05 -0.4048602763
BLYP 50 54.2 -0.4047465453
BLYP 50 54.35 -0.4046331618
BLYP 50 54.5 -0.4045201242
BLYP 50 54.65 -0.4044074306
BLYP 50 54.8 -0.4042950796
BLYP 50 54.95 -0.4041830695
BLYP 50 55.1 -0.4040713987
BLYP 50 55.25 -0.4039600656
BLYP 50 55.4 -0.4038490685
BLYP 50 55.55 -0.4037384059
BLYP 50 55.7 -0.4036280762
BLYP 50 55.85 -0.4035180778
BLYP 50 56 -0.4034084092
BLYP 50 56.15 -0.4032990688
BLYP 50 56.3 -0.4031900551
BLYP 50 56.45 -0.4030813666
BLYP 50 56.6 -0.4029730017
BLYP 50 56.75 -0.4028649589
BLYP 50 56.9 -0.4027572368
BLYP 50 57.05 -0.4026498337
BLYP 50 57.2 -0.4025427483
BLYP 50 57.35 -0.4024359791
BLYP 50 57.5 -0.4023295246
BLYP 50 57.65 -0.4022233833
BLYP 50 57.8 -0.4021175538
BLYP 50 57.95 -0.4020120347
BLYP 50 58.1 -0.4019068246
BLYP 50 58.25 -0.4018019219
BLYP 50 58.4 -0.4016973254
BLYP 50 58.55 -0.4015930335
BLYP 50 58.7 -0.401489045
BLYP 50 58.85 -0.4013853583
BLYP 50 59 -0.4012819723
BLYP 50 59.15 -0.4011788853
BLYP 50 59.3 -0.4010760962
BLYP 50 59.45 -0.4009736036
BLYP 50 59.6 -0.4008714061
BLYP 50 59.75 -0.4007695023
BLYP 50 59.9 -0.400667891
BLYP 50 60.05 -0.4005665708
BLYP 50 60.2 -0.4004655405
BLYP 50 60.35 -0.4003647986
BLYP 50 60.5 -0.400264344
BLYP 50 60.65 -0.4001641753
BLYP 50 60.8 -0.4000642913
BLYP 50 60.95 -0.3999646906
BLYP 50 61.1 -0.399865372
BLYP 50 61.25 -0.3997663343
BLYP 50 61.4 -0.3996675761
BLYP 50 61.55 -0.3995690964
BLYP 50 61.7 -0.3994708937
BLYP 50 61.85 -0.3993729669
BLYP 50 62 -0.3992753148
BLYP 50 62.15 -0.3991779361
BLYP 50 62.3 -0.3990808297
BLYP 50 62.45 -0.3989839944
BLYP 50 62.6 -0.3988874288
BLYP 50 62.75 -0.398791132
BLYP 50 62.9 -0.3986951026
BLYP 50 63.05 -0.3985993396
BLYP 50 63.2 -0.3985038417
BLYP 50 63.35 -0.3984086078
BLYP 50 63.5 -0.3983136367
BLYP 50 63.65 -0.3982189273
BLYP 50 63.8 -0.3981244785
BLYP 50 63.95 -0.3980302891
BLYP 50 64.1 -0.397936358
BLYP 50 64.25 -0.3978426841
BLYP 50 64.4 -0.3977492662
BLYP 50 64.55 -0.3976561033
BLYP 50 64.7 -0.3975631943
BLYP 50 64.85 -0.397470538
BLYP 50 65 -0.3973781334
BLYP 50 65.15 -0.3972859794
BLYP 50 65.3 -0.397194075
BLYP 50 65.45 -0.397102419
BLYP 50 65.6 -0.3970110104
BLYP 50 65.75 -0.3969198481
BLYP 50 65.9 -0.3968289311
BLYP 50 66.05 -0.3967382584
BLYP 50 66.2 -0.3966478288
BLYP 50 66.35 -0.3965576415
BLYP 50 66.5 -0.3964676953
BLYP 50 66.65 -0.3963779892
BLYP 50 66.8 -0.3962885222
BLYP 50 66.95 -0.3961992934
BLYP 50 67.1 -0.3961103016
BLYP 50 67.25 -0.3960215459
BLYP 50 67.4 -0.3959330254
BLYP 50 67.55 -0.3958447389
BLYP 50 67.7 -0.3957566856
BLYP 50 67.85 -0.3956688645
BLYP 50 68 -0.3955812746
BLYP 50 68.15 -0.3954939148
BLYP 50 68.3 -0.3954067844
BLYP 50 68.45 -0.3953198823
BLYP 50 68.6 -0.3952332075
BLYP 50 68.75 -0.3951467592
BLYP 50 68.9 -0.3950605364
BLYP 50 69.05 -0.3949745381
BLYP 50 69.2 -0.3948887634
BLYP 50 69.35 -0.3948032114
BLYP 50 69.5 -0.3947178812
BLYP 50 69.65 -0.3946327719
BLYP 50 69.8 -0.3945478826
BLYP 50 69.95 -0.3944632123
BLYP 50 70.1 -0.3943787601
BLYP 50 70.25 -0.3942945253
BLYP 50 70.4 -0.3942105068
BLYP 50 70.55 -0.3941267038
BLYP 50 70.7 -0.3940431154
BLYP 50 70.85 -0.3939597408
BLYP 50 71 -0.3938765791
BLYP 50 71.15 -0.3937936294
BLYP 50 71.3 -0.3937108908
BLYP 50 71.45 -0.3936283625
BLYP 50 71.6 -0.3935460437
BLYP 50 71.75 -0.3934639335
BLYP 50 71.9 -0.393382031
BLYP 50 72.05 -0.3933003355
BLYP 50 72.2 -0.393218846
BLYP 50 72.35 -0.3931375619
BLYP 50 72.5 -0.3930564821
BLYP 50 72.65 -0.392975606
BLYP 50 72.8 -0.3928949327
BLYP 50 72.95 -0.3928144615
BLYP 50 73.1 -0.3927341914
BLYP 50 73.25 -0.3926541217
BLYP 50 73.4 -0.3925742515
BLYP 50 73.55 -0.3924945802
BLYP 50 73.7 -0.392415107
BLYP 50 73.85 -0.3923358309
BLYP 50 74 -0.3922567513
BLYP 50 74.15 -0.3921778674
BLYP 50 74.3 -0.3920991783
BLYP 50 74.45 -0.3920206834
BLYP 50 74.6 -0.3919423819
BLYP 50 74.75 -0.391864273
BLYP 50 74.9 -0.3917863559
BLYP 50 75.05 -0.39170863
BLYP 50 75.2 -0.3916310944
BLYP 50 75.35 -0.3915537484
BLYP 50 75.5 -0.3914765913
BLYP 50 75.65 -0.3913996223
BLYP 50 75.8 -0.3913228407
BLYP 50 75.95 -0.3912462458
BLYP 50 76.1 -0.3911698368
BLYP 50 76.25 -0.3910936131
BLYP 50 76.4 -0.3910175739
BLYP 50 76.55 -0.3909417185
BLYP 50 76.7 -0.3908660461
BLYP 50 76.85 -0.3907905562
BLYP 50 77 -0.3907152479
BLYP 50 77.15 -0.3906401206
BLYP 50 77.3 -0.3905651735
BLYP 50 77.45 -0.3904904061
BLYP 50 77.6 -0.3904158176
BLYP 50 77.75 -0.3903414073
BLYP 50 77.9 -0.3902671745
BLYP 50 78.05 -0.3901931186
BLYP 50 78.2 -0.3901192388
BLYP 50 78.35 -0.3900455346
BLYP 50 78.5 -0.3899720052
BLYP 50 78.65 -0.38989865
BLYP 50 78.8 -0.3898254684
BLYP 50 78.95 -0.3897524595
BLYP 50 79.1 -0.3896796229
BLYP 50 79.25 -0.3896069579
BLYP 50 79.4 -0.3895344638
BLYP 50 79.55 -0.3894621399
BLYP 50 79.7 -0.3893899857
BLYP 50 79.85 -0.3893180004
BLYP 50 80 -0.3892461835
BLYP 50 80.15 -0.3891745343
BLYP 50 80.3 -0.3891030523
BLYP 50 80.45 -0.3890317366
BLYP 50 80.6 -0.3889605869
BLYP 50 80.75 -0.3888896024
BLYP 50 80.9 -0.3888187824
BLYP 50 81.05 -0.3887481265
BLYP 50 81.2 -0.388677634
BLYP 50 81.35 -0.3886073042
BLYP 50 81.5 -0.3885371367
BLYP 50 81.65 -0.3884671307
BLYP 50 81.8 -0.3883972857
BLYP 50 81.95 -0.3883276011
BLYP 50 82.1 -0.3882580763
BLYP 50 82.25 -0.3881887107
BLYP 50 82.4 -0.3881195037
BLYP 50 82.55 -0.3880504547
BLYP 50 82.7 -0.3879815633
BLYP 50 82.85 -0.3879128287
BLYP 50 83 -0.3878442504
BLYP 50 83.15 -0.3877758278
BLYP 50 83.3 -0.3877075604
BLYP 50 83.45 -0.3876394476
BLYP 50 83.6 -0.3875714889
BLYP 50 83.75 -0.3875036836
BLYP 50 83.9 -0.3874360313
BLYP 50 84.05 -0.3873685313
BLYP 50 84.2 -0.3873011831
BLYP 50 84.35 -0.3872339862
BLYP 50 84.5 -0.38716694
BLYP 50 84.65 -0.387100044
BLYP 50 84.8 -0.3870332976
BLYP 50 84.95 -0.3869667003
BLYP 50 85.1 -0.3869002516
BLYP 50 85.25 -0.3868339508
BLYP 50 85.4 -0.3867677976
BLYP 50 85.55 -0.3867017913
BLYP 50 85.7 -0.3866359315
BLYP 50 85.85 -0.3865702176
BLYP 50 86 -0.3865046491
BLYP 50 86.15 -0.3864392254
BLYP 50 86.3 -0.3863739461
BLYP 50 86.45 -0.3863088106
BLYP 50 86.6 -0.3862438185
BLYP 50 86.75 -0.3861789692
BLYP 50 86.9 -0.3861142622
BLYP 50 87.05 -0.386049697
BLYP 50 87.2 -0.3859852731
BLYP 50 87.35 -0.3859209901
BLYP 50 87.5 -0.3858568473
BLYP 50 87.65 -0.3857928444
BLYP 50 87.8 -0.3857289808
BLYP 50 87.95 -0.385665256
BLYP 50 88.1 -0.3856016696
BLYP 50 88.25 -0.385538221
BLYP 50 88.4 -0.3854749099
BLYP 50 88.55 -0.3854117356
BLYP 50 88.7 -0.3853486977
BLYP 50 88.85 -0.3852857958
BLYP 50 89 -0.3852230294
BLYP 50 89.15 -0.385160398
BLYP 50 89.3 -0.3850979011
BLYP 50 89.45 -0.3850355382
BLYP 50 89.6 -0.384973309
BLYP 50 89.75 -0.3849112129
BLYP 50 89.9 -0.3848492495
BLYP 50 90.05 -0.3847874182
BLYP 50 90.2 -0.3847257188
BLYP 50 90.35 -0.3846641506
BLYP 50 90.5 -0.3846027133
BLYP 50 90.65 -0.3845414064
BLYP 50 90.8 -0.3844802295
BLYP 50 90.95 -0.384419182
BLYP 50 91.1 -0.3843582637
BLYP 50 91.25 -0.3842974739
BLYP 50 91.4 -0.3842368123
BLYP 50 91.55 -0.3841762785
BLYP 50 91.7 -0.384115872
BLYP 50 91.85 -0.3840555923
BLYP 50 92 -0.3839954391
BLYP 50 92.15 -0.3839354119
BLYP 50 92.3 -0.3838755103
BLYP 50 92.45 -0.3838157339
BLYP 50 92.6 -0.3837560822
BLYP 50 92.75 -0.3836965548
BLYP 50 92.9 -0.3836371512
BLYP 50 93.05 -0.3835778712
BLYP 50 93.2 -0.3835187142
BLYP 50 93.35 -0.3834596798
BLYP 50 93.5 -0.3834007677
BLYP 50 93.65 -0.3833419774
BLYP 50 93.8 -0.3832833085
BLYP 50 93.95 -0.3832247606
BLYP 50 94.1 -0.3831663333
BLYP 50 94.25 -0.3831080262
BLYP 50 94.4 -0.3830498389
BLYP 50 94.55 -0.382991771
BLYP 50 94.7 -0.382933822
BLYP 50 94.85 -0.3828759917
BLYP 50 95 -0.3828182796
BLYP 50 95.15 -0.3827606852
BLYP 50 95.3 -0.3827032083
BLYP 50 95.45 -0.3826458485
BLYP 50 95.6 -0.3825886052
BLYP 50 95.75 -0.3825314782
BLYP 50 95.9 -0.3824744671
BLYP 50 96.05 -0.3824175715
BLYP 50 96.2 -0.382360791
BLYP 50 96.35 -0.3823041252
BLYP 50 96.5 -0.3822475738
BLYP 50 96.65 -0.3821911363
BLYP 50 96.8 -0.3821348125
BLYP 50 96.95 -0.3820786018
BLYP 50 97.1 -0.3820225041
BLYP 50 97.25 -0.3819665188
BLYP 50 97.4 -0.3819106456
BLYP 50 97.55 -0.3818548842
BLYP 50 97.7 -0.3817992342
BLYP 50 97.85 -0.3817436952
BLYP 50 98 -0.3816882669
BLYP 50 98.15 -0.3816329489
BLYP 50 98.3 -0.3815777409
BLYP 50 98.45 -0.3815226424
BLYP 50 98.6 -0.3814676532
BLYP 50 98.75 -0.3814127729
BLYP 50 98.9 -0.3813580011
BLYP 50 99.05 -0.3813033375
BLYP 50 99.2 -0.3812487817
BLYP 50 99.35 -0.3811943334
BLYP 50 99.5 -0.3811399923
BLYP 50 99.65 -0.3810857579
BLYP 50 99.8 -0.3810316301
BLYP 50 99.95 -0.3809776083
BLYP 50 100.1 -0.3809236923
BLYP 50 100.25 -0.3808698817
BLYP 50 100.4 -0.3808161763
BLYP 50 100.55 -0.3807625756
BLYP 50 100.7 -0.3807090793
BLYP 50 100.85 -0.3806556872
BLYP 50 101 -0.3806023988
BLYP 50 101.15 -0.3805492138
BLYP 50 101.3 -0.380496132
BLYP 50 101.45 -0.3804431529
BLYP 50 101.6 -0.3803902763
BLYP 50 101.75 -0.3803375018
BLYP 50 101.9 -0.3802848291
BLYP 50 102.05 -0.380232258
BLYP 50 102.2 -0.380179788
BLYP 50 102.35 -0.3801274188
BLYP 50 102.5 -0.3800751502
BLYP 50 102.65 -0.3800229818
BLYP 50 102.8 -0.3799709133
BLYP 50 102.95 -0.3799189444
BLYP 50 103.1 -0.3798670747
BLYP 50 103.25 -0.3798153041
BLYP 50 103.4 -0.379763632
BLYP 50 103.55 -0.3797120584
BLYP 50 103.7 -0.3796605828
BLYP 50 103.85 -0.3796092049
BLYP 50 104 -0.3795579244
BLYP 50 104.15 -0.3795067411
BLYP 50 104.3 -0.3794556547
BLYP 50 104.45 -0.3794046647
BLYP 50 104.6 -0.379353771
BLYP 50 104.75 -0.3793029732
BLYP 50 104.9 -0.379252271
BLYP 50 105.05 -0.3792016642
BLYP 50 105.2 -0.3791511524
BLYP 50 105.35 -0.3791007354
BLYP 50 105.5 -0.3790504129
BLYP 50 105.65 -0.3790001845
BLYP 50 105.8 -0.37895005
BLYP 50 105.95 -0.3789000091
BLYP 50 106.1 -0.3788500615
BLYP 50 106.25 -0.3788002069
BLYP 50 106.4 -0.3787504451
BLYP 50 106.55 -0.3787007757
BLYP 50 106.7 -0.3786511985
BLYP 50 106.85 -0.3786017132
BLYP 50 107 -0.3785523194
BLYP 50 107.15 -0.3785030171
BLYP 50 107.3 -0.3784538057
BLYP 50 107.45 -0.3784046852
BLYP 50 107.6 -0.3783556551
BLYP 50 107.75 -0.3783067153
BLYP 50 107.9 -0.3782578655
BLYP 50 108.05 -0.3782091053
BLYP 50 108.2 -0.3781604345
BLYP 50 108.35 -0.3781118529
BLYP 50 108.5 -0.3780633602
BLYP 50 108.65 -0.378014956
BLYP 50 108.8 -0.3779666402
BLYP 50 108.95 -0.3779184125
BLYP 50 109.1 -0.3778702726
BLYP 50 109.25 -0.3778222202
BLYP 50 109.4 -0.3777742552
BLYP 50 109.55 -0.3777263771
BLYP 50 109.7 -0.3776785858
BLYP 50 109.85 -0.3776308811
BLYP 50 110 -0.3775832625
BLYP 50 110.15 -0.37753573
BLYP 50 110.3 -0.3774882832
BLYP 50 110.45 -0.3774409219
BLYP 50 110.6 -0.3773936458
BLYP 50 110.75 -0.3773464546
BLYP 50 110.9 -0.3772993482
BLYP 50 111.05 -0.3772523263
BLYP 50 111.2 -0.3772053886
BLYP 50 111.35 -0.3771585349
BLYP 50 111.5 -0.3771117648
BLYP 50 111.65 -0.3770650783
BLYP 50 111.8 -0.377018475
BLYP 50 111.95 -0.3769719547
BLYP 50 112.1 -0.3769255171
BLYP 50 112.25 -0.3768791621
BLYP 50 112.4 -0.3768328893
BLYP 50 112.55 -0.3767866985
BLYP 50 112.7 -0.3767405894
BLYP 50 112.85 -0.376694562
BLYP 50 113 -0.3766486158
BLYP 50 113.15 -0.3766027507
BLYP 50 113.3 -0.3765569664
BLYP 50 113.45 -0.3765112627
BLYP 50 113.6 -0.3764656394
BLYP 50 113.75 -0.3764200962
BLYP 50 113.9 -0.3763746329
BLYP 50 114.05 -0.3763292492
BLYP 50 114.2 -0.376283945
BLYP 50 114.35 -0.3762387199
BLYP 50 114.5 -0.3761935739
BLYP 50 114.65 -0.3761485066
BLYP 50 114.8 -0.3761035178
BLYP 50 114.95 -0.3760586073
BLYP 50 115.1 -0.3760137748
BLYP 50 115.25 -0.3759690202
BLYP 50 115.4 -0.3759243432
BLYP 50 115.55 -0.3758797436
BLYP 50 115.7 -0.3758352212
BLYP 50 115.85 -0.3757907757
BLYP 50 116 -0.375746407
BLYP 50 116.15 -0.3757021147
BLYP 50 116.3 -0.3756578988
BLYP 50 116.45 -0.3756137589
BLYP 50 116.6 -0.3755696949
BLYP 50 116.75 -0.3755257065
BLYP 50 116.9 -0.3754817936
BLYP 50 117.05 -0.3754379559
BLYP 50 117.2 -0.3753941931
BLYP 50 117.35 -0.3753505052
BLYP 50 117.5 -0.3753068918
BLYP 50 117.65 -0.3752633528
BLYP 50 117.8 -0.3752198879
BLYP 50 117.95 -0.375176497
BLYP 50 118.1 -0.3751331798
BLYP 50 118.25 -0.3750899362
BLYP 50 118.4 -0.3750467658
BLYP 50 118.55 -0.3750036686
BLYP 50 118.7 -0.3749606443
BLYP 50 118.85 -0.3749176927
BLYP 50 119 -0.3748748136
BLYP 50 119.15 -0.3748320068
BLYP 50 119.3 -0.3747892721
BLYP 50 119.45 -0.3747466093
BLYP 50 119.6 -0.3747040181
BLYP 50 119.75 -0.3746614985
BLYP 50 119.9 -0.3746190501
BLYP 50 120.05 -0.3745766729
BLYP 50 120.2 -0.3745343665
BLYP 50 120.35 -0.3744921309
BLYP 50 120.5 -0.3744499657
BLYP 50 120.65 -0.3744078709
BLYP 50 120.8 -0.3743658461
BLYP 50 120.95 -0.3743238913
BLYP 50 121.1 -0.3742820062
BLYP 50 121.25 -0.3742401907
BLYP 50 121.4 -0.3741984445
BLYP 50 121.55 -0.3741567674
BLYP 50 121.7 -0.3741151593
BLYP 50 121.85 -0.3740736199
BLYP 50 122 -0.3740321492
BLYP 50 122.15 -0.3739907468
BLYP 50 122.3 -0.3739494126
BLYP 50 122.45 -0.3739081465
BLYP 50 122.6 -0.3738669482
BLYP 50 122.75 -0.3738258175
BLYP 50 122.9 -0.3737847543
BLYP 50 123.05 -0.3737437584
BLYP 50 123.2 -0.3737028295
BLYP 50 123.35 -0.3736619676
BLYP 50 123.5 -0.3736211724
BLYP 50 123.65 -0.3735804437
BLYP 50 123.8 -0.3735397814
BLYP 50 123.95 -0.3734991853
BLYP 50 124.1 -0.3734586552
BLYP 50 124.25 -0.3734181909
BLYP 50 124.4 -0.3733777923
BLYP 50 124.55 -0.3733374591
BLYP 50 124.7 -0.3732971912
BLYP 50 124.85 -0.3732569885
BLYP 50 125 -0.3732168507
BLYP 50 125.15 -0.3731767776
BLYP 50 125.3 -0.3731367692
BLYP 50 125.45 -0.3730968252
BLYP 50 125.6 -0.3730569454
BLYP 50 125.75 -0.3730171297
BLYP 50 125.9 -0.3729773778
BLYP 50 126.05 -0.3729376898
BLYP 50 126.2 -0.3728980652
BLYP 50 126.35 -0.3728585041
BLYP 50 126.5 -0.3728190062
BLYP 50 126.65 -0.3727795713
BLYP 50 126.8 -0.3727401994
BLYP 50 126.95 -0.3727008901
BLYP 50 127.1 -0.3726616434
BLYP 50 127.25 -0.3726224591
BLYP 50 127.4 -0.372583337
BLYP 50 127.55 -0.3725442769
BLYP 50 127.7 -0.3725052788
BLYP 50 127.85 -0.3724663423
BLYP 50 128 -0.3724274674
BLYP 50 128.15 -0.372388654
BLYP 50 128.3 -0.3723499017
BLYP 50 128.45 -0.3723112105
BLYP 50 128.6 -0.3722725803
BLYP 50 128.75 -0.3722340108
BLYP 50 128.9 -0.3721955019
BLYP 50 129.05 -0.3721570534
BLYP 50 129.2 -0.3721186652
BLYP 50 129.35 -0.3720803371
BLYP 50 129.5 -0.372042069
BLYP 50 129.65 -0.3720038607
BLYP 50 129.8 -0.371965712
BLYP 50 129.95 -0.3719276228
BLYP 50 130.1 -0.371889593
BLYP 50 130.25 -0.3718516223
BLYP 50 130.4 -0.3718137107
BLYP 50 130.55 -0.3717758579
BLYP 50 130.7 -0.3717380638
BLYP 50 130.85 -0.3717003284
BLYP 50 131 -0.3716626513
BLYP 50 131.15 -0.3716250325
BLYP 50 131.3 -0.3715874718
BLYP 50 131.45 -0.3715499691
BLYP 50 131.6 -0.3715125242
BLYP 50 131.75 -0.3714751369
BLYP 50 131.9 -0.3714378072
BLYP 50 132.05 -0.3714005348
BLYP 50 132.2 -0.3713633196
BLYP 50 132.35 -0.3713261615
BLYP 50 132.5 -0.3712890604
BLYP 50 132.65 -0.371252016
BLYP 50 132.8 -0.3712150282
BLYP 50 132.95 -0.371178097
BLYP 50 133.1 -0.371141222
BLYP 50 133.25 -0.3711044033
BLYP 50 133.4 -0.3710676406
BLYP 50 133.55 -0.3710309339
BLYP 50 133.7 -0.3709942829
BLYP 50 133.85 -0.3709576875
BLYP 50 134 -0.3709211476
BLYP 50 134.15 -0.3708846631
BLYP 50 134.3 -0.3708482337
BLYP 50 134.45 -0.3708118594
BLYP 50 134.6 -0.3707755401
BLYP 50 134.75 -0.3707392755
BLYP 50 134.9 -0.3707030656
BLYP 50 135.05 -0.3706669101
BLYP 50 135.2 -0.3706308091
BLYP 50 135.35 -0.3705947622
BLYP 50 135.5 -0.3705587695
BLYP 50 135.65 -0.3705228307
BLYP 50 135.8 -0.3704869457
BLYP 50 135.95 -0.3704511145
BLYP 50 136.1 -0.3704153367
BLYP 50 136.25 -0.3703796124
BLYP 50 136.4 -0.3703439414
BLYP 50 136.55 -0.3703083235
BLYP 50 136.7 -0.3702727586
BLYP 50 136.85 -0.3702372466
BLYP 50 137 -0.3702017874
BLYP 50 137.15 -0.3701663807
BLYP 50 137.3 -0.3701310266
BLYP 50 137.45 -0.3700957248
BLYP 50 137.6 -0.3700604753
BLYP 50 137.75 -0.3700252778
BLYP 50 137.9 -0.3699901323
BLYP 50 138.05 -0.3699550386
BLYP 50 138.2 -0.3699199967
BLYP 50 138.35 -0.3698850063
BLYP 50 138.5 -0.3698500674
BLYP 50 138.65 -0.3698151797
BLYP 50 138.8 -0.3697803433
BLYP 50 138.95 -0.369745558
BLYP 50 139.1 -0.3697108236
BLYP 50 139.25 -0.36967614
BLYP 50 139.4 -0.3696415071
BLYP 50 139.55 -0.3696069248
BLYP 50 139.7 -0.3695723929
BLYP 50 139.85 -0.3695379113
BLYP 50 140 -0.36950348
BLYP 50 140.15 -0.3694690987
BLYP 50 140.3 -0.3694347673
BLYP 50 140.45 -0.3694004858
BLYP 50 140.6 -0.369366254
BLYP 50 140.75 -0.3693320718
BLYP 50 140.9 -0.369297939
BLYP 50 141.05 -0.3692638555
BLYP 50 141.2 -0.3692298213
BLYP 50 141.35 -0.3691958362
BLYP 50 141.5 -0.3691619001
BLYP 50 141.65 -0.3691280128
BLYP 50 141.8 -0.3690941743
BLYP 50 141.95 -0.3690603844
BLYP 50 142.1 -0.369026643
BLYP 50 142.25 -0.36899295
BLYP 50 142.4 -0.3689593053
BLYP 50 142.55 -0.3689257087
BLYP 50 142.7 -0.3688921601
BLYP 50 142.85 -0.3688586595
BLYP 50 143 -0.3688252067
BLYP 50 143.15 -0.3687918016
BLYP 50 143.3 -0.368758444
BLYP 50 143.45 -0.368725134
BLYP 50 143.6 -0.3686918712
BLYP 50 143.75 -0.3686586557
BLYP 50 143.9 -0.3686254873
BLYP 50 144.05 -0.368592366
BLYP 50 144.2 -0.3685592915
BLYP 50 144.35 -0.3685262638
BLYP 50 144.5 -0.3684932828
BLYP 50 144.65 -0.3684603483
BLYP 50 144.8 -0.3684274603
BLYP 50 144.95 -0.3683946186
BLYP 50 145.1 -0.3683618232
BLYP 50 145.25 -0.3683290738
BLYP 50 145.4 -0.3682963705
BLYP 50 145.55 -0.368263713
BLYP 50 145.7 -0.3682311014
BLYP 50 145.85 -0.3681985354
BLYP 50 146 -0.368166015
BLYP 50 146.15 -0.3681335401
BLYP 50 146.3 -0.3681011105
BLYP 50 146.45 -0.3680687262
BLYP 50 146.6 -0.368036387
BLYP 50 146.75 -0.3680040928
BLYP 50 146.9 -0.3679718436
BLYP 50 147.05 -0.3679396392
BLYP 50 147.2 -0.3679074795
BLYP 50 147.35 -0.3678753644
BLYP 50 147.5 -0.3678432938
BLYP 50 147.65 -0.3678112677
BLYP 50 147.8 -0.3677792858
BLYP 50 147.95 -0.3677473481
BLYP 50 148.1 -0.3677154545
BLYP 50 148.25 -0.3676836049
BLYP 50 148.4 -0.3676517992
BLYP 50 148.55 -0.3676200373
BLYP 50 148.7 -0.367588319
BLYP 50 148.85 -0.3675566443
BLYP 50 149 -0.3675250131
BLYP 50 149.15 -0.3674934253
BLYP 50 149.3 -0.3674618807
BLYP 50 149.45 -0.3674303793
BLYP 50 149.6 -0.367398921
BLYP 50 149.75 -0.3673675057
BLYP 50 149.9 -0.3673361332
BLYP 50 150.05 -0.3673048035
BLYP 50 150.2 -0.3672735165
BLYP 50 150.35 -0.3672422721
BLYP 50 150.5 -0.3672110701
BLYP 50 150.65 -0.3671799105
BLYP 50 150.8 -0.3671487932
BLYP 50 150.95 -0.3671177181
BLYP 50 151.1 -0.367086685
BLYP 50 151.25 -0.367055694
BLYP 50 151.4 -0.3670247448
BLYP 50 151.55 -0.3669938375
BLYP 50 151.7 -0.3669629718
BLYP 50 151.85 -0.3669321478
BLYP 50 152 -0.3669013652
BLYP 50 152.15 -0.3668706241
BLYP 50 152.3 -0.3668399243
BLYP 50 152.45 -0.3668092657
BLYP 50 152.6 -0.3667786483
BLYP 50 152.75 -0.3667480719
BLYP 50 152.9 -0.3667175364
BLYP 50 153.05 -0.3666870418
BLYP 50 153.2 -0.3666565879
BLYP 50 153.35 -0.3666261747
BLYP 50 153.5 -0.3665958021
BLYP 50 153.65 -0.36656547
BLYP 50 153.8 -0.3665351782
BLYP 50 153.95 -0.3665049268
BLYP 50 154.1 -0.3664747155
BLYP 50 154.25 -0.3664445444
BLYP 50 154.4 -0.3664144133
BLYP 50 154.55 -0.3663843221
BLYP 50 154.7 -0.3663542708
BLYP 50 154.85 -0.3663242592
BLYP 50 155 -0.3662942873
BLYP 50 155.15 -0.3662643549
BLYP 50 155.3 -0.3662344621
BLYP 50 155.45 -0.3662046086
BLYP 50 155.6 -0.3661747945
BLYP 50 155.75 -0.3661450196
BLYP 50 155.9 -0.3661152838
BLYP 50 156.05 -0.366085587
BLYP 50 156.2 -0.3660559292
BLYP 50 156.35 -0.3660263103
BLYP 50 156.5 -0.3659967302
BLYP 50 156.65 -0.3659671887
BLYP 50 156.8 -0.3659376859
BLYP 50 156.95 -0.3659082216
BLYP 50 157.1 -0.3658787957
BLYP 50 157.25 -0.3658494082
BLYP 50 157.4 -0.3658200589
BLYP 50 157.55 -0.3657907479
BLYP 50 157.7 -0.3657614749
BLYP 50 157.85 -0.3657322399
BLYP 50 158 -0.3657030429
BLYP 50 158.15 -0.3656738837
BLYP 50 158.3 -0.3656447623
BLYP 50 158.45 -0.3656156786
BLYP 50 158.6 -0.3655866324
BLYP 50 158.75 -0.3655576238
BLYP 50 158.9 -0.3655286526
BLYP 50 159.05 -0.3654997187
BLYP 50 159.2 -0.3654708221
BLYP 50 159.35 -0.3654419627
BLYP 50 159.5 -0.3654131404
BLYP 50 159.65 -0.3653843551
BLYP 50 159.8 -0.3653556067
BLYP 50 159.95 -0.3653268952
BLYP 50 160.1 -0.3652982205
BLYP 50 160.25 -0.3652695824
BLYP 50 160.4 -0.365240981
BLYP 50 160.55 -0.3652124161
BLYP 50 160.7 -0.3651838877
BLYP 50 160.85 -0.3651553957
BLYP 50 161 -0.3651269399
BLYP 50 161.15 -0.3650985204
BLYP 50 161.3 -0.365070137
BLYP 50 161.45 -0.3650417896
BLYP 50 161.6 -0.3650134783
BLYP 50 161.75 -0.3649852028
BLYP 50 161.9 -0.3649569632
BLYP 50 162.05 -0.3649287593
BLYP 50 162.2 -0.3649005911
BLYP 50 162.35 -0.3648724585
BLYP 50 162.5 -0.3648443614
BLYP 50 162.65 -0.3648162997
BLYP 50 162.8 -0.3647882734
BLYP 50 162.95 -0.3647602824
BLYP 50 163.1 -0.3647323266
BLYP 50 163.25 -0.3647044059
BLYP 50 163.4 -0.3646765203
BLYP 50 163.55 -0.3646486696
BLYP 50 163.7 -0.3646208539
BLYP 50 163.85 -0.364593073
BLYP 50 164 -0.3645653269
BLYP 50 164.15 -0.3645376155
BLYP 50 164.3 -0.3645099386
BLYP 50 164.45 -0.3644822963
BLYP 50 164.6 -0.3644546885
BLYP 50 164.75 -0.364427115
BLYP 50 164.9 -0.3643995759
BLYP 50 165.05 -0.364372071
BLYP 50 165.2 -0.3643446003
BLYP 50 165.35 -0.3643171637
BLYP 50 165.5 -0.364289761
BLYP 50 165.65 -0.3642623924
BLYP 50 165.8 -0.3642350576
BLYP 50 165.95 -0.3642077566
BLYP 50 166.1 -0.3641804894
BLYP 50 166.25 -0.3641532558
BLYP 50 166.4 -0.3641260559
BLYP 50 166.55 -0.3640988894
BLYP 50 166.7 -0.3640717564
BLYP 50 166.85 -0.3640446568
BLYP 50 167 -0.3640175904
BLYP 50 167.15 -0.3639905574
BLYP 50 167.3 -0.3639635574
BLYP 50 167.45 -0.3639365906
BLYP 50 167.6 -0.3639096568
BLYP 50 167.75 -0.363882756
BLYP 50 167.9 -0.3638558881
BLYP 50 168.05 -0.363829053
BLYP 50 168.2 -0.3638022506
BLYP 50 168.35 -0.3637754809
BLYP 50 168.5 -0.3637487439
BLYP 50 168.65 -0.3637220393
BLYP 50 168.8 -0.3636953673
BLYP 50 168.95 -0.3636687277
BLYP 50 169.1 -0.3636421204
BLYP 50 169.25 -0.3636155454
BLYP 50 169.4 -0.3635890026
BLYP 50 169.55 -0.3635624919
BLYP 50 169.7 -0.3635360134
BLYP 50 169.85 -0.3635095668
BLYP 50 170 -0.3634831521
BLYP 50 170.15 -0.3634567694
BLYP 50 170.3 -0.3634304184
BLYP 50 170.45 -0.3634040992
BLYP 50 170.6 -0.3633778117
BLYP 50 170.75 -0.3633515558
BLYP 50 170.9 -0.3633253314
BLYP 50 171.05 -0.3632991385
BLYP 50 171.2 -0.363272977
BLYP 50 171.35 -0.3632468469
BLYP 50 171.5 -0.3632207481
BLYP 50 171.65 -0.3631946805
BLYP 50 171.8 -0.363168644
BLYP 50 171.95 -0.3631426386
BLYP 50 172.1 -0.3631166643
BLYP 50 172.25 -0.3630907209
BLYP 50 172.4 -0.3630648085
BLYP 50 172.55 -0.3630389268
BLYP 50 172.7 -0.363013076
BLYP 50 172.85 -0.3629872558
BLYP 50 173 -0.3629614663
BLYP 50 173.15 -0.3629357074
BLYP 50 173.3 -0.362909979
BLYP 50 173.45 -0.3628842811
BLYP 50 173.6 -0.3628586136
BLYP 50 173.75 -0.3628329764
BLYP 50 173.9 -0.3628073695
BLYP 50 174.05 -0.3627817928
BLYP 50 174.2 -0.3627562463
BLYP 50 174.35 -0.3627307299
BLYP 50 174.5 -0.3627052434
BLYP 50 174.65 -0.362679787
BLYP 50 174.8 -0.3626543605
BLYP 50 174.95 -0.3626289638
BLYP 50 175.1 -0.3626035969
BLYP 50 175.25 -0.3625782597
BLYP 50 175.4 -0.3625529522
BLYP 50 175.55 -0.3625276743
BLYP 50 175.7 -0.362502426
BLYP 50 175.85 -0.3624772071
BLYP 50 176 -0.3624520177
BLYP 50 176.15 -0.3624268576
BLYP 50 176.3 -0.3624017269
BLYP 50 176.45 -0.3623766254
BLYP 50 176.6 -0.3623515531
BLYP 50 176.75 -0.3623265099
BLYP 50 176.9 -0.3623014958
BLYP 50 177.05 -0.3622765107
BLYP 50 177.2 -0.3622515546
BLYP 50 177.35 -0.3622266274
BLYP 50 177.5 -0.362201729
BLYP 50 177.65 -0.3621768594
BLYP 50 177.8 -0.3621520186
BLYP 50 177.95 -0.3621272064
BLYP 50 178.1 -0.3621024228
BLYP 50 178.25 -0.3620776678
BLYP 50 178.4 -0.3620529413
BLYP 50 178.55 -0.3620282432
BLYP 50 178.7 -0.3620035735
BLYP 50 178.85 -0.3619789322
BLYP 50 179 -0.3619543191
BLYP 50 179.15 -0.3619297343
BLYP 50 179.3 -0.3619051776
BLYP 50 179.45 -0.361880649
BLYP 50 179.6 -0.3618561484
BLYP 50 179.75 -0.3618316759
BLYP 50 179.9 -0.3618072313
BLYP 50 180.05 -0.3617828146
BLYP 50 180.2 -0.3617584257
BLYP 50 180.35 -0.3617340646
BLYP 50 180.5 -0.3617097312
BLYP 50 180.65 -0.3616854255
BLYP 50 180.8 -0.3616611473
BLYP 50 180.95 -0.3616368968
BLYP 50 181.1 -0.3616126737
BLYP 50 181.25 -0.3615884781
BLYP 50 181.4 -0.3615643099
BLYP 50 181.55 -0.3615401691
BLYP 50 181.7 -0.3615160555
BLYP 50 181.85 -0.3614919691
BLYP 50 182 -0.36146791
BLYP 50 182.15 -0.361443878
BLYP 50 182.3 -0.361419873
BLYP 50 182.45 -0.3613958951
BLYP 50 182.6 -0.3613719441
BLYP 50 182.75 -0.3613480201
BLYP 50 182.9 -0.3613241229
BLYP 50 183.05 -0.3613002525
BLYP 50 183.2 -0.3612764089
BLYP 50 183.35 -0.361252592
BLYP 50 183.5 -0.3612288018
BLYP 50 183.65 -0.3612050381
BLYP 50 183.8 -0.3611813011
BLYP 50 183.95 -0.3611575905
BLYP 50 184.1 -0.3611339063
BLYP 50 184.25 -0.3611102486
BLYP 50 184.4 -0.3610866172
BLYP 50 184.55 -0.3610630122
BLYP 50 184.7 -0.3610394333
BLYP 50 184.85 -0.3610158807
BLYP 50 185 -0.3609923542
BLYP 50 185.15 -0.3609688538
BLYP 50 185.3 -0.3609453795
BLYP 50 185.45 -0.3609219311
BLYP 50 185.6 -0.3608985087
BLYP 50 185.75 -0.3608751122
BLYP 50 185.9 -0.3608517416
BLYP 50 186.05 -0.3608283967
BLYP 50 186.2 -0.3608050776
BLYP 50 186.35 -0.3607817842
BLYP 50 186.5 -0.3607585164
BLYP 50 186.65 -0.3607352742
BLYP 50 186.8 -0.3607120576
BLYP 50 186.95 -0.3606888665
BLYP 50 187.1 -0.3606657008
BLYP 50 187.25 -0.3606425606
BLYP 50 187.4 -0.3606194457
BLYP 50 187.55 -0.3605963561
BLYP 50 187.7 -0.3605732918
BLYP 50 187.85 -0.3605502526
BLYP 50 188 -0.3605272387
BLYP 50 188.15 -0.3605042498
BLYP 50 188.3 -0.3604812861
BLYP 50 188.45 -0.3604583473
BLYP 50 188.6 -0.3604354336
BLYP 50 188.75 -0.3604125447
BLYP 50 188.9 -0.3603896808
BLYP 50 189.05 -0.3603668416
BLYP 50 189.2 -0.3603440273
BLYP 50 189.35 -0.3603212377
BLYP 50 189.5 -0.3602984728
BLYP 50 189.65 -0.3602757325
BLYP 50 189.8 -0.3602530169
BLYP 50 189.95 -0.3602303258
BLYP 50 190.1 -0.3602076592
BLYP 50 190.25 -0.360185017
BLYP 50 190.4 -0.3601623993
BLYP 50 190.55 -0.3601398059
BLYP 50 190.7 -0.3601172369
BLYP 50 190.85 -0.3600946922
BLYP 50 191 -0.3600721716
BLYP 50 191.15 -0.3600496753
BLYP 50 191.3 -0.3600272031
BLYP 50 191.45 -0.360004755
BLYP 50 191.6 -0.359982331
BLYP 50 191.75 -0.359959931
BLYP 50 191.9 -0.3599375549
BLYP 50 192.05 -0.3599152028
BLYP 50 192.2 -0.3598928745
BLYP 50 192.35 -0.35987057
BLYP 50 192.5 -0.3598482894
BLYP 50 192.65 -0.3598260325
BLYP 50 192.8 -0.3598037993
BLYP 50 192.95 -0.3597815897
BLYP 50 193.1 -0.3597594037
BLYP 50 193.25 -0.3597372413
BLYP 50 193.4 -0.3597151025
BLYP 50 193.55 -0.3596929871
BLYP 50 193.7 -0.3596708951
BLYP 50 193.85 -0.3596488266
BLYP 50 194 -0.3596267813
BLYP 50 194.15 -0.3596047594
BLYP 50 194.3 -0.3595827608
BLYP 50 194.45 -0.3595607854
BLYP 50 194.6 -0.3595388331
BLYP 50 194.75 -0.359516904
BLYP 50 194.9 -0.359494998
BLYP 50 195.05 -0.359473115
BLYP 50 195.2 -0.359451255
BLYP 50 195.35 -0.359429418
BLYP 50 195.5 -0.359407604
BLYP 50 195.65 -0.3593858128
BLYP 50 195.8 -0.3593640444
BLYP 50 195.95 -0.3593422988
BLYP 50 196.1 -0.359320576
BLYP 50 196.25 -0.359298876
BLYP 50 196.4 -0.3592771985
BLYP 50 196.55 -0.3592555438
BLYP 50 196.7 -0.3592339116
BLYP 50 196.85 -0.3592123019
BLYP 50 197 -0.3591907148
BLYP 50 197.15 -0.3591691501
BLYP 50 197.3 -0.3591476079
BLYP 50 197.45 -0.359126088
BLYP 50 197.6 -0.3591045905
BLYP 50 197.75 -0.3590831153
BLYP 50 197.9 -0.3590616624
BLYP 50 198.05 -0.3590402317
BLYP 50 198.2 -0.3590188231
BLYP 50 198.35 -0.3589974367
BLYP 50 198.5 -0.3589760725
BLYP 50 198.65 -0.3589547302
BLYP 50 198.8 -0.35893341
BLYP 50 198.95 -0.3589121118
BLYP 50 199.1 -0.3588908356
BLYP 50 199.25 -0.3588695812
BLYP 50 199.4 -0.3588483487
BLYP 50 199.55 -0.3588271381
BLYP 50 199.7 -0.3588059492
BLYP 50 199.85 -0.358784782
BLYP 50 200 -0.3587636366
