Functional Exponent Coefficient Energy
BLYP 0.001 -175 -175.1751480861
BLYP 0.001 -174.7 -174.8755641036
BLYP 0.001 -174.4 -174.5759803632
BLYP 0.001 -174.1 -174.2763968654
BLYP 0.001 -173.8 -173.9768136106
BLYP 0.001 -173.5 -173.6772305994
BLYP 0.001 -173.2 -173.3776478323
BLYP 0.001 -172.9 -173.0780653097
BLYP 0.001 -172.6 -172.7784830321
BLYP 0.001 -172.3 -172.4789010002
BLYP 0.001 -172 -172.1793192143
BLYP 0.001 -171.7 -171.879737675
BLYP 0.001 -171.4 -171.5801563828
BLYP 0.001 -171.1 -171.2805753382
BLYP 0.001 -170.8 -170.9809945417
BLYP 0.001 -170.5 -170.6814139939
BLYP 0.001 -170.2 -170.3818336952
BLYP 0.001 -169.9 -170.0822536462
BLYP 0.001 -169.6 -169.7826738473
BLYP 0.001 -169.3 -169.4830942992
BLYP 0.001 -169 -169.1835150023
BLYP 0.001 -168.7 -168.8839359572
BLYP 0.001 -168.4 -168.5843571643
BLYP 0.001 -168.1 -168.2847786243
BLYP 0.001 -167.8 -167.9852003375
BLYP 0.001 -167.5 -167.6856223047
BLYP 0.001 -167.2 -167.3860445262
BLYP 0.001 -166.9 -167.0864670027
BLYP 0.001 -166.6 -166.7868897347
BLYP 0.001 -166.3 -166.4873127227
BLYP 0.001 -166 -166.1877359672
BLYP 0.001 -165.7 -165.8881594688
BLYP 0.001 -165.4 -165.588583228
BLYP 0.001 -165.1 -165.2890072454
BLYP 0.001 -164.8 -164.9894315216
BLYP 0.001 -164.5 -164.689856057
BLYP 0.001 -164.2 -164.3902808522
BLYP 0.001 -163.9 -164.0907059078
BLYP 0.001 -163.6 -163.7911312243
BLYP 0.001 -163.3 -163.4915568023
BLYP 0.001 -163 -163.1919826423
BLYP 0.001 -162.7 -162.8924087449
BLYP 0.001 -162.4 -162.5928351107
BLYP 0.001 -162.1 -162.2932617402
BLYP 0.001 -161.8 -161.993688634
BLYP 0.001 -161.5 -161.6941157926
BLYP 0.001 -161.2 -161.3945432166
BLYP 0.001 -160.9 -161.0949709066
BLYP 0.001 -160.6 -160.7953988632
BLYP 0.001 -160.3 -160.4958270869
BLYP 0.001 -160 -160.1962555783
BLYP 0.001 -159.7 -159.896684338
BLYP 0.001 -159.4 -159.5971133665
BLYP 0.001 -159.1 -159.2975426645
BLYP 0.001 -158.8 -158.9979722325
BLYP 0.001 -158.5 -158.6984020711
BLYP 0.001 -158.2 -158.3988321809
BLYP 0.001 -157.9 -158.0992625624
BLYP 0.001 -157.6 -157.7996932164
BLYP 0.001 -157.3 -157.5001241433
BLYP 0.001 -157 -157.2005553437
BLYP 0.001 -156.7 -156.9009868183
BLYP 0.001 -156.4 -156.6014185677
BLYP 0.001 -156.1 -156.3018505924
BLYP 0.001 -155.8 -156.0022828931
BLYP 0.001 -155.5 -155.7027154703
BLYP 0.001 -155.2 -155.4031483247
BLYP 0.001 -154.9 -155.1035814569
BLYP 0.001 -154.6 -154.8040148674
BLYP 0.001 -154.3 -154.504448557
BLYP 0.001 -154 -154.2048825262
BLYP 0.001 -153.7 -153.9053167756
BLYP 0.001 -153.4 -153.6057513058
BLYP 0.001 -153.1 -153.3061861176
BLYP 0.001 -152.8 -153.0066212115
BLYP 0.001 -152.5 -152.7070565881
BLYP 0.001 -152.2 -152.4074922481
BLYP 0.001 -151.9 -152.1079281929
BLYP 0.001 -151.6 -151.8083644251
BLYP 0.001 -151.3 -151.5088009426
BLYP 0.001 -151 -151.2092377461
BLYP 0.001 -150.7 -150.9096748361
BLYP 0.001 -150.4 -150.6101122134
BLYP 0.001 -150.1 -150.3105498785
BLYP 0.001 -149.8 -150.0109878321
BLYP 0.001 -149.5 -149.7114260749
BLYP 0.001 -149.2 -149.4118646074
BLYP 0.001 -148.9 -149.1123034303
BLYP 0.001 -148.6 -148.8127425443
BLYP 0.001 -148.3 -148.51318195
BLYP 0.001 -148 -148.2136216482
BLYP 0.001 -147.7 -147.9140616393
BLYP 0.001 -147.4 -147.6145019242
BLYP 0.001 -147.1 -147.3149425034
BLYP 0.001 -146.8 -147.0153833776
BLYP 0.001 -146.5 -146.7158245476
BLYP 0.001 -146.2 -146.4162660139
BLYP 0.001 -145.9 -146.1167077772
BLYP 0.001 -145.6 -145.8171498382
BLYP 0.001 -145.3 -145.5175921977
BLYP 0.001 -145 -145.2180348562
BLYP 0.001 -144.7 -144.9184778144
BLYP 0.001 -144.4 -144.6189210731
BLYP 0.001 -144.1 -144.3193646329
BLYP 0.001 -143.8 -144.0198084945
BLYP 0.001 -143.5 -143.7202526586
BLYP 0.001 -143.2 -143.420697126
BLYP 0.001 -142.9 -143.1211418971
BLYP 0.001 -142.6 -142.8215869729
BLYP 0.001 -142.3 -142.522032354
BLYP 0.001 -142 -142.2224780411
BLYP 0.001 -141.7 -141.9229240348
BLYP 0.001 -141.4 -141.623370336
BLYP 0.001 -141.1 -141.3238169453
BLYP 0.001 -140.8 -141.0242638635
BLYP 0.001 -140.5 -140.7247110911
BLYP 0.001 -140.2 -140.4251586291
BLYP 0.001 -139.9 -140.125606478
BLYP 0.001 -139.6 -139.8260546387
BLYP 0.001 -139.3 -139.5265031118
BLYP 0.001 -139 -139.2269518981
BLYP 0.001 -138.7 -138.9274009982
BLYP 0.001 -138.4 -138.627850413
BLYP 0.001 -138.1 -138.3283001432
BLYP 0.001 -137.8 -138.0287501895
BLYP 0.001 -137.5 -137.7292005527
BLYP 0.001 -137.2 -137.4296512334
BLYP 0.001 -136.9 -137.1301022325
BLYP 0.001 -136.6 -136.8305535507
BLYP 0.001 -136.3 -136.5310051888
BLYP 0.001 -136 -136.2314571475
BLYP 0.001 -135.7 -135.9319094275
BLYP 0.001 -135.4 -135.6323620297
BLYP 0.001 -135.1 -135.3328149548
BLYP 0.001 -134.8 -135.0332682035
BLYP 0.001 -134.5 -134.7337217767
BLYP 0.001 -134.2 -134.434175675
BLYP 0.001 -133.9 -134.1346298994
BLYP 0.001 -133.6 -133.8350844505
BLYP 0.001 -133.3 -133.5355393292
BLYP 0.001 -133 -133.2359945362
BLYP 0.001 -132.7 -132.9364500723
BLYP 0.001 -132.4 -132.6369059384
BLYP 0.001 -132.1 -132.3373621351
BLYP 0.001 -131.8 -132.0378186633
BLYP 0.001 -131.5 -131.7382755239
BLYP 0.001 -131.2 -131.4387327176
BLYP 0.001 -130.9 -131.1391902452
BLYP 0.001 -130.6 -130.8396481075
BLYP 0.001 -130.3 -130.5401063053
BLYP 0.001 -130 -130.2405648396
BLYP 0.001 -129.7 -129.941023711
BLYP 0.001 -129.4 -129.6414829205
BLYP 0.001 -129.1 -129.3419424689
BLYP 0.001 -128.8 -129.042402357
BLYP 0.001 -128.5 -128.7428625857
BLYP 0.001 -128.2 -128.4433231559
BLYP 0.001 -127.9 -128.1437840684
BLYP 0.001 -127.6 -127.8442453242
BLYP 0.001 -127.3 -127.5447069243
BLYP 0.001 -127 -127.2451688695
BLYP 0.001 -126.7 -126.9456311608
BLYP 0.001 -126.4 -126.6460937988
BLYP 0.001 -126.1 -126.3465567845
BLYP 0.001 -125.8 -126.0470201184
BLYP 0.001 -125.5 -125.7474838016
BLYP 0.001 -125.2 -125.4479478347
BLYP 0.001 -124.9 -125.1484122186
BLYP 0.001 -124.6 -124.8488769542
BLYP 0.001 -124.3 -124.5493420424
BLYP 0.001 -124 -124.2498074839
BLYP 0.001 -123.7 -123.9502732797
BLYP 0.001 -123.4 -123.6507394306
BLYP 0.001 -123.1 -123.3512059376
BLYP 0.001 -122.8 -123.0516728015
BLYP 0.001 -122.5 -122.7521400232
BLYP 0.001 -122.2 -122.4526076036
BLYP 0.001 -121.9 -122.1530755436
BLYP 0.001 -121.6 -121.8535438442
BLYP 0.001 -121.3 -121.5540125062
BLYP 0.001 -121 -121.2544815306
BLYP 0.001 -120.7 -120.9549509183
BLYP 0.001 -120.4 -120.6554206702
BLYP 0.001 -120.1 -120.3558907872
BLYP 0.001 -119.8 -120.0563612702
BLYP 0.001 -119.5 -119.7568321203
BLYP 0.001 -119.2 -119.4573033383
BLYP 0.001 -118.9 -119.1577749252
BLYP 0.001 -118.6 -118.858246882
BLYP 0.001 -118.3 -118.5587192095
BLYP 0.001 -118 -118.2591919088
BLYP 0.001 -117.7 -117.9596649808
BLYP 0.001 -117.4 -117.6601384265
BLYP 0.001 -117.1 -117.3606122468
BLYP 0.001 -116.8 -117.0610864428
BLYP 0.001 -116.5 -116.7615610153
BLYP 0.001 -116.2 -116.4620359654
BLYP 0.001 -115.9 -116.1625112941
BLYP 0.001 -115.6 -115.8629870023
BLYP 0.001 -115.3 -115.5634630911
BLYP 0.001 -115 -115.2639395614
BLYP 0.001 -114.7 -114.9644164142
BLYP 0.001 -114.4 -114.6648936507
BLYP 0.001 -114.1 -114.3653712716
BLYP 0.001 -113.8 -114.0658492782
BLYP 0.001 -113.5 -113.7663276714
BLYP 0.001 -113.2 -113.4668064522
BLYP 0.001 -112.9 -113.1672856216
BLYP 0.001 -112.6 -112.8677651808
BLYP 0.001 -112.3 -112.5682451306
BLYP 0.001 -112 -112.2687254723
BLYP 0.001 -111.7 -111.9692062067
BLYP 0.001 -111.4 -111.6696873351
BLYP 0.001 -111.1 -111.3701688584
BLYP 0.001 -110.8 -111.0706507776
BLYP 0.001 -110.5 -110.7711330939
BLYP 0.001 -110.2 -110.4716158084
BLYP 0.001 -109.9 -110.1720989221
BLYP 0.001 -109.6 -109.872582436
BLYP 0.001 -109.3 -109.5730663513
BLYP 0.001 -109 -109.2735506691
BLYP 0.001 -108.7 -108.9740353905
BLYP 0.001 -108.4 -108.6745205165
BLYP 0.001 -108.1 -108.3750060483
BLYP 0.001 -107.8 -108.075491987
BLYP 0.001 -107.5 -107.7759783337
BLYP 0.001 -107.2 -107.4764650895
BLYP 0.001 -106.9 -107.1769522556
BLYP 0.001 -106.6 -106.877439833
BLYP 0.001 -106.3 -106.577927823
BLYP 0.001 -106 -106.2784162266
BLYP 0.001 -105.7 -105.978905045
BLYP 0.001 -105.4 -105.6793942794
BLYP 0.001 -105.1 -105.379883931
BLYP 0.001 -104.8 -105.0803740008
BLYP 0.001 -104.5 -104.7808644901
BLYP 0.001 -104.2 -104.4813554
BLYP 0.001 -103.9 -104.1818467318
BLYP 0.001 -103.6 -103.8823384866
BLYP 0.001 -103.3 -103.5828306655
BLYP 0.001 -103 -103.2833232699
BLYP 0.001 -102.7 -102.9838163009
BLYP 0.001 -102.4 -102.6843097597
BLYP 0.001 -102.1 -102.3848036476
BLYP 0.001 -101.8 -102.0852979657
BLYP 0.001 -101.5 -101.7857927154
BLYP 0.001 -101.2 -101.4862878977
BLYP 0.001 -100.9 -101.1867835141
BLYP 0.001 -100.6 -100.8872795656
BLYP 0.001 -100.3 -100.5877760537
BLYP 0.001 -100 -100.2882729795
BLYP 0.001 -99.7 -99.9887703442
BLYP 0.001 -99.4 -99.6892681493
BLYP 0.001 -99.1 -99.389766396
BLYP 0.001 -98.8 -99.0902650854
BLYP 0.001 -98.5 -98.7907642191
BLYP 0.001 -98.2 -98.4912637982
BLYP 0.001 -97.9 -98.191763824
BLYP 0.001 -97.6 -97.8922642979
BLYP 0.001 -97.3 -97.5927652212
BLYP 0.001 -97 -97.2932665952
BLYP 0.001 -96.7 -96.9937684213
BLYP 0.001 -96.4 -96.6942707008
BLYP 0.001 -96.1 -96.394773435
BLYP 0.001 -95.8 -96.0952766254
BLYP 0.001 -95.5 -95.7957802732
BLYP 0.001 -95.2 -95.4962843798
BLYP 0.001 -94.9 -95.1967889467
BLYP 0.001 -94.6 -94.8972939752
BLYP 0.001 -94.3 -94.5977994667
BLYP 0.001 -94 -94.2983054226
BLYP 0.001 -93.7 -93.9988118444
BLYP 0.001 -93.4 -93.6993187333
BLYP 0.001 -93.1 -93.399826091
BLYP 0.001 -92.8 -93.1003339187
BLYP 0.001 -92.5 -92.800842218
BLYP 0.001 -92.2 -92.5013509903
BLYP 0.001 -91.9 -92.201860237
BLYP 0.001 -91.6 -91.9023699596
BLYP 0.001 -91.3 -91.6028801597
BLYP 0.001 -91 -91.3033908386
BLYP 0.001 -90.7 -91.0039019979
BLYP 0.001 -90.4 -90.7044136391
BLYP 0.001 -90.1 -90.4049257636
BLYP 0.001 -89.8 -90.1054383731
BLYP 0.001 -89.5 -89.805951469
BLYP 0.001 -89.2 -89.5064650529
BLYP 0.001 -88.9 -89.2069791263
BLYP 0.001 -88.6 -88.9074936908
BLYP 0.001 -88.3 -88.6080087479
BLYP 0.001 -88 -88.3085242993
BLYP 0.001 -87.7 -88.0090403465
BLYP 0.001 -87.4 -87.7095568911
BLYP 0.001 -87.1 -87.4100739347
BLYP 0.001 -86.8 -87.110591479
BLYP 0.001 -86.5 -86.8111095255
BLYP 0.001 -86.2 -86.511628076
BLYP 0.001 -85.9 -86.2121471321
BLYP 0.001 -85.6 -85.9126666955
BLYP 0.001 -85.3 -85.6131867678
BLYP 0.001 -85 -85.3137073509
BLYP 0.001 -84.7 -85.0142284466
BLYP 0.001 -84.4 -84.7147500643
BLYP 0.001 -84.1 -84.4152722008
BLYP 0.001 -83.8 -84.1157948552
BLYP 0.001 -83.5 -83.816318029
BLYP 0.001 -83.2 -83.5168417239
BLYP 0.001 -82.9 -83.2173659417
BLYP 0.001 -82.6 -82.9178906841
BLYP 0.001 -82.3 -82.6184159529
BLYP 0.001 -82 -82.3189417498
BLYP 0.001 -81.7 -82.0194680766
BLYP 0.001 -81.4 -81.7199949352
BLYP 0.001 -81.1 -81.4205223273
BLYP 0.001 -80.8 -81.1210502547
BLYP 0.001 -80.5 -80.8215787194
BLYP 0.001 -80.2 -80.5221077232
BLYP 0.001 -79.9 -80.2226372679
BLYP 0.001 -79.6 -79.9231673554
BLYP 0.001 -79.3 -79.6236979877
BLYP 0.001 -79 -79.3242291666
BLYP 0.001 -78.7 -79.024760894
BLYP 0.001 -78.4 -78.7252931719
BLYP 0.001 -78.1 -78.4258260023
BLYP 0.001 -77.8 -78.1263593871
BLYP 0.001 -77.5 -77.8268933282
BLYP 0.001 -77.2 -77.5274278277
BLYP 0.001 -76.9 -77.2279628876
BLYP 0.001 -76.6 -76.9284985099
BLYP 0.001 -76.3 -76.6290346966
BLYP 0.001 -76 -76.3295714498
BLYP 0.001 -75.7 -76.0301087716
BLYP 0.001 -75.4 -75.7306466639
BLYP 0.001 -75.1 -75.431185129
BLYP 0.001 -74.8 -75.131724169
BLYP 0.001 -74.5 -74.8322637859
BLYP 0.001 -74.2 -74.5328039819
BLYP 0.001 -73.9 -74.2333447592
BLYP 0.001 -73.6 -73.9338861199
BLYP 0.001 -73.3 -73.6344280663
BLYP 0.001 -73 -73.3349706004
BLYP 0.001 -72.7 -73.0355137246
BLYP 0.001 -72.4 -72.7360574411
BLYP 0.001 -72.1 -72.4366017522
BLYP 0.001 -71.8 -72.13714666
BLYP 0.001 -71.5 -71.8376921668
BLYP 0.001 -71.2 -71.5382382753
BLYP 0.001 -70.9 -71.2387849909
BLYP 0.001 -70.6 -70.9393323149
BLYP 0.001 -70.3 -70.6398802472
BLYP 0.001 -70 -70.3404287903
BLYP 0.001 -69.7 -70.0409779465
BLYP 0.001 -69.4 -69.7415277183
BLYP 0.001 -69.1 -69.4420781081
BLYP 0.001 -68.8 -69.1426291185
BLYP 0.001 -68.5 -68.843180752
BLYP 0.001 -68.2 -68.5437330111
BLYP 0.001 -67.9 -68.2442858983
BLYP 0.001 -67.6 -67.9448394162
BLYP 0.001 -67.3 -67.6453935674
BLYP 0.001 -67 -67.3459483545
BLYP 0.001 -66.7 -67.0465037801
BLYP 0.001 -66.4 -66.7470598468
BLYP 0.001 -66.1 -66.4476165574
BLYP 0.001 -65.8 -66.1481739146
BLYP 0.001 -65.5 -65.848731921
BLYP 0.001 -65.2 -65.5492905794
BLYP 0.001 -64.9 -65.2498498926
BLYP 0.001 -64.6 -64.9504098634
BLYP 0.001 -64.3 -64.6509704947
BLYP 0.001 -64 -64.3515317894
BLYP 0.001 -63.7 -64.0520937505
BLYP 0.001 -63.4 -63.7526563866
BLYP 0.001 -63.1 -63.4532196977
BLYP 0.001 -62.8 -63.1537836841
BLYP 0.001 -62.5 -62.8543483487
BLYP 0.001 -62.2 -62.5549136946
BLYP 0.001 -61.9 -62.2554797246
BLYP 0.001 -61.6 -61.956046442
BLYP 0.001 -61.3 -61.6566138496
BLYP 0.001 -61 -61.3571819507
BLYP 0.001 -60.7 -61.0577507484
BLYP 0.001 -60.4 -60.7583202458
BLYP 0.001 -60.1 -60.4588904462
BLYP 0.001 -59.8 -60.1594613528
BLYP 0.001 -59.5 -59.8600329689
BLYP 0.001 -59.2 -59.5606052978
BLYP 0.001 -58.9 -59.2611783429
BLYP 0.001 -58.6 -58.9617521074
BLYP 0.001 -58.3 -58.6623265948
BLYP 0.001 -58 -58.3629018086
BLYP 0.001 -57.7 -58.0634777522
BLYP 0.001 -57.4 -57.7640544292
BLYP 0.001 -57.1 -57.4646318431
BLYP 0.001 -56.8 -57.1652099975
BLYP 0.001 -56.5 -56.865788896
BLYP 0.001 -56.2 -56.5663685423
BLYP 0.001 -55.9 -56.26694894
BLYP 0.001 -55.6 -55.9675300948
BLYP 0.001 -55.3 -55.6681120083
BLYP 0.001 -55 -55.3686946846
BLYP 0.001 -54.7 -55.0692781276
BLYP 0.001 -54.4 -54.7698623429
BLYP 0.001 -54.1 -54.4704473349
BLYP 0.001 -53.8 -54.1710331058
BLYP 0.001 -53.5 -53.8716196595
BLYP 0.001 -53.2 -53.572207
BLYP 0.001 -52.9 -53.2727951317
BLYP 0.001 -52.6 -52.9733840585
BLYP 0.001 -52.3 -52.6739737848
BLYP 0.001 -52 -52.3745643147
BLYP 0.001 -51.7 -52.0751556528
BLYP 0.001 -51.4 -51.7757478033
BLYP 0.001 -51.1 -51.4763407706
BLYP 0.001 -50.8 -51.1769345593
BLYP 0.001 -50.5 -50.8775291739
BLYP 0.001 -50.2 -50.5781246197
BLYP 0.001 -49.9 -50.2787209013
BLYP 0.001 -49.6 -49.9793180229
BLYP 0.001 -49.3 -49.6799159892
BLYP 0.001 -49 -49.380514805
BLYP 0.001 -48.7 -49.0811144752
BLYP 0.001 -48.4 -48.7817150048
BLYP 0.001 -48.1 -48.4823163989
BLYP 0.001 -47.8 -48.1829186626
BLYP 0.001 -47.5 -47.8835218008
BLYP 0.001 -47.2 -47.5841258189
BLYP 0.001 -46.9 -47.2847307221
BLYP 0.001 -46.6 -46.9853365157
BLYP 0.001 -46.3 -46.6859432051
BLYP 0.001 -46 -46.3865507958
BLYP 0.001 -45.7 -46.0871592934
BLYP 0.001 -45.4 -45.7877687035
BLYP 0.001 -45.1 -45.4883790317
BLYP 0.001 -44.8 -45.1889902838
BLYP 0.001 -44.5 -44.8896024657
BLYP 0.001 -44.2 -44.5902155833
BLYP 0.001 -43.9 -44.2908296427
BLYP 0.001 -43.6 -43.9914446498
BLYP 0.001 -43.3 -43.6920606109
BLYP 0.001 -43 -43.3926775322
BLYP 0.001 -42.7 -43.0932954201
BLYP 0.001 -42.4 -42.7939142811
BLYP 0.001 -42.1 -42.4945341215
BLYP 0.001 -41.8 -42.1951549481
BLYP 0.001 -41.5 -41.8957767676
BLYP 0.001 -41.2 -41.5963995868
BLYP 0.001 -40.9 -41.2970234125
BLYP 0.001 -40.6 -40.9976482519
BLYP 0.001 -40.3 -40.6982741119
BLYP 0.001 -40 -40.3989009999
BLYP 0.001 -39.7 -40.0995289231
BLYP 0.001 -39.4 -39.800157889
BLYP 0.001 -39.1 -39.5007879051
BLYP 0.001 -38.8 -39.201418979
BLYP 0.001 -38.5 -38.9020511187
BLYP 0.001 -38.2 -38.6026843319
BLYP 0.001 -37.9 -38.3033186266
BLYP 0.001 -37.6 -38.0039540111
BLYP 0.001 -37.3 -37.7045904935
BLYP 0.001 -37 -37.4052280823
BLYP 0.001 -36.7 -37.1058667859
BLYP 0.001 -36.4 -36.8065066131
BLYP 0.001 -36.1 -36.5071475727
BLYP 0.001 -35.8 -36.2077896735
BLYP 0.001 -35.5 -35.9084329248
BLYP 0.001 -35.2 -35.6090773356
BLYP 0.001 -34.9 -35.3097229155
BLYP 0.001 -34.6 -35.0103696739
BLYP 0.001 -34.3 -34.7110176205
BLYP 0.001 -34 -34.4116667652
BLYP 0.001 -33.7 -34.1123171181
BLYP 0.001 -33.4 -33.8129686892
BLYP 0.001 -33.1 -33.5136214891
BLYP 0.001 -32.8 -33.2142755281
BLYP 0.001 -32.5 -32.9149308172
BLYP 0.001 -32.2 -32.615587367
BLYP 0.001 -31.9 -32.3162451889
BLYP 0.001 -31.6 -32.0169042939
BLYP 0.001 -31.3 -31.7175646938
BLYP 0.001 -31 -31.4182264
BLYP 0.001 -30.7 -31.1188894247
BLYP 0.001 -30.4 -30.8195537797
BLYP 0.001 -30.1 -30.5202194776
BLYP 0.001 -29.8 -30.2208865308
BLYP 0.001 -29.5 -29.9215549522
BLYP 0.001 -29.2 -29.6222247547
BLYP 0.001 -28.9 -29.3228959516
BLYP 0.001 -28.6 -29.0235685565
BLYP 0.001 -28.3 -28.7242425831
BLYP 0.001 -28 -28.4249180454
BLYP 0.001 -27.7 -28.1255949577
BLYP 0.001 -27.4 -27.8262733346
BLYP 0.001 -27.1 -27.5269531908
BLYP 0.001 -26.8 -27.2276345416
BLYP 0.001 -26.5 -26.9283174023
BLYP 0.001 -26.2 -26.6290017887
BLYP 0.001 -25.9 -26.3296877167
BLYP 0.001 -25.6 -26.0303752027
BLYP 0.001 -25.3 -25.7310642634
BLYP 0.001 -25 -25.4317549157
BLYP 0.001 -24.7 -25.1324471771
BLYP 0.001 -24.4 -24.8331410651
BLYP 0.001 -24.1 -24.5338365978
BLYP 0.001 -23.8 -24.2345337937
BLYP 0.001 -23.5 -23.9352326715
BLYP 0.001 -23.2 -23.6359332504
BLYP 0.001 -22.9 -23.33663555
BLYP 0.001 -22.6 -23.0373395903
BLYP 0.001 -22.3 -22.7380453916
BLYP 0.001 -22 -22.4387529748
BLYP 0.001 -21.7 -22.1394623613
BLYP 0.001 -21.4 -21.8401735727
BLYP 0.001 -21.1 -21.5408866312
BLYP 0.001 -20.8 -21.2416015595
BLYP 0.001 -20.5 -20.9423183808
BLYP 0.001 -20.2 -20.6430371188
BLYP 0.001 -19.9 -20.3437577977
BLYP 0.001 -19.6 -20.0444804422
BLYP 0.001 -19.3 -19.7452050777
BLYP 0.001 -19 -19.44593173
BLYP 0.001 -18.7 -19.1466604255
BLYP 0.001 -18.4 -18.8473911912
BLYP 0.001 -18.1 -18.548124055
BLYP 0.001 -17.8 -18.2488590449
BLYP 0.001 -17.5 -17.94959619
BLYP 0.001 -17.2 -17.6503355199
BLYP 0.001 -16.9 -17.3510770649
BLYP 0.001 -16.6 -17.051820856
BLYP 0.001 -16.3 -16.752566925
BLYP 0.001 -16 -16.4533153043
BLYP 0.001 -15.7 -16.1540660273
BLYP 0.001 -15.4 -15.8548191279
BLYP 0.001 -15.1 -15.5555746411
BLYP 0.001 -14.8 -15.2563326026
BLYP 0.001 -14.5 -14.957093049
BLYP 0.001 -14.2 -14.6578560178
BLYP 0.001 -13.9 -14.3586215475
BLYP 0.001 -13.6 -14.0593896773
BLYP 0.001 -13.3 -13.7601604477
BLYP 0.001 -13 -13.4609339
BLYP 0.001 -12.7 -13.1617100766
BLYP 0.001 -12.4 -12.8624890209
BLYP 0.001 -12.1 -12.5632707776
BLYP 0.001 -11.8 -12.2640553922
BLYP 0.001 -11.5 -11.9648429118
BLYP 0.001 -11.2 -11.6656333844
BLYP 0.001 -10.9 -11.3664268593
BLYP 0.001 -10.6 -11.0672233872
BLYP 0.001 -10.3 -10.7680230199
BLYP 0.001 -10 -10.4688258108
BLYP 0.001 -9.7 -10.1696318145
BLYP 0.001 -9.4 -9.8704410873
BLYP 0.001 -9.1 -9.5712536869
BLYP 0.001 -8.8 -9.2720696723
BLYP 0.001 -8.5 -8.9728891044
BLYP 0.001 -8.2 -8.6737120457
BLYP 0.001 -7.9 -8.3745385602
BLYP 0.001 -7.6 -8.0753687139
BLYP 0.001 -7.3 -7.7762025744
BLYP 0.001 -7 -7.4770402113
BLYP 0.001 -6.7 -7.1778816961
BLYP 0.001 -6.4 -6.8787271022
BLYP 0.001 -6.1 -6.5795765051
BLYP 0.001 -5.8 -6.2804299824
BLYP 0.001 -5.5 -5.9812876139
BLYP 0.001 -5.2 -5.6821494816
BLYP 0.001 -4.9 -5.38301567
BLYP 0.001 -4.6 -5.0838862657
BLYP 0.001 -4.3 -4.784761358
BLYP 0.001 -4 -4.4856410386
BLYP 0.001 -3.7 -4.186525402
BLYP 0.001 -3.4 -3.8874145453
BLYP 0.001 -3.1 -3.5883085684
BLYP 0.001 -2.8 -3.2892075741
BLYP 0.001 -2.5 -2.9901116682
BLYP 0.001 -2.2 -2.6910209596
BLYP 0.001 -1.9 -2.3919355605
BLYP 0.001 -1.6 -2.0928555861
BLYP 0.001 -1.3 -1.7937811551
BLYP 0.001 -1 -1.4947123898
BLYP 0.001 -0.7 -1.1956494161
BLYP 0.001 -0.4 -0.8965923634
BLYP 0.001 -0.1 -0.5975413651
BLYP 0.001 0.2 -0.2984965585
BLYP 0.001 0.5 0.000541915
BLYP 0.001 0.8 0.2995739097
BLYP 0.001 1.1 0.5985992758
BLYP 0.001 1.4 0.897617859
BLYP 0.001 1.7 1.1966295002
BLYP 0.001 2 1.4956340358
BLYP 0.001 2.3 1.7946312971
BLYP 0.001 2.6 2.0936211107
BLYP 0.001 2.9 2.3926032977
BLYP 0.001 3.2 2.6915776742
BLYP 0.001 3.5 2.9905440505
BLYP 0.001 3.8 3.2895022316
BLYP 0.001 4.1 3.5884520166
BLYP 0.001 4.4 3.8873931984
BLYP 0.001 4.7 4.1863255643
BLYP 0.001 5 4.485248895
BLYP 0.001 5.3 4.7841629648
BLYP 0.001 5.6 5.0830675415
BLYP 0.001 5.9 5.381962386
BLYP 0.001 6.2 5.6808472524
BLYP 0.001 6.5 5.9797218877
BLYP 0.001 6.8 6.2785860314
BLYP 0.001 7.1 6.5774394159
BLYP 0.001 7.4 6.8762817658
BLYP 0.001 7.7 7.1751127979
BLYP 0.001 8 7.473932221
BLYP 0.001 8.3 7.772739736
BLYP 0.001 8.6 8.0715350353
BLYP 0.001 8.9 8.3703178031
BLYP 0.001 9.2 8.6690877149
BLYP 0.001 9.5 8.9678444374
BLYP 0.001 9.8 9.2665876284
BLYP 0.001 10.1 9.565316937
BLYP 0.001 10.4 9.8640320028
BLYP 0.001 10.7 10.1627324562
BLYP 0.001 11 10.4614179185
BLYP 0.001 11.3 10.7600880011
BLYP 0.001 11.6 11.058742306
BLYP 0.001 11.9 11.3573804256
BLYP 0.001 12.2 11.6560019425
BLYP 0.001 12.5 11.9546064294
BLYP 0.001 12.8 12.2531934491
BLYP 0.001 13.1 12.5517625547
BLYP 0.001 13.4 12.8503132892
BLYP 0.001 13.7 13.1488451857
BLYP 0.001 14 13.4473577672
BLYP 0.001 14.3 13.7458505471
BLYP 0.001 14.6 14.0443230287
BLYP 0.001 14.9 14.3427747055
BLYP 0.001 15.2 14.6412050612
BLYP 0.001 15.5 14.9396135699
BLYP 0.001 15.8 15.237999696
BLYP 0.001 16.1 15.5363628946
BLYP 0.001 16.4 15.8347026113
BLYP 0.001 16.7 16.1330182827
BLYP 0.001 17 16.4313093361
BLYP 0.001 17.3 16.7295751902
BLYP 0.001 17.6 17.0278152551
BLYP 0.001 17.9 17.3260289322
BLYP 0.001 18.2 17.6242156149
BLYP 0.001 18.5 17.9223746885
BLYP 0.001 18.8 18.2205055305
BLYP 0.001 19.1 18.5186075111
BLYP 0.001 19.4 18.8166799931
BLYP 0.001 19.7 19.1147223322
BLYP 0.001 20 19.4127338775
BLYP 0.001 20.3 19.7107139716
BLYP 0.001 20.6 20.0086619508
BLYP 0.001 20.9 20.3065771453
BLYP 0.001 21.2 20.6044588797
BLYP 0.001 21.5 20.902306473
BLYP 0.001 21.8 21.2001192387
BLYP 0.001 22.1 21.4978964854
BLYP 0.001 22.4 21.7956375165
BLYP 0.001 22.7 22.0933416304
BLYP 0.001 23 22.3910081209
BLYP 0.001 23.3 22.6886362766
BLYP 0.001 23.6 22.9862253817
BLYP 0.001 23.9 23.2837747152
BLYP 0.001 24.2 23.581283551
BLYP 0.001 24.5 23.8787511578
BLYP 0.001 24.8 24.1761767983
BLYP 0.001 25.1 24.4735597294
BLYP 0.001 25.4 24.7708992009
BLYP 0.001 25.7 25.0681944551
BLYP 0.001 26 25.3654447259
BLYP 0.001 26.3 25.6626492376
BLYP 0.001 26.6 25.9598072033
BLYP 0.001 26.9 26.2569178236
BLYP 0.001 27.2 26.5539802845
BLYP 0.001 27.5 26.8509937553
BLYP 0.001 27.8 27.147957386
BLYP 0.001 28.1 27.4448703049
BLYP 0.001 28.4 27.7417316155
BLYP 0.001 28.7 28.0385403952
BLYP 0.001 29 28.3352956943
BLYP 0.001 29.3 28.6319965408
BLYP 0.001 29.6 28.9286419558
BLYP 0.001 29.9 29.2252309894
BLYP 0.001 30.2 29.521762783
BLYP 0.001 30.5 29.8182366441
BLYP 0.001 30.8 30.1146521149
BLYP 0.001 31.1 30.4110089943
BLYP 0.001 31.4 30.7073072935
BLYP 0.001 31.7 31.003547185
BLYP 0.001 32 31.2997290012
BLYP 0.001 32.3 31.5958532971
BLYP 0.001 32.6 31.8919209078
BLYP 0.001 32.9 32.1879328991
BLYP 0.001 33.2 32.4838904775
BLYP 0.001 33.5 32.7797949311
BLYP 0.001 33.8 33.0756475942
BLYP 0.001 34.1 33.3714498278
BLYP 0.001 34.4 33.667203018
BLYP 0.001 34.7 33.9629086147
BLYP 0.001 35 34.258568218
BLYP 0.001 35.3 34.5541835955
BLYP 0.001 35.6 34.8497565912
BLYP 0.001 35.9 35.1452890497
BLYP 0.001 36.2 35.4407827777
BLYP 0.001 36.5 35.7362395233
BLYP 0.001 36.8 36.0316609634
BLYP 0.001 37.1 36.327048697
BLYP 0.001 37.4 36.622404241
BLYP 0.001 37.7 36.91772903
BLYP 0.001 38 37.2130244158
BLYP 0.001 38.3 37.5082916704
BLYP 0.001 38.6 37.803531988
BLYP 0.001 38.9 38.0987464908
BLYP 0.001 39.2 38.3939362398
BLYP 0.001 39.5 38.6891022605
BLYP 0.001 39.8 38.9842455827
BLYP 0.001 40.1 39.2793672376
BLYP 0.001 40.4 39.5744682222
BLYP 0.001 40.7 39.8695494799
BLYP 0.001 41 40.164611895
BLYP 0.001 41.3 40.4596562917
BLYP 0.001 41.6 40.7546834356
BLYP 0.001 41.9 41.0496940368
BLYP 0.001 42.2 41.3446887522
BLYP 0.001 42.5 41.6396681886
BLYP 0.001 42.8 41.9346329059
BLYP 0.001 43.1 42.2295834204
BLYP 0.001 43.4 42.5245202099
BLYP 0.001 43.7 42.8194437245
BLYP 0.001 44 43.1143544011
BLYP 0.001 44.3 43.4092526748
BLYP 0.001 44.6 43.704138985
BLYP 0.001 44.9 43.999013771
BLYP 0.001 45.2 44.2938774616
BLYP 0.001 45.5 44.5887304657
BLYP 0.001 45.8 44.8835731686
BLYP 0.001 46.1 45.1784059337
BLYP 0.001 46.4 45.4732291078
BLYP 0.001 46.7 45.768043024
BLYP 0.001 47 46.0628479977
BLYP 0.001 47.3 46.3576443258
BLYP 0.001 47.6 46.6524322871
BLYP 0.001 47.9 46.947212145
BLYP 0.001 48.2 47.241984149
BLYP 0.001 48.5 47.5367485348
BLYP 0.001 48.8 47.8315055245
BLYP 0.001 49.1 48.1262553271
BLYP 0.001 49.4 48.4209981394
BLYP 0.001 49.7 48.7157341468
BLYP 0.001 50 49.0104635244
BLYP 0.001 50.3 49.3051864381
BLYP 0.001 50.6 49.5999030451
BLYP 0.001 50.9 49.8946134946
BLYP 0.001 51.2 50.1893179284
BLYP 0.001 51.5 50.4840164813
BLYP 0.001 51.8 50.7787092822
BLYP 0.001 52.1 51.0733964542
BLYP 0.001 52.4 51.368078117
BLYP 0.001 52.7 51.6627543873
BLYP 0.001 53 51.9574253791
BLYP 0.001 53.3 52.2520912021
BLYP 0.001 53.6 52.5467519621
BLYP 0.001 53.9 52.8414077607
BLYP 0.001 54.2 53.136058696
BLYP 0.001 54.5 53.430704862
BLYP 0.001 54.8 53.7253463495
BLYP 0.001 55.1 54.0199832459
BLYP 0.001 55.4 54.3146156353
BLYP 0.001 55.7 54.6092435992
BLYP 0.001 56 54.9038672161
BLYP 0.001 56.3 55.1984865618
BLYP 0.001 56.6 55.4931017099
BLYP 0.001 56.9 55.7877127315
BLYP 0.001 57.2 56.0823196956
BLYP 0.001 57.5 56.3769226688
BLYP 0.001 57.8 56.6715217163
BLYP 0.001 58.1 56.9661169008
BLYP 0.001 58.4 57.2607082835
BLYP 0.001 58.7 57.5552959241
BLYP 0.001 59 57.8498798801
BLYP 0.001 59.3 58.144460208
BLYP 0.001 59.6 58.4390369626
BLYP 0.001 59.9 58.733610197
BLYP 0.001 60.2 59.0281799634
BLYP 0.001 60.5 59.3227463123
BLYP 0.001 60.8 59.6173092932
BLYP 0.001 61.1 59.9118689542
BLYP 0.001 61.4 60.2064253423
BLYP 0.001 61.7 60.5009785034
BLYP 0.001 62 60.7955284824
BLYP 0.001 62.3 61.0900753231
BLYP 0.001 62.6 61.3846190684
BLYP 0.001 62.9 61.6791597603
BLYP 0.001 63.2 61.9736974397
BLYP 0.001 63.5 62.2682321468
BLYP 0.001 63.8 62.5627639209
BLYP 0.001 64.1 62.8572928004
BLYP 0.001 64.4 63.1518188232
BLYP 0.001 64.7 63.4463420259
BLYP 0.001 65 63.7408624447
BLYP 0.001 65.3 64.0353801149
BLYP 0.001 65.6 64.3298950711
BLYP 0.001 65.9 64.6244073469
BLYP 0.001 66.2 64.9189169754
BLYP 0.001 66.5 65.213423989
BLYP 0.001 66.8 65.5079284192
BLYP 0.001 67.1 65.8024302969
BLYP 0.001 67.4 66.096929652
BLYP 0.001 67.7 66.3914265141
BLYP 0.001 68 66.6859209115
BLYP 0.001 68.3 66.9804128716
BLYP 0.001 68.6 67.2749024205
BLYP 0.001 68.9 67.5693895796
BLYP 0.001 69.2 67.8638742587
BLYP 0.001 69.5 68.1583565878
BLYP 0.001 69.8 68.4528366067
BLYP 0.001 70.1 68.7473143403
BLYP 0.001 70.4 69.0417898109
BLYP 0.001 70.7 69.3362630375
BLYP 0.001 71 69.630734033
BLYP 0.001 71.3 69.9252025272
BLYP 0.001 71.6 70.2196683564
BLYP 0.001 71.9 70.5141320222
BLYP 0.001 72.2 70.80859356
BLYP 0.001 72.5 71.1030529948
BLYP 0.001 72.8 71.3975103448
BLYP 0.001 73.1 71.6919654704
BLYP 0.001 73.4 71.9864181507
BLYP 0.001 73.7 72.2808688121
BLYP 0.001 74 72.5753174866
BLYP 0.001 74.3 72.8697641994
BLYP 0.001 74.6 73.164208973
BLYP 0.001 74.9 73.4586518288
BLYP 0.001 75.2 73.753092787
BLYP 0.001 75.5 74.0475318672
BLYP 0.001 75.8 74.3419690885
BLYP 0.001 76.1 74.6364044694
BLYP 0.001 76.4 74.930838028
BLYP 0.001 76.7 75.225269782
BLYP 0.001 77 75.5196997486
BLYP 0.001 77.3 75.8141279447
BLYP 0.001 77.6 76.108554387
BLYP 0.001 77.9 76.4029790917
BLYP 0.001 78.2 76.6974020745
BLYP 0.001 78.5 76.9918233512
BLYP 0.001 78.8 77.2862429367
BLYP 0.001 79.1 77.5806608461
BLYP 0.001 79.4 77.8750770936
BLYP 0.001 79.7 78.1694916935
BLYP 0.001 80 78.4639046591
BLYP 0.001 80.3 78.7583160037
BLYP 0.001 80.6 79.0527257397
BLYP 0.001 80.9 79.3471338786
BLYP 0.001 81.2 79.641540431
BLYP 0.001 81.5 79.9359454056
BLYP 0.001 81.8 80.2303488078
BLYP 0.001 82.1 80.524750635
BLYP 0.001 82.4 80.8191502551
BLYP 0.001 82.7 81.1135475043
BLYP 0.001 83 81.4079432202
BLYP 0.001 83.3 81.702337436
BLYP 0.001 83.6 81.9967301735
BLYP 0.001 83.9 82.2911214503
BLYP 0.001 84.2 82.5855112817
BLYP 0.001 84.5 82.8798996816
BLYP 0.001 84.8 83.1742866425
BLYP 0.001 85.1 83.4686721869
BLYP 0.001 85.4 83.7630563187
BLYP 0.001 85.7 84.0574390661
BLYP 0.001 86 84.3518204452
BLYP 0.001 86.3 84.646200467
BLYP 0.001 86.6 84.9405791418
BLYP 0.001 86.9 85.2349564782
BLYP 0.001 87.2 85.5293324731
BLYP 0.001 87.5 85.8237067397
BLYP 0.001 87.8 86.118079698
BLYP 0.001 88.1 86.4124513653
BLYP 0.001 88.4 86.7068217548
BLYP 0.001 88.7 87.0011908785
BLYP 0.001 89 87.2955587475
BLYP 0.001 89.3 87.5899253725
BLYP 0.001 89.6 87.884290764
BLYP 0.001 89.9 88.1786549321
BLYP 0.001 90.2 88.4730178865
BLYP 0.001 90.5 88.767379637
BLYP 0.001 90.8 89.061740193
BLYP 0.001 91.1 89.3560995638
BLYP 0.001 91.4 89.6504577583
BLYP 0.001 91.7 89.9448147856
BLYP 0.001 92 90.2391706542
BLYP 0.001 92.3 90.5335253724
BLYP 0.001 92.6 90.8278789217
BLYP 0.001 92.9 91.1222312863
BLYP 0.001 93.2 91.4165825263
BLYP 0.001 93.5 91.710932651
BLYP 0.001 93.8 92.0052816692
BLYP 0.001 94.1 92.2996295892
BLYP 0.001 94.4 92.5939764192
BLYP 0.001 94.7 92.8883221673
BLYP 0.001 95 93.1826668414
BLYP 0.001 95.3 93.4770104494
BLYP 0.001 95.6 93.7713529989
BLYP 0.001 95.9 94.0656944976
BLYP 0.001 96.2 94.360034953
BLYP 0.001 96.5 94.6543743725
BLYP 0.001 96.8 94.9487127634
BLYP 0.001 97.1 95.2430501329
BLYP 0.001 97.4 95.5373864883
BLYP 0.001 97.7 95.8317218365
BLYP 0.001 98 96.1260561845
BLYP 0.001 98.3 96.4203895393
BLYP 0.001 98.6 96.7147219076
BLYP 0.001 98.9 97.0090532963
BLYP 0.001 99.2 97.3033837119
BLYP 0.001 99.5 97.597713161
BLYP 0.001 99.8 97.8920416503
BLYP 0.001 100.1 98.186369186
BLYP 0.001 100.4 98.4806957747
BLYP 0.001 100.7 98.7750214225
BLYP 0.001 101 99.0693461357
BLYP 0.001 101.3 99.3636699205
BLYP 0.001 101.6 99.657992783
BLYP 0.001 101.9 99.9523147292
BLYP 0.001 102.2 100.246635765
BLYP 0.001 102.5 100.5409558964
BLYP 0.001 102.8 100.8352751291
BLYP 0.001 103.1 101.129593469
BLYP 0.001 103.4 101.4239109217
BLYP 0.001 103.7 101.718227493
BLYP 0.001 104 102.0125431883
BLYP 0.001 104.3 102.3068580131
BLYP 0.001 104.6 102.601171973
BLYP 0.001 104.9 102.8954850734
BLYP 0.001 105.2 103.1897973194
BLYP 0.001 105.5 103.4841087165
BLYP 0.001 105.8 103.7784192698
BLYP 0.001 106.1 104.0727289845
BLYP 0.001 106.4 104.3670378657
BLYP 0.001 106.7 104.6613459183
BLYP 0.001 107 104.9556531474
BLYP 0.001 107.3 105.2499595578
BLYP 0.001 107.6 105.5442651543
BLYP 0.001 107.9 105.8385699417
BLYP 0.001 108.2 106.1328739248
BLYP 0.001 108.5 106.4271771081
BLYP 0.001 108.8 106.7214794962
BLYP 0.001 109.1 107.0157810936
BLYP 0.001 109.4 107.3100819048
BLYP 0.001 109.7 107.604381934
BLYP 0.001 110 107.8986811854
BLYP 0.001 110.3 108.1929796633
BLYP 0.001 110.6 108.4872773717
BLYP 0.001 110.9 108.7815743142
BLYP 0.001 111.2 109.0758704945
BLYP 0.001 111.5 109.3701658999
BLYP 0.001 111.8 109.664460555
BLYP 0.001 112.1 109.9587544581
BLYP 0.001 112.4 110.2530476123
BLYP 0.001 112.7 110.54734002
BLYP 0.001 113 110.841631683
BLYP 0.001 113.3 111.1359226018
BLYP 0.001 113.6 111.4302127751
BLYP 0.001 113.9 111.7245021965
BLYP 0.001 114.2 112.018790843
BLYP 0.001 114.5 112.3130766138
BLYP 0.001 114.8 112.6073623925
BLYP 0.001 115.1 112.9016474529
BLYP 0.001 115.4 113.1959318049
BLYP 0.001 115.7 113.4902154559
BLYP 0.001 116 113.7844984125
BLYP 0.001 116.3 114.0787806807
BLYP 0.001 116.6 114.3730622657
BLYP 0.001 116.9 114.6673431727
BLYP 0.001 117.2 114.9616234065
BLYP 0.001 117.5 115.2559029716
BLYP 0.001 117.8 115.5501818724
BLYP 0.001 118.1 115.8444601133
BLYP 0.001 118.4 116.1387376984
BLYP 0.001 118.7 116.4330146318
BLYP 0.001 119 116.7272909174
BLYP 0.001 119.3 117.0215665592
BLYP 0.001 119.6 117.315841561
BLYP 0.001 119.9 117.6101159265
BLYP 0.001 120.2 117.9043896593
BLYP 0.001 120.5 118.198662763
BLYP 0.001 120.8 118.4929352411
BLYP 0.001 121.1 118.7872070967
BLYP 0.001 121.4 119.0814782762
BLYP 0.001 121.7 119.3757488634
BLYP 0.001 122 119.6700188395
BLYP 0.001 122.3 119.9642882078
BLYP 0.001 122.6 120.2585569719
BLYP 0.001 122.9 120.5528251352
BLYP 0.001 123.2 120.8470927009
BLYP 0.001 123.5 121.1413596724
BLYP 0.001 123.8 121.4356260529
BLYP 0.001 124.1 121.7298918457
BLYP 0.001 124.4 122.0241570539
BLYP 0.001 124.7 122.3184216806
BLYP 0.001 125 122.612685729
BLYP 0.001 125.3 122.9069492022
BLYP 0.001 125.6 123.2012121032
BLYP 0.001 125.9 123.495474435
BLYP 0.001 126.2 123.7897362007
BLYP 0.001 126.5 124.0839974033
BLYP 0.001 126.8 124.3782580455
BLYP 0.001 127.1 124.6725181304
BLYP 0.001 127.4 124.9667776608
BLYP 0.001 127.7 125.2610366396
BLYP 0.001 128 125.5552950693
BLYP 0.001 128.3 125.849552953
BLYP 0.001 128.6 126.1438102935
BLYP 0.001 128.9 126.4380670937
BLYP 0.001 129.2 126.7323233564
BLYP 0.001 129.5 127.0265790842
BLYP 0.001 129.8 127.3208342798
BLYP 0.001 130.1 127.6150889459
BLYP 0.001 130.4 127.9093430853
BLYP 0.001 130.7 128.2035967005
BLYP 0.001 131 128.4978497941
BLYP 0.001 131.3 128.7921023687
BLYP 0.001 131.6 129.086354427
BLYP 0.001 131.9 129.3806059714
BLYP 0.001 132.2 129.6748570045
BLYP 0.001 132.5 129.9691075289
BLYP 0.001 132.8 130.263357547
BLYP 0.001 133.1 130.5576070612
BLYP 0.001 133.4 130.8518560741
BLYP 0.001 133.7 131.1461045881
BLYP 0.001 134 131.4403526055
BLYP 0.001 134.3 131.7346001289
BLYP 0.001 134.6 132.0288471606
BLYP 0.001 134.9 132.3230937029
BLYP 0.001 135.2 132.6173397582
BLYP 0.001 135.5 132.9115853288
BLYP 0.001 135.8 133.2058304171
BLYP 0.001 136.1 133.5000750253
BLYP 0.001 136.4 133.7943191557
BLYP 0.001 136.7 134.0885628106
BLYP 0.001 137 134.3828059922
BLYP 0.001 137.3 134.6770487027
BLYP 0.001 137.6 134.9712909444
BLYP 0.001 137.9 135.2655327195
BLYP 0.001 138.2 135.5597740301
BLYP 0.001 138.5 135.8540148784
BLYP 0.001 138.8 136.1482552665
BLYP 0.001 139.1 136.4424951967
BLYP 0.001 139.4 136.7367346709
BLYP 0.001 139.7 137.0309736913
BLYP 0.001 140 137.3252122601
BLYP 0.001 140.3 137.6194503791
BLYP 0.001 140.6 137.9136880507
BLYP 0.001 140.9 138.2079252767
BLYP 0.001 141.2 138.5021620592
BLYP 0.001 141.5 138.7963984002
BLYP 0.001 141.8 139.0906343017
BLYP 0.001 142.1 139.3848697658
BLYP 0.001 142.4 139.6791047943
BLYP 0.001 142.7 139.9733393893
BLYP 0.001 143 140.2675735526
BLYP 0.001 143.3 140.5618072863
BLYP 0.001 143.6 140.8560405923
BLYP 0.001 143.9 141.1502734724
BLYP 0.001 144.2 141.4445059285
BLYP 0.001 144.5 141.7387379626
BLYP 0.001 144.8 142.0329695765
BLYP 0.001 145.1 142.327200772
BLYP 0.001 145.4 142.6214315511
BLYP 0.001 145.7 142.9156619155
BLYP 0.001 146 143.209891867
BLYP 0.001 146.3 143.5041214075
BLYP 0.001 146.6 143.7983505388
BLYP 0.001 146.9 144.0925792626
BLYP 0.001 147.2 144.3868075807
BLYP 0.001 147.5 144.6810354949
BLYP 0.001 147.8 144.9752630069
BLYP 0.001 148.1 145.2694901185
BLYP 0.001 148.4 145.5637168314
BLYP 0.001 148.7 145.8579431472
BLYP 0.001 149 146.1521690678
BLYP 0.001 149.3 146.4463945948
BLYP 0.001 149.6 146.7406197298
BLYP 0.001 149.9 147.0348444746
BLYP 0.001 150.2 147.3290688308
BLYP 0.001 150.5 147.6232928001
BLYP 0.001 150.8 147.917516384
BLYP 0.001 151.1 148.2117395843
BLYP 0.001 151.4 148.5059624025
BLYP 0.001 151.7 148.8001848403
BLYP 0.001 152 149.0944068992
BLYP 0.001 152.3 149.3886285808
BLYP 0.001 152.6 149.6828498868
BLYP 0.001 152.9 149.9770708186
BLYP 0.001 153.2 150.2712913778
BLYP 0.001 153.5 150.5655115661
BLYP 0.001 153.8 150.8597313848
BLYP 0.001 154.1 151.1539508356
BLYP 0.001 154.4 151.44816992
BLYP 0.001 154.7 151.7423886394
BLYP 0.001 155 152.0366069954
BLYP 0.001 155.3 152.3308249894
BLYP 0.001 155.6 152.625042623
BLYP 0.001 155.9 152.9192598976
BLYP 0.001 156.2 153.2134768147
BLYP 0.001 156.5 153.5076933757
BLYP 0.001 156.8 153.8019095821
BLYP 0.001 157.1 154.0961254353
BLYP 0.001 157.4 154.3903409368
BLYP 0.001 157.7 154.6845560878
BLYP 0.001 158 154.97877089
BLYP 0.001 158.3 155.2729853446
BLYP 0.001 158.6 155.5671994531
BLYP 0.001 158.9 155.8614132168
BLYP 0.001 159.2 156.1556266372
BLYP 0.001 159.5 156.4498397155
BLYP 0.001 159.8 156.7440524532
BLYP 0.001 160.1 157.0382648516
BLYP 0.001 160.4 157.332476912
BLYP 0.001 160.7 157.6266886358
BLYP 0.001 161 157.9209000243
BLYP 0.001 161.3 158.2151110788
BLYP 0.001 161.6 158.5093218007
BLYP 0.001 161.9 158.8035321912
BLYP 0.001 162.2 159.0977422516
BLYP 0.001 162.5 159.3919519833
BLYP 0.001 162.8 159.6861613875
BLYP 0.001 163.1 159.9803704654
BLYP 0.001 163.4 160.2745792184
BLYP 0.001 163.7 160.5687876477
BLYP 0.001 164 160.8629957546
BLYP 0.001 164.3 161.1572035402
BLYP 0.001 164.6 161.4514110059
BLYP 0.001 164.9 161.7456181528
BLYP 0.001 165.2 162.0398249822
BLYP 0.001 165.5 162.3340314954
BLYP 0.001 165.8 162.6282376934
BLYP 0.001 166.1 162.9224435776
BLYP 0.001 166.4 163.2166491491
BLYP 0.001 166.7 163.510854409
BLYP 0.001 167 163.8050593587
BLYP 0.001 167.3 164.0992639992
BLYP 0.001 167.6 164.3934683317
BLYP 0.001 167.9 164.6876723574
BLYP 0.001 168.2 164.9818760775
BLYP 0.001 168.5 165.276079493
BLYP 0.001 168.8 165.5702826052
BLYP 0.001 169.1 165.8644854151
BLYP 0.001 169.4 166.1586879239
BLYP 0.001 169.7 166.4528901327
BLYP 0.001 170 166.7470920426
BLYP 0.001 170.3 167.0412936548
BLYP 0.001 170.6 167.3354949704
BLYP 0.001 170.9 167.6296959903
BLYP 0.001 171.2 167.9238967158
BLYP 0.001 171.5 168.2180971479
BLYP 0.001 171.8 168.5122972877
BLYP 0.001 172.1 168.8064971363
BLYP 0.001 172.4 169.1006966947
BLYP 0.001 172.7 169.394895964
BLYP 0.001 173 169.6890949453
BLYP 0.001 173.3 169.9832936395
BLYP 0.001 173.6 170.2774920478
BLYP 0.001 173.9 170.5716901712
BLYP 0.001 174.2 170.8658880107
BLYP 0.001 174.5 171.1600855674
BLYP 0.001 174.8 171.4542828422
