Functional Exponent Coefficient Energy
BLYP 25 -100 -26.7015260887
BLYP 25 -99.85 -26.6281056837
BLYP 25 -99.7 -26.5547402235
BLYP 25 -99.55 -26.4814298527
BLYP 25 -99.4 -26.4081747163
BLYP 25 -99.25 -26.3349749599
BLYP 25 -99.1 -26.2618307292
BLYP 25 -98.95 -26.1887421707
BLYP 25 -98.8 -26.1157094309
BLYP 25 -98.65 -26.0427326571
BLYP 25 -98.5 -25.9698119969
BLYP 25 -98.35 -25.8969475982
BLYP 25 -98.2 -25.8241396094
BLYP 25 -98.05 -25.7513881795
BLYP 25 -97.9 -25.6786934578
BLYP 25 -97.75 -25.6060555939
BLYP 25 -97.6 -25.533474738
BLYP 25 -97.45 -25.4609510406
BLYP 25 -97.3 -25.388484653
BLYP 25 -97.15 -25.3160757264
BLYP 25 -97 -25.2437244128
BLYP 25 -96.85 -25.1714308645
BLYP 25 -96.7 -25.0991952343
BLYP 25 -96.55 -25.0270176755
BLYP 25 -96.4 -24.9548983416
BLYP 25 -96.25 -24.8828373868
BLYP 25 -96.1 -24.8108349657
BLYP 25 -95.95 -24.7388912333
BLYP 25 -95.8 -24.6670063449
BLYP 25 -95.65 -24.5951804566
BLYP 25 -95.5 -24.5234137246
BLYP 25 -95.35 -24.4517063057
BLYP 25 -95.2 -24.3800583572
BLYP 25 -95.05 -24.3084700369
BLYP 25 -94.9 -24.2369415028
BLYP 25 -94.75 -24.1654729136
BLYP 25 -94.6 -24.0940644284
BLYP 25 -94.45 -24.0227162067
BLYP 25 -94.3 -23.9514284086
BLYP 25 -94.15 -23.8802011944
BLYP 25 -94 -23.8090347251
BLYP 25 -93.85 -23.7379291622
BLYP 25 -93.7 -23.6668846675
BLYP 25 -93.55 -23.5959014033
BLYP 25 -93.4 -23.5249795324
BLYP 25 -93.25 -23.4541192181
BLYP 25 -93.1 -23.3833206243
BLYP 25 -92.95 -23.312583915
BLYP 25 -92.8 -23.241909255
BLYP 25 -92.65 -23.1712968096
BLYP 25 -92.5 -23.1007467444
BLYP 25 -92.35 -23.0302592255
BLYP 25 -92.2 -22.9598344201
BLYP 25 -92.05 -22.8894724949
BLYP 25 -91.9 -22.8191736176
BLYP 25 -91.75 -22.7489379561
BLYP 25 -91.6 -22.6787656791
BLYP 25 -91.45 -22.6086569557
BLYP 25 -91.3 -22.5386119556
BLYP 25 -91.15 -22.4686308489
BLYP 25 -91 -22.3987138063
BLYP 25 -90.85 -22.3288609992
BLYP 25 -90.7 -22.2590725996
BLYP 25 -90.55 -22.1893487919
BLYP 25 -90.4 -22.1196897542
BLYP 25 -90.25 -22.0500956421
BLYP 25 -90.1 -21.9805666289
BLYP 25 -89.95 -21.9111028885
BLYP 25 -89.8 -21.8417045958
BLYP 25 -89.65 -21.7723719264
BLYP 25 -89.5 -21.7031050571
BLYP 25 -89.35 -21.6339041836
BLYP 25 -89.2 -21.5647695337
BLYP 25 -89.05 -21.4957012186
BLYP 25 -88.9 -21.4266994139
BLYP 25 -88.75 -21.3577642972
BLYP 25 -88.6 -21.2888960469
BLYP 25 -88.45 -21.2200948423
BLYP 25 -88.3 -21.1513608634
BLYP 25 -88.15 -21.0826942907
BLYP 25 -88 -21.0140953057
BLYP 25 -87.85 -20.9455640904
BLYP 25 -87.7 -20.877100828
BLYP 25 -87.55 -20.8087057023
BLYP 25 -87.4 -20.7403788979
BLYP 25 -87.25 -20.6721205994
BLYP 25 -87.1 -20.6039309901
BLYP 25 -86.95 -20.5358102531
BLYP 25 -86.8 -20.4677585726
BLYP 25 -86.65 -20.3997761331
BLYP 25 -86.5 -20.331863123
BLYP 25 -86.35 -20.2640197267
BLYP 25 -86.2 -20.1962461284
BLYP 25 -86.05 -20.1285425155
BLYP 25 -85.9 -20.0609090761
BLYP 25 -85.75 -19.9933459987
BLYP 25 -85.6 -19.9258534734
BLYP 25 -85.45 -19.8584317001
BLYP 25 -85.3 -19.7910808619
BLYP 25 -85.15 -19.7238011505
BLYP 25 -85 -19.6565927578
BLYP 25 -84.85 -19.5894558765
BLYP 25 -84.7 -19.5223906998
BLYP 25 -84.55 -19.4553974214
BLYP 25 -84.4 -19.3884762358
BLYP 25 -84.25 -19.3216273377
BLYP 25 -84.1 -19.2548509229
BLYP 25 -83.95 -19.1881471875
BLYP 25 -83.8 -19.1215163282
BLYP 25 -83.65 -19.0549585423
BLYP 25 -83.5 -18.9884740279
BLYP 25 -83.35 -18.9220629834
BLYP 25 -83.2 -18.8557256081
BLYP 25 -83.05 -18.7894621018
BLYP 25 -82.9 -18.7232726648
BLYP 25 -82.75 -18.6571574981
BLYP 25 -82.6 -18.5911168035
BLYP 25 -82.45 -18.5251507832
BLYP 25 -82.3 -18.45925964
BLYP 25 -82.15 -18.3934435775
BLYP 25 -82 -18.3277027998
BLYP 25 -81.85 -18.2620375117
BLYP 25 -81.7 -18.1964479186
BLYP 25 -81.55 -18.1309342266
BLYP 25 -81.4 -18.0654966424
BLYP 25 -81.25 -18.0001353733
BLYP 25 -81.1 -17.9348506273
BLYP 25 -80.95 -17.8696426129
BLYP 25 -80.8 -17.8045115396
BLYP 25 -80.65 -17.7394576173
BLYP 25 -80.5 -17.6744810564
BLYP 25 -80.35 -17.6095820683
BLYP 25 -80.2 -17.5447608649
BLYP 25 -80.05 -17.4800176587
BLYP 25 -79.9 -17.415352663
BLYP 25 -79.75 -17.3507660916
BLYP 25 -79.6 -17.2862581592
BLYP 25 -79.45 -17.2218290809
BLYP 25 -79.3 -17.1574790726
BLYP 25 -79.15 -17.0932083511
BLYP 25 -79 -17.0290171336
BLYP 25 -78.85 -16.9649056382
BLYP 25 -78.7 -16.9008740841
BLYP 25 -78.55 -16.8369226912
BLYP 25 -78.4 -16.773051681
BLYP 25 -78.25 -16.7092612774
BLYP 25 -78.1 -16.6455517077
BLYP 25 -77.95 -16.5819232056
BLYP 25 -77.8 -16.5183760131
BLYP 25 -77.65 -16.4549103602
BLYP 25 -77.5 -16.3915264565
BLYP 25 -77.35 -16.3282245314
BLYP 25 -77.2 -16.2650048812
BLYP 25 -77.05 -16.2018677507
BLYP 25 -76.9 -16.1388132845
BLYP 25 -76.75 -16.0758416886
BLYP 25 -76.6 -16.0129531877
BLYP 25 -76.45 -15.9501480109
BLYP 25 -76.3 -15.8874263894
BLYP 25 -76.15 -15.8247885563
BLYP 25 -76 -15.7622347471
BLYP 25 -75.85 -15.6997652027
BLYP 25 -75.7 -15.6373801768
BLYP 25 -75.55 -15.5750799521
BLYP 25 -75.4 -15.5128647978
BLYP 25 -75.25 -15.4507349022
BLYP 25 -75.1 -15.3886904711
BLYP 25 -74.95 -15.3267317312
BLYP 25 -74.8 -15.2648589171
BLYP 25 -74.65 -15.2030722675
BLYP 25 -74.5 -15.1413720228
BLYP 25 -74.35 -15.0797584249
BLYP 25 -74.2 -15.0182317167
BLYP 25 -74.05 -14.956792142
BLYP 25 -73.9 -14.8954399456
BLYP 25 -73.75 -14.8341753731
BLYP 25 -73.6 -14.7729986709
BLYP 25 -73.45 -14.7119100863
BLYP 25 -73.3 -14.6509098675
BLYP 25 -73.15 -14.5899982636
BLYP 25 -73 -14.5291755245
BLYP 25 -72.85 -14.4684419011
BLYP 25 -72.7 -14.407797645
BLYP 25 -72.55 -14.347243009
BLYP 25 -72.4 -14.2867782464
BLYP 25 -72.25 -14.2264036119
BLYP 25 -72.1 -14.1661193608
BLYP 25 -71.95 -14.1059257493
BLYP 25 -71.8 -14.0458230347
BLYP 25 -71.65 -13.9858114752
BLYP 25 -71.5 -13.9258913298
BLYP 25 -71.35 -13.8660628587
BLYP 25 -71.2 -13.8063263229
BLYP 25 -71.05 -13.7466819844
BLYP 25 -70.9 -13.6871301061
BLYP 25 -70.75 -13.627670952
BLYP 25 -70.6 -13.568304787
BLYP 25 -70.45 -13.5090318769
BLYP 25 -70.3 -13.4498524889
BLYP 25 -70.15 -13.3907668906
BLYP 25 -70 -13.3317753511
BLYP 25 -69.85 -13.2728781402
BLYP 25 -69.7 -13.214075529
BLYP 25 -69.55 -13.1553677894
BLYP 25 -69.4 -13.0967551944
BLYP 25 -69.25 -13.038238018
BLYP 25 -69.1 -12.9798165354
BLYP 25 -68.95 -12.9214910227
BLYP 25 -68.8 -12.8632617571
BLYP 25 -68.65 -12.8051290169
BLYP 25 -68.5 -12.7470930814
BLYP 25 -68.35 -12.689154231
BLYP 25 -68.2 -12.6313127473
BLYP 25 -68.05 -12.5735689127
BLYP 25 -67.9 -12.5159230111
BLYP 25 -67.75 -12.4583753273
BLYP 25 -67.6 -12.400926147
BLYP 25 -67.45 -12.3435757573
BLYP 25 -67.3 -12.2863244465
BLYP 25 -67.15 -12.2291725037
BLYP 25 -67 -12.1721202193
BLYP 25 -66.85 -12.115167885
BLYP 25 -66.7 -12.0583157933
BLYP 25 -66.55 -12.0015642383
BLYP 25 -66.4 -11.9449135149
BLYP 25 -66.25 -11.8883639192
BLYP 25 -66.1 -11.8319157487
BLYP 25 -65.95 -11.775569302
BLYP 25 -65.8 -11.7193248787
BLYP 25 -65.65 -11.6631827797
BLYP 25 -65.5 -11.6071433074
BLYP 25 -65.35 -11.5512067649
BLYP 25 -65.2 -11.4953734569
BLYP 25 -65.05 -11.4396436891
BLYP 25 -64.9 -11.3840177686
BLYP 25 -64.75 -11.3284960036
BLYP 25 -64.6 -11.2730787037
BLYP 25 -64.45 -11.2177661796
BLYP 25 -64.3 -11.1625587432
BLYP 25 -64.15 -11.107456708
BLYP 25 -64 -11.0524603883
BLYP 25 -63.85 -10.9975701
BLYP 25 -63.7 -10.9427861603
BLYP 25 -63.55 -10.8881088875
BLYP 25 -63.4 -10.8335386013
BLYP 25 -63.25 -10.7790756227
BLYP 25 -63.1 -10.724720274
BLYP 25 -62.95 -10.6704728788
BLYP 25 -62.8 -10.616333762
BLYP 25 -62.65 -10.5623032499
BLYP 25 -62.5 -10.5083816701
BLYP 25 -62.35 -10.4545693515
BLYP 25 -62.2 -10.4008666245
BLYP 25 -62.05 -10.3472738206
BLYP 25 -61.9 -10.2937912728
BLYP 25 -61.75 -10.2404193155
BLYP 25 -61.6 -10.1871582845
BLYP 25 -61.45 -10.1340085168
BLYP 25 -61.3 -10.080970351
BLYP 25 -61.15 -10.0280441268
BLYP 25 -61 -9.9752301857
BLYP 25 -60.85 -9.9225288702
BLYP 25 -60.7 -9.8699405245
BLYP 25 -60.55 -9.817465494
BLYP 25 -60.4 -9.7651041257
BLYP 25 -60.25 -9.7128567679
BLYP 25 -60.1 -9.6607237704
BLYP 25 -59.95 -9.6087054867
BLYP 25 -59.8 -9.5568022695
BLYP 25 -59.65 -9.5050144707
BLYP 25 -59.5 -9.4533424456
BLYP 25 -59.35 -9.4017865513
BLYP 25 -59.2 -9.3503471462
BLYP 25 -59.05 -9.2990245901
BLYP 25 -58.9 -9.2478192443
BLYP 25 -58.75 -9.1967314717
BLYP 25 -58.6 -9.1457616365
BLYP 25 -58.45 -9.0949101045
BLYP 25 -58.3 -9.0441772428
BLYP 25 -58.15 -8.9935634203
BLYP 25 -58 -8.943069007
BLYP 25 -57.85 -8.8926943748
BLYP 25 -57.7 -8.8424398967
BLYP 25 -57.55 -8.7923059474
BLYP 25 -57.4 -8.7422929031
BLYP 25 -57.25 -8.6924011415
BLYP 25 -57.1 -8.6426310417
BLYP 25 -56.95 -8.5929829844
BLYP 25 -56.8 -8.5434573517
BLYP 25 -56.65 -8.4940545275
BLYP 25 -56.5 -8.4447748968
BLYP 25 -56.35 -8.3956188464
BLYP 25 -56.2 -8.3465867644
BLYP 25 -56.05 -8.2976790406
BLYP 25 -55.9 -8.2488960663
BLYP 25 -55.75 -8.2002382341
BLYP 25 -55.6 -8.1517059384
BLYP 25 -55.45 -8.1032995748
BLYP 25 -55.3 -8.0550195408
BLYP 25 -55.15 -8.006866235
BLYP 25 -55 -7.9588400577
BLYP 25 -54.85 -7.9109414108
BLYP 25 -54.7 -7.8631706975
BLYP 25 -54.55 -7.8155283226
BLYP 25 -54.4 -7.7680146925
BLYP 25 -54.25 -7.720630215
BLYP 25 -54.1 -7.6733752992
BLYP 25 -53.95 -7.6262503561
BLYP 25 -53.8 -7.5792557978
BLYP 25 -53.65 -7.532392038
BLYP 25 -53.5 -7.4856594921
BLYP 25 -53.35 -7.4390585767
BLYP 25 -53.2 -7.3925897099
BLYP 25 -53.05 -7.3462533112
BLYP 25 -52.9 -7.3000498019
BLYP 25 -52.75 -7.2539796042
BLYP 25 -52.6 -7.2080431423
BLYP 25 -52.45 -7.1622408413
BLYP 25 -52.3 -7.1165731282
BLYP 25 -52.15 -7.071040431
BLYP 25 -52 -7.0256431799
BLYP 25 -51.85 -6.9803818081
BLYP 25 -51.7 -6.9352567516
BLYP 25 -51.55 -6.8902684402
BLYP 25 -51.4 -6.8454173069
BLYP 25 -51.25 -6.800703788
BLYP 25 -51.1 -6.756128321
BLYP 25 -50.95 -6.7116913452
BLYP 25 -50.8 -6.6673933011
BLYP 25 -50.65 -6.6232346303
BLYP 25 -50.5 -6.5792157759
BLYP 25 -50.35 -6.5353371824
BLYP 25 -50.2 -6.4915992955
BLYP 25 -50.05 -6.4480025744
BLYP 25 -49.9 -6.4045474594
BLYP 25 -49.75 -6.3612343954
BLYP 25 -49.6 -6.3180638326
BLYP 25 -49.45 -6.2750362223
BLYP 25 -49.3 -6.232152017
BLYP 25 -49.15 -6.1894116702
BLYP 25 -49 -6.1468156369
BLYP 25 -48.85 -6.1043643726
BLYP 25 -48.7 -6.0620583342
BLYP 25 -48.55 -6.0198979795
BLYP 25 -48.4 -5.9778837674
BLYP 25 -48.25 -5.9360161575
BLYP 25 -48.1 -5.8942956106
BLYP 25 -47.95 -5.8527225882
BLYP 25 -47.8 -5.8112975527
BLYP 25 -47.65 -5.7700209675
BLYP 25 -47.5 -5.7288932965
BLYP 25 -47.35 -5.6879150047
BLYP 25 -47.2 -5.6470865575
BLYP 25 -47.05 -5.6064084213
BLYP 25 -46.9 -5.565881063
BLYP 25 -46.75 -5.52550495
BLYP 25 -46.6 -5.4852805506
BLYP 25 -46.45 -5.4452083334
BLYP 25 -46.3 -5.4052887675
BLYP 25 -46.15 -5.3655223226
BLYP 25 -46 -5.3259094688
BLYP 25 -45.85 -5.2864506766
BLYP 25 -45.7 -5.2471464168
BLYP 25 -45.55 -5.2079971604
BLYP 25 -45.4 -5.1690033789
BLYP 25 -45.25 -5.1301655531
BLYP 25 -45.1 -5.0914841577
BLYP 25 -44.95 -5.0529596533
BLYP 25 -44.8 -5.014592511
BLYP 25 -44.65 -4.9763832022
BLYP 25 -44.5 -4.9383321981
BLYP 25 -44.35 -4.9004399696
BLYP 25 -44.2 -4.8627069904
BLYP 25 -44.05 -4.8251337399
BLYP 25 -43.9 -4.7877206767
BLYP 25 -43.75 -4.7504682708
BLYP 25 -43.6 -4.7133769917
BLYP 25 -43.45 -4.6764473085
BLYP 25 -43.3 -4.6396796891
BLYP 25 -43.15 -4.6030746012
BLYP 25 -43 -4.5666325112
BLYP 25 -42.85 -4.530353885
BLYP 25 -42.7 -4.4942391874
BLYP 25 -42.55 -4.4582888819
BLYP 25 -42.4 -4.4225034313
BLYP 25 -42.25 -4.3868832969
BLYP 25 -42.1 -4.3514289389
BLYP 25 -41.95 -4.3161408159
BLYP 25 -41.8 -4.2810193857
BLYP 25 -41.65 -4.2460651166
BLYP 25 -41.5 -4.211278458
BLYP 25 -41.35 -4.1766598553
BLYP 25 -41.2 -4.1422097584
BLYP 25 -41.05 -4.1079286153
BLYP 25 -40.9 -4.0738168721
BLYP 25 -40.75 -4.0398749725
BLYP 25 -40.6 -4.006103358
BLYP 25 -40.45 -3.9725024676
BLYP 25 -40.3 -3.9390727378
BLYP 25 -40.15 -3.9058146022
BLYP 25 -40 -3.8727284919
BLYP 25 -39.85 -3.8398148349
BLYP 25 -39.7 -3.807074056
BLYP 25 -39.55 -3.774506577
BLYP 25 -39.4 -3.7421128166
BLYP 25 -39.25 -3.709893196
BLYP 25 -39.1 -3.6778481309
BLYP 25 -38.95 -3.6459780187
BLYP 25 -38.8 -3.614283263
BLYP 25 -38.65 -3.5827642633
BLYP 25 -38.5 -3.5514214153
BLYP 25 -38.35 -3.5202551114
BLYP 25 -38.2 -3.4892657361
BLYP 25 -38.05 -3.458453673
BLYP 25 -37.9 -3.4278192986
BLYP 25 -37.75 -3.3973629839
BLYP 25 -37.6 -3.3670850955
BLYP 25 -37.45 -3.3369859949
BLYP 25 -37.3 -3.3070660377
BLYP 25 -37.15 -3.2773255739
BLYP 25 -37 -3.2477649476
BLYP 25 -36.85 -3.218384497
BLYP 25 -36.7 -3.1891845538
BLYP 25 -36.55 -3.1601654431
BLYP 25 -36.4 -3.1313274834
BLYP 25 -36.25 -3.1026709888
BLYP 25 -36.1 -3.0741962704
BLYP 25 -35.95 -3.0459036253
BLYP 25 -35.8 -3.0177933398
BLYP 25 -35.65 -2.9898656949
BLYP 25 -35.5 -2.9621209655
BLYP 25 -35.35 -2.9345594183
BLYP 25 -35.2 -2.9071813117
BLYP 25 -35.05 -2.8799868952
BLYP 25 -34.9 -2.8529764143
BLYP 25 -34.75 -2.8261501179
BLYP 25 -34.6 -2.7995082248
BLYP 25 -34.45 -2.7730509367
BLYP 25 -34.3 -2.7467784587
BLYP 25 -34.15 -2.7206909861
BLYP 25 -34 -2.6947887042
BLYP 25 -33.85 -2.6690717876
BLYP 25 -33.7 -2.6435404008
BLYP 25 -33.55 -2.6181946974
BLYP 25 -33.4 -2.5930348201
BLYP 25 -33.25 -2.5680609006
BLYP 25 -33.1 -2.5432730589
BLYP 25 -32.95 -2.5186714038
BLYP 25 -32.8 -2.4942560318
BLYP 25 -32.65 -2.4700270276
BLYP 25 -32.5 -2.4459844637
BLYP 25 -32.35 -2.4221283996
BLYP 25 -32.2 -2.3984588825
BLYP 25 -32.05 -2.3749759463
BLYP 25 -31.9 -2.3516796117
BLYP 25 -31.75 -2.3285698861
BLYP 25 -31.6 -2.3056467629
BLYP 25 -31.45 -2.2829102219
BLYP 25 -31.3 -2.2603602284
BLYP 25 -31.15 -2.2379967335
BLYP 25 -31 -2.2158196737
BLYP 25 -30.85 -2.1938289707
BLYP 25 -30.7 -2.172024531
BLYP 25 -30.55 -2.1504062459
BLYP 25 -30.4 -2.1289739914
BLYP 25 -30.25 -2.1077276275
BLYP 25 -30.1 -2.0866669985
BLYP 25 -29.95 -2.0657919327
BLYP 25 -29.8 -2.0451022419
BLYP 25 -29.65 -2.0245977216
BLYP 25 -29.5 -2.0042781506
BLYP 25 -29.35 -1.9841432906
BLYP 25 -29.2 -1.9641928868
BLYP 25 -29.05 -1.9444266666
BLYP 25 -28.9 -1.9248443405
BLYP 25 -28.75 -1.9054456013
BLYP 25 -28.6 -1.8862301242
BLYP 25 -28.45 -1.8671975665
BLYP 25 -28.3 -1.8483475676
BLYP 25 -28.15 -1.8296797489
BLYP 25 -28 -1.8111937134
BLYP 25 -27.85 -1.792889046
BLYP 25 -27.7 -1.774765313
BLYP 25 -27.55 -1.7568220625
BLYP 25 -27.4 -1.7390588237
BLYP 25 -27.25 -1.7214751072
BLYP 25 -27.1 -1.7040704049
BLYP 25 -26.95 -1.6868441901
BLYP 25 -26.8 -1.6697959168
BLYP 25 -26.65 -1.6529250207
BLYP 25 -26.5 -1.6362309181
BLYP 25 -26.35 -1.6197130067
BLYP 25 -26.2 -1.6033706653
BLYP 25 -26.05 -1.5872032537
BLYP 25 -25.9 -1.5712101128
BLYP 25 -25.75 -1.5553905648
BLYP 25 -25.6 -1.5397439131
BLYP 25 -25.45 -1.5242694422
BLYP 25 -25.3 -1.5089664182
BLYP 25 -25.15 -1.4938340885
BLYP 25 -25 -1.4788716821
BLYP 25 -24.85 -1.4640784095
BLYP 25 -24.7 -1.4494534633
BLYP 25 -24.55 -1.4349960177
BLYP 25 -24.4 -1.4207052291
BLYP 25 -24.25 -1.4065802361
BLYP 25 -24.1 -1.3926201598
BLYP 25 -23.95 -1.3788241039
BLYP 25 -23.8 -1.3651911549
BLYP 25 -23.65 -1.3517203822
BLYP 25 -23.5 -1.3384108386
BLYP 25 -23.35 -1.3252615604
BLYP 25 -23.2 -1.3122715678
BLYP 25 -23.05 -1.2994398648
BLYP 25 -22.9 -1.2867654398
BLYP 25 -22.75 -1.274247266
BLYP 25 -22.6 -1.2618843013
BLYP 25 -22.45 -1.249675489
BLYP 25 -22.3 -1.237619758
BLYP 25 -22.15 -1.2257160229
BLYP 25 -22 -1.2139631849
BLYP 25 -21.85 -1.2023601317
BLYP 25 -21.7 -1.1909057379
BLYP 25 -21.55 -1.1795988656
BLYP 25 -21.4 -1.1684383649
BLYP 25 -21.25 -1.1574230738
BLYP 25 -21.1 -1.1465518191
BLYP 25 -20.95 -1.1358234165
BLYP 25 -20.8 -1.1252366713
BLYP 25 -20.65 -1.1147903786
BLYP 25 -20.5 -1.1044833239
BLYP 25 -20.35 -1.0943142835
BLYP 25 -20.2 -1.0842820248
BLYP 25 -20.05 -1.0743853071
BLYP 25 -19.9 -1.0646228816
BLYP 25 -19.75 -1.0549934926
BLYP 25 -19.6 -1.0454958769
BLYP 25 -19.45 -1.0361287653
BLYP 25 -19.3 -1.0268908825
BLYP 25 -19.15 -1.0177809478
BLYP 25 -19 -1.0087976755
BLYP 25 -18.85 -0.9999397752
BLYP 25 -18.7 -0.9912059528
BLYP 25 -18.55 -0.9825949105
BLYP 25 -18.4 -0.9741053472
BLYP 25 -18.25 -0.9657359597
BLYP 25 -18.1 -0.9574854422
BLYP 25 -17.95 -0.9493524877
BLYP 25 -17.8 -0.9413357876
BLYP 25 -17.65 -0.9334340329
BLYP 25 -17.5 -0.9256459144
BLYP 25 -17.35 -0.9179701228
BLYP 25 -17.2 -0.9104053498
BLYP 25 -17.05 -0.9029502881
BLYP 25 -16.9 -0.8956036319
BLYP 25 -16.75 -0.8883640776
BLYP 25 -16.6 -0.8812303239
BLYP 25 -16.45 -0.8742010723
BLYP 25 -16.3 -0.8672750278
BLYP 25 -16.15 -0.8604508988
BLYP 25 -16 -0.853727398
BLYP 25 -15.85 -0.8471032425
BLYP 25 -15.7 -0.8405771543
BLYP 25 -15.55 -0.8341478605
BLYP 25 -15.4 -0.827814094
BLYP 25 -15.25 -0.8215745935
BLYP 25 -15.1 -0.8154281041
BLYP 25 -14.95 -0.8093733774
BLYP 25 -14.8 -0.8034091721
BLYP 25 -14.65 -0.797534254
BLYP 25 -14.5 -0.7917473968
BLYP 25 -14.35 -0.7860473817
BLYP 25 -14.2 -0.7804329984
BLYP 25 -14.05 -0.7749030446
BLYP 25 -13.9 -0.7694563272
BLYP 25 -13.75 -0.7640916616
BLYP 25 -13.6 -0.7588078727
BLYP 25 -13.45 -0.7536037946
BLYP 25 -13.3 -0.7484782712
BLYP 25 -13.15 -0.7434301562
BLYP 25 -13 -0.7384583131
BLYP 25 -12.85 -0.733561616
BLYP 25 -12.7 -0.7287389491
BLYP 25 -12.55 -0.7239892074
BLYP 25 -12.4 -0.7193112964
BLYP 25 -12.25 -0.7147041326
BLYP 25 -12.1 -0.7101666434
BLYP 25 -11.95 -0.7056977675
BLYP 25 -11.8 -0.7012964547
BLYP 25 -11.65 -0.696961666
BLYP 25 -11.5 -0.692692374
BLYP 25 -11.35 -0.688487563
BLYP 25 -11.2 -0.6843462285
BLYP 25 -11.05 -0.6802673778
BLYP 25 -10.9 -0.6762500302
BLYP 25 -10.75 -0.6722932163
BLYP 25 -10.6 -0.6683959788
BLYP 25 -10.45 -0.6645573721
BLYP 25 -10.3 -0.6607764627
BLYP 25 -10.15 -0.6570523286
BLYP 25 -10 -0.65338406
BLYP 25 -9.85 -0.6497707588
BLYP 25 -9.7 -0.646211539
BLYP 25 -9.55 -0.6427055261
BLYP 25 -9.4 -0.6392518578
BLYP 25 -9.25 -0.6358496834
BLYP 25 -9.1 -0.6324981642
BLYP 25 -8.95 -0.6291964729
BLYP 25 -8.8 -0.6259437944
BLYP 25 -8.65 -0.6227393248
BLYP 25 -8.5 -0.619582272
BLYP 25 -8.35 -0.6164718556
BLYP 25 -8.2 -0.6134073062
BLYP 25 -8.05 -0.6103878664
BLYP 25 -7.9 -0.6074127897
BLYP 25 -7.75 -0.6044813411
BLYP 25 -7.6 -0.6015927966
BLYP 25 -7.45 -0.5987464434
BLYP 25 -7.3 -0.5959415797
BLYP 25 -7.15 -0.5931775147
BLYP 25 -7 -0.5904535681
BLYP 25 -6.85 -0.5877690707
BLYP 25 -6.7 -0.5851233636
BLYP 25 -6.55 -0.5825157987
BLYP 25 -6.4 -0.5799457382
BLYP 25 -6.25 -0.5774125544
BLYP 25 -6.1 -0.5749156301
BLYP 25 -5.95 -0.5724543581
BLYP 25 -5.8 -0.570028141
BLYP 25 -5.65 -0.5676363914
BLYP 25 -5.5 -0.5652785317
BLYP 25 -5.35 -0.5629539938
BLYP 25 -5.2 -0.5606622192
BLYP 25 -5.05 -0.5584026586
BLYP 25 -4.9 -0.5561747723
BLYP 25 -4.75 -0.5539780295
BLYP 25 -4.6 -0.5518119084
BLYP 25 -4.45 -0.5496758963
BLYP 25 -4.3 -0.5475694891
BLYP 25 -4.15 -0.5454921915
BLYP 25 -4 -0.5434435167
BLYP 25 -3.85 -0.5414229862
BLYP 25 -3.7 -0.5394301301
BLYP 25 -3.55 -0.5374644864
BLYP 25 -3.4 -0.5355256013
BLYP 25 -3.25 -0.5336130288
BLYP 25 -3.1 -0.531726331
BLYP 25 -2.95 -0.5298650774
BLYP 25 -2.8 -0.5280288451
BLYP 25 -2.65 -0.526217219
BLYP 25 -2.5 -0.524429791
BLYP 25 -2.35 -0.5226661604
BLYP 25 -2.2 -0.5209259335
BLYP 25 -2.05 -0.5192087237
BLYP 25 -1.9 -0.5175141513
BLYP 25 -1.75 -0.5158418432
BLYP 25 -1.6 -0.5141914333
BLYP 25 -1.45 -0.5125625616
BLYP 25 -1.3 -0.510954875
BLYP 25 -1.15 -0.5093680265
BLYP 25 -1 -0.5078016752
BLYP 25 -0.85 -0.5062554867
BLYP 25 -0.7 -0.5047291321
BLYP 25 -0.55 -0.503222289
BLYP 25 -0.4 -0.5017346403
BLYP 25 -0.25 -0.5002658749
BLYP 25 -0.1 -0.4988156872
BLYP 25 0.05 -0.4973837772
BLYP 25 0.2 -0.4959698502
BLYP 25 0.35 -0.4945736168
BLYP 25 0.5 -0.4931947931
BLYP 25 0.65 -0.4918330998
BLYP 25 0.8 -0.4904882632
BLYP 25 0.95 -0.4891600143
BLYP 25 1.1 -0.4878480888
BLYP 25 1.25 -0.4865522273
BLYP 25 1.4 -0.4852721753
BLYP 25 1.55 -0.4840076825
BLYP 25 1.7 -0.4827585035
BLYP 25 1.85 -0.4815243969
BLYP 25 2 -0.4803051261
BLYP 25 2.15 -0.4791004583
BLYP 25 2.3 -0.4779101654
BLYP 25 2.45 -0.4767340229
BLYP 25 2.6 -0.4755718108
BLYP 25 2.75 -0.4744233126
BLYP 25 2.9 -0.4732883161
BLYP 25 3.05 -0.4721666126
BLYP 25 3.2 -0.4710579973
BLYP 25 3.35 -0.4699622691
BLYP 25 3.5 -0.4688792303
BLYP 25 3.65 -0.467808687
BLYP 25 3.8 -0.4667504486
BLYP 25 3.95 -0.4657043279
BLYP 25 4.1 -0.4646701411
BLYP 25 4.25 -0.4636477076
BLYP 25 4.4 -0.46263685
BLYP 25 4.55 -0.4616373943
BLYP 25 4.7 -0.4606491692
BLYP 25 4.85 -0.4596720067
BLYP 25 5 -0.4587057417
BLYP 25 5.15 -0.457750212
BLYP 25 5.3 -0.4568052584
BLYP 25 5.45 -0.4558707242
BLYP 25 5.6 -0.4549464557
BLYP 25 5.75 -0.4540323019
BLYP 25 5.9 -0.4531281144
BLYP 25 6.05 -0.4522337474
BLYP 25 6.2 -0.4513490575
BLYP 25 6.35 -0.4504739042
BLYP 25 6.5 -0.4496081489
BLYP 25 6.65 -0.448751656
BLYP 25 6.8 -0.4479042918
BLYP 25 6.95 -0.4470659251
BLYP 25 7.1 -0.446236427
BLYP 25 7.25 -0.4454156707
BLYP 25 7.4 -0.4446035318
BLYP 25 7.55 -0.4437998878
BLYP 25 7.7 -0.4430046186
BLYP 25 7.85 -0.4422176057
BLYP 25 8 -0.4414387331
BLYP 25 8.15 -0.4406678866
BLYP 25 8.3 -0.4399049538
BLYP 25 8.45 -0.4391498245
BLYP 25 8.6 -0.4384023902
BLYP 25 8.75 -0.4376625441
BLYP 25 8.9 -0.4369301815
BLYP 25 9.05 -0.4362051992
BLYP 25 9.2 -0.435487496
BLYP 25 9.35 -0.4347769722
BLYP 25 9.5 -0.4340735298
BLYP 25 9.65 -0.4333770725
BLYP 25 9.8 -0.4326875054
BLYP 25 9.95 -0.4320047355
BLYP 25 10.1 -0.431328671
BLYP 25 10.25 -0.4306592219
BLYP 25 10.4 -0.4299962995
BLYP 25 10.55 -0.4293398165
BLYP 25 10.7 -0.4286896871
BLYP 25 10.85 -0.428045827
BLYP 25 11 -0.4274081531
BLYP 25 11.15 -0.4267765836
BLYP 25 11.3 -0.4261510381
BLYP 25 11.45 -0.4255314374
BLYP 25 11.6 -0.4249177036
BLYP 25 11.75 -0.4243097599
BLYP 25 11.9 -0.4237075309
BLYP 25 12.05 -0.4231109421
BLYP 25 12.2 -0.4225199203
BLYP 25 12.35 -0.4219343935
BLYP 25 12.5 -0.4213542906
BLYP 25 12.65 -0.4207795417
BLYP 25 12.8 -0.4202100778
BLYP 25 12.95 -0.4196458312
BLYP 25 13.1 -0.419086735
BLYP 25 13.25 -0.4185327234
BLYP 25 13.4 -0.4179837315
BLYP 25 13.55 -0.4174396955
BLYP 25 13.7 -0.4169005525
BLYP 25 13.85 -0.4163662404
BLYP 25 14 -0.4158366982
BLYP 25 14.15 -0.4153118658
BLYP 25 14.3 -0.4147916839
BLYP 25 14.45 -0.4142760941
BLYP 25 14.6 -0.413765039
BLYP 25 14.75 -0.4132584619
BLYP 25 14.9 -0.4127563069
BLYP 25 15.05 -0.4122585191
BLYP 25 15.2 -0.4117650443
BLYP 25 15.35 -0.4112758291
BLYP 25 15.5 -0.4107908209
BLYP 25 15.65 -0.410309968
BLYP 25 15.8 -0.4098332193
BLYP 25 15.95 -0.4093605245
BLYP 25 16.1 -0.408891834
BLYP 25 16.25 -0.4084270991
BLYP 25 16.4 -0.4079662716
BLYP 25 16.55 -0.407509304
BLYP 25 16.7 -0.4070561498
BLYP 25 16.85 -0.4066067629
BLYP 25 17 -0.4061610979
BLYP 25 17.15 -0.4057191101
BLYP 25 17.3 -0.4052807556
BLYP 25 17.45 -0.4048459908
BLYP 25 17.6 -0.4044147731
BLYP 25 17.75 -0.4039870603
BLYP 25 17.9 -0.4035628109
BLYP 25 18.05 -0.4031419839
BLYP 25 18.2 -0.4027245391
BLYP 25 18.35 -0.4023104366
BLYP 25 18.5 -0.4018996372
BLYP 25 18.65 -0.4014921024
BLYP 25 18.8 -0.4010877941
BLYP 25 18.95 -0.4006866747
BLYP 25 19.1 -0.4002887073
BLYP 25 19.25 -0.3998938555
BLYP 25 19.4 -0.3995020833
BLYP 25 19.55 -0.3991133553
BLYP 25 19.7 -0.3987276365
BLYP 25 19.85 -0.3983448927
BLYP 25 20 -0.3979650897
BLYP 25 20.15 -0.3975881943
BLYP 25 20.3 -0.3972141734
BLYP 25 20.45 -0.3968429945
BLYP 25 20.6 -0.3964746255
BLYP 25 20.75 -0.3961090349
BLYP 25 20.9 -0.3957461915
BLYP 25 21.05 -0.3953860647
BLYP 25 21.2 -0.395028624
BLYP 25 21.35 -0.3946738396
BLYP 25 21.5 -0.3943216821
BLYP 25 21.65 -0.3939721225
BLYP 25 21.8 -0.393625132
BLYP 25 21.95 -0.3932806825
BLYP 25 22.1 -0.3929387462
BLYP 25 22.25 -0.3925992954
BLYP 25 22.4 -0.3922623033
BLYP 25 22.55 -0.3919277429
BLYP 25 22.7 -0.3915955881
BLYP 25 22.85 -0.3912658127
BLYP 25 23 -0.3909383912
BLYP 25 23.15 -0.3906132983
BLYP 25 23.3 -0.3902905091
BLYP 25 23.45 -0.3899699988
BLYP 25 23.6 -0.3896517434
BLYP 25 23.75 -0.3893357187
BLYP 25 23.9 -0.3890219013
BLYP 25 24.05 -0.3887102677
BLYP 25 24.2 -0.3884007951
BLYP 25 24.35 -0.3880934607
BLYP 25 24.5 -0.3877882421
BLYP 25 24.65 -0.3874851174
BLYP 25 24.8 -0.3871840646
BLYP 25 24.95 -0.3868850623
BLYP 25 25.1 -0.3865880893
BLYP 25 25.25 -0.3862931247
BLYP 25 25.4 -0.3860001478
BLYP 25 25.55 -0.3857091381
BLYP 25 25.7 -0.3854200757
BLYP 25 25.85 -0.3851329407
BLYP 25 26 -0.3848477134
BLYP 25 26.15 -0.3845643745
BLYP 25 26.3 -0.384282905
BLYP 25 26.45 -0.384003286
BLYP 25 26.6 -0.3837254989
BLYP 25 26.75 -0.3834495253
BLYP 25 26.9 -0.3831753473
BLYP 25 27.05 -0.3829029467
BLYP 25 27.2 -0.3826323062
BLYP 25 27.35 -0.3823634081
BLYP 25 27.5 -0.3820962353
BLYP 25 27.65 -0.3818307708
BLYP 25 27.8 -0.3815669978
BLYP 25 27.95 -0.3813048998
BLYP 25 28.1 -0.3810444605
BLYP 25 28.25 -0.3807856636
BLYP 25 28.4 -0.3805284934
BLYP 25 28.55 -0.3802729339
BLYP 25 28.7 -0.3800189698
BLYP 25 28.85 -0.3797665856
BLYP 25 29 -0.3795157662
BLYP 25 29.15 -0.3792664967
BLYP 25 29.3 -0.3790187622
BLYP 25 29.45 -0.3787725482
BLYP 25 29.6 -0.3785278402
BLYP 25 29.75 -0.3782846241
BLYP 25 29.9 -0.3780428857
BLYP 25 30.05 -0.3778026112
BLYP 25 30.2 -0.3775637868
BLYP 25 30.35 -0.377326399
BLYP 25 30.5 -0.3770904345
BLYP 25 30.65 -0.37685588
BLYP 25 30.8 -0.3766227224
BLYP 25 30.95 -0.3763909488
BLYP 25 31.1 -0.3761605465
BLYP 25 31.25 -0.375931503
BLYP 25 31.4 -0.3757038056
BLYP 25 31.55 -0.3754774423
BLYP 25 31.7 -0.3752524007
BLYP 25 31.85 -0.3750286689
BLYP 25 32 -0.3748062351
BLYP 25 32.15 -0.3745850876
BLYP 25 32.3 -0.3743652147
BLYP 25 32.45 -0.3741466049
BLYP 25 32.6 -0.3739292471
BLYP 25 32.75 -0.37371313
BLYP 25 32.9 -0.3734982426
BLYP 25 33.05 -0.373284574
BLYP 25 33.2 -0.3730721133
BLYP 25 33.35 -0.37286085
BLYP 25 33.5 -0.3726507734
BLYP 25 33.65 -0.3724418732
BLYP 25 33.8 -0.3722341391
BLYP 25 33.95 -0.3720275608
BLYP 25 34.1 -0.3718221284
BLYP 25 34.25 -0.3716178318
BLYP 25 34.4 -0.3714146613
BLYP 25 34.55 -0.3712126071
BLYP 25 34.7 -0.3710116597
BLYP 25 34.85 -0.3708118095
BLYP 25 35 -0.370613047
BLYP 25 35.15 -0.3704153632
BLYP 25 35.3 -0.3702187487
BLYP 25 35.45 -0.3700231945
BLYP 25 35.6 -0.3698286915
BLYP 25 35.75 -0.369635231
BLYP 25 35.9 -0.3694428042
BLYP 25 36.05 -0.3692514024
BLYP 25 36.2 -0.3690610169
BLYP 25 36.35 -0.3688716393
BLYP 25 36.5 -0.3686832613
BLYP 25 36.65 -0.3684958744
BLYP 25 36.8 -0.3683094706
BLYP 25 36.95 -0.3681240416
BLYP 25 37.1 -0.3679395795
BLYP 25 37.25 -0.3677560763
BLYP 25 37.4 -0.3675735241
BLYP 25 37.55 -0.3673919152
BLYP 25 37.7 -0.3672112419
BLYP 25 37.85 -0.3670314966
BLYP 25 38 -0.3668526718
BLYP 25 38.15 -0.3666747599
BLYP 25 38.3 -0.3664977538
BLYP 25 38.45 -0.366321646
BLYP 25 38.6 -0.3661464293
BLYP 25 38.75 -0.3659720968
BLYP 25 38.9 -0.3657986412
BLYP 25 39.05 -0.3656260556
BLYP 25 39.2 -0.3654543332
BLYP 25 39.35 -0.365283467
BLYP 25 39.5 -0.3651134503
BLYP 25 39.65 -0.3649442765
BLYP 25 39.8 -0.3647759389
BLYP 25 39.95 -0.364608431
BLYP 25 40.1 -0.3644417462
BLYP 25 40.25 -0.3642758782
BLYP 25 40.4 -0.3641108207
BLYP 25 40.55 -0.3639465673
BLYP 25 40.7 -0.3637831118
BLYP 25 40.85 -0.3636204481
BLYP 25 41 -0.3634585701
BLYP 25 41.15 -0.3632974717
BLYP 25 41.3 -0.363137147
BLYP 25 41.45 -0.3629775901
BLYP 25 41.6 -0.3628187952
BLYP 25 41.75 -0.3626607564
BLYP 25 41.9 -0.3625034681
BLYP 25 42.05 -0.3623469245
BLYP 25 42.2 -0.3621911201
BLYP 25 42.35 -0.3620360493
BLYP 25 42.5 -0.3618817066
BLYP 25 42.65 -0.3617280865
BLYP 25 42.8 -0.3615751837
BLYP 25 42.95 -0.3614229929
BLYP 25 43.1 -0.3612715086
BLYP 25 43.25 -0.3611207258
BLYP 25 43.4 -0.3609706393
BLYP 25 43.55 -0.3608212438
BLYP 25 43.7 -0.3606725344
BLYP 25 43.85 -0.360524506
BLYP 25 44 -0.3603771536
BLYP 25 44.15 -0.3602304722
BLYP 25 44.3 -0.3600844571
BLYP 25 44.45 -0.3599391034
BLYP 25 44.6 -0.3597944063
BLYP 25 44.75 -0.359650361
BLYP 25 44.9 -0.3595069629
BLYP 25 45.05 -0.3593642073
BLYP 25 45.2 -0.3592220896
BLYP 25 45.35 -0.3590806052
BLYP 25 45.5 -0.3589397496
BLYP 25 45.65 -0.3587995184
BLYP 25 45.8 -0.3586599071
BLYP 25 45.95 -0.3585209114
BLYP 25 46.1 -0.3583825268
BLYP 25 46.25 -0.3582447491
BLYP 25 46.4 -0.3581075739
BLYP 25 46.55 -0.3579709972
BLYP 25 46.7 -0.3578350147
BLYP 25 46.85 -0.3576996222
BLYP 25 47 -0.3575648156
BLYP 25 47.15 -0.357430591
BLYP 25 47.3 -0.3572969441
BLYP 25 47.45 -0.3571638711
BLYP 25 47.6 -0.357031368
BLYP 25 47.75 -0.3568994309
BLYP 25 47.9 -0.3567680558
BLYP 25 48.05 -0.356637239
BLYP 25 48.2 -0.3565069766
BLYP 25 48.35 -0.3563772648
BLYP 25 48.5 -0.3562480999
BLYP 25 48.65 -0.3561194783
BLYP 25 48.8 -0.3559913961
BLYP 25 48.95 -0.3558638498
BLYP 25 49.1 -0.3557368358
BLYP 25 49.25 -0.3556103504
BLYP 25 49.4 -0.3554843902
BLYP 25 49.55 -0.3553589516
BLYP 25 49.7 -0.3552340312
BLYP 25 49.85 -0.3551096255
BLYP 25 50 -0.354985731
BLYP 25 50.15 -0.3548623445
BLYP 25 50.3 -0.3547394624
BLYP 25 50.45 -0.3546170816
BLYP 25 50.6 -0.3544951987
BLYP 25 50.75 -0.3543738104
BLYP 25 50.9 -0.3542529135
BLYP 25 51.05 -0.3541325049
BLYP 25 51.2 -0.3540125812
BLYP 25 51.35 -0.3538931393
BLYP 25 51.5 -0.3537741762
BLYP 25 51.65 -0.3536556887
BLYP 25 51.8 -0.3535376737
BLYP 25 51.95 -0.3534201282
BLYP 25 52.1 -0.3533030492
BLYP 25 52.25 -0.3531864337
BLYP 25 52.4 -0.3530702787
BLYP 25 52.55 -0.3529545812
BLYP 25 52.7 -0.3528393385
BLYP 25 52.85 -0.3527245474
BLYP 25 53 -0.3526102053
BLYP 25 53.15 -0.3524963092
BLYP 25 53.3 -0.3523828563
BLYP 25 53.45 -0.3522698439
BLYP 25 53.6 -0.3521572691
BLYP 25 53.75 -0.3520451293
BLYP 25 53.9 -0.3519334216
BLYP 25 54.05 -0.3518221435
BLYP 25 54.2 -0.3517112921
BLYP 25 54.35 -0.3516008649
BLYP 25 54.5 -0.3514908592
BLYP 25 54.65 -0.3513812724
BLYP 25 54.8 -0.351272102
BLYP 25 54.95 -0.3511633453
BLYP 25 55.1 -0.3510549997
BLYP 25 55.25 -0.3509470629
BLYP 25 55.4 -0.3508395323
BLYP 25 55.55 -0.3507324053
BLYP 25 55.7 -0.3506256795
BLYP 25 55.85 -0.3505193526
BLYP 25 56 -0.3504134219
BLYP 25 56.15 -0.3503078853
BLYP 25 56.3 -0.3502027402
BLYP 25 56.45 -0.3500979843
BLYP 25 56.6 -0.3499936153
BLYP 25 56.75 -0.3498896308
BLYP 25 56.9 -0.3497860285
BLYP 25 57.05 -0.3496828062
BLYP 25 57.2 -0.3495799615
BLYP 25 57.35 -0.3494774923
BLYP 25 57.5 -0.3493753962
BLYP 25 57.65 -0.3492736711
BLYP 25 57.8 -0.3491723148
BLYP 25 57.95 -0.349071325
BLYP 25 58.1 -0.3489706997
BLYP 25 58.25 -0.3488704367
BLYP 25 58.4 -0.3487705338
BLYP 25 58.55 -0.348670989
BLYP 25 58.7 -0.3485718001
BLYP 25 58.85 -0.348472965
BLYP 25 59 -0.3483744818
BLYP 25 59.15 -0.3482763484
BLYP 25 59.3 -0.3481785626
BLYP 25 59.45 -0.3480811226
BLYP 25 59.6 -0.3479840263
BLYP 25 59.75 -0.3478872718
BLYP 25 59.9 -0.347790857
BLYP 25 60.05 -0.3476947801
BLYP 25 60.2 -0.347599039
BLYP 25 60.35 -0.3475036319
BLYP 25 60.5 -0.3474085568
BLYP 25 60.65 -0.3473138119
BLYP 25 60.8 -0.3472193953
BLYP 25 60.95 -0.3471253051
BLYP 25 61.1 -0.3470315395
BLYP 25 61.25 -0.3469380966
BLYP 25 61.4 -0.3468449747
BLYP 25 61.55 -0.3467521719
BLYP 25 61.7 -0.3466596864
BLYP 25 61.85 -0.3465675164
BLYP 25 62 -0.3464756602
BLYP 25 62.15 -0.3463841161
BLYP 25 62.3 -0.3462928822
BLYP 25 62.45 -0.3462019569
BLYP 25 62.6 -0.3461113385
BLYP 25 62.75 -0.3460210252
BLYP 25 62.9 -0.3459310153
BLYP 25 63.05 -0.3458413073
BLYP 25 63.2 -0.3457518994
BLYP 25 63.35 -0.34566279
BLYP 25 63.5 -0.3455739774
BLYP 25 63.65 -0.34548546
BLYP 25 63.8 -0.3453972363
BLYP 25 63.95 -0.3453093045
BLYP 25 64.1 -0.3452216632
BLYP 25 64.25 -0.3451343107
BLYP 25 64.4 -0.3450472454
BLYP 25 64.55 -0.3449604659
BLYP 25 64.7 -0.3448739706
BLYP 25 64.85 -0.3447877579
BLYP 25 65 -0.3447018264
BLYP 25 65.15 -0.3446161744
BLYP 25 65.3 -0.3445308006
BLYP 25 65.45 -0.3444457034
BLYP 25 65.6 -0.3443608814
BLYP 25 65.75 -0.3442763331
BLYP 25 65.9 -0.3441920569
BLYP 25 66.05 -0.3441080516
BLYP 25 66.2 -0.3440243157
BLYP 25 66.35 -0.3439408476
BLYP 25 66.5 -0.3438576461
BLYP 25 66.65 -0.3437747097
BLYP 25 66.8 -0.3436920371
BLYP 25 66.95 -0.3436096267
BLYP 25 67.1 -0.3435274774
BLYP 25 67.25 -0.3434455876
BLYP 25 67.4 -0.3433639561
BLYP 25 67.55 -0.3432825815
BLYP 25 67.7 -0.3432014624
BLYP 25 67.85 -0.3431205976
BLYP 25 68 -0.3430399857
BLYP 25 68.15 -0.3429596255
BLYP 25 68.3 -0.3428795156
BLYP 25 68.45 -0.3427996546
BLYP 25 68.6 -0.3427200415
BLYP 25 68.75 -0.3426406748
BLYP 25 68.9 -0.3425615534
BLYP 25 69.05 -0.3424826759
BLYP 25 69.2 -0.3424040412
BLYP 25 69.35 -0.3423256479
BLYP 25 69.5 -0.3422474949
BLYP 25 69.65 -0.3421695809
BLYP 25 69.8 -0.3420919048
BLYP 25 69.95 -0.3420144653
BLYP 25 70.1 -0.3419372613
BLYP 25 70.25 -0.3418602915
BLYP 25 70.4 -0.3417835547
BLYP 25 70.55 -0.3417070499
BLYP 25 70.7 -0.3416307758
BLYP 25 70.85 -0.3415547313
BLYP 25 71 -0.3414789153
BLYP 25 71.15 -0.3414033266
BLYP 25 71.3 -0.341327964
BLYP 25 71.45 -0.3412528265
BLYP 25 71.6 -0.341177913
BLYP 25 71.75 -0.3411032222
BLYP 25 71.9 -0.3410287532
BLYP 25 72.05 -0.3409545049
BLYP 25 72.2 -0.3408804761
BLYP 25 72.35 -0.3408066658
BLYP 25 72.5 -0.3407330729
BLYP 25 72.65 -0.3406596963
BLYP 25 72.8 -0.3405865351
BLYP 25 72.95 -0.340513588
BLYP 25 73.1 -0.3404408542
BLYP 25 73.25 -0.3403683325
BLYP 25 73.4 -0.340296022
BLYP 25 73.55 -0.3402239216
BLYP 25 73.7 -0.3401520303
BLYP 25 73.85 -0.340080347
BLYP 25 74 -0.3400088709
BLYP 25 74.15 -0.3399376008
BLYP 25 74.3 -0.3398665359
BLYP 25 74.45 -0.3397956751
BLYP 25 74.6 -0.3397250174
BLYP 25 74.75 -0.3396545619
BLYP 25 74.9 -0.3395843076
BLYP 25 75.05 -0.3395142536
BLYP 25 75.2 -0.3394443989
BLYP 25 75.35 -0.3393747425
BLYP 25 75.5 -0.3393052836
BLYP 25 75.65 -0.3392360212
BLYP 25 75.8 -0.3391669543
BLYP 25 75.95 -0.3390980821
BLYP 25 76.1 -0.3390294036
BLYP 25 76.25 -0.3389609179
BLYP 25 76.4 -0.3388926242
BLYP 25 76.55 -0.3388245214
BLYP 25 76.7 -0.3387566089
BLYP 25 76.85 -0.3386888855
BLYP 25 77 -0.3386213505
BLYP 25 77.15 -0.3385540031
BLYP 25 77.3 -0.3384868422
BLYP 25 77.45 -0.3384198671
BLYP 25 77.6 -0.3383530769
BLYP 25 77.75 -0.3382864708
BLYP 25 77.9 -0.3382200479
BLYP 25 78.05 -0.3381538073
BLYP 25 78.2 -0.3380877483
BLYP 25 78.35 -0.33802187
BLYP 25 78.5 -0.3379561715
BLYP 25 78.65 -0.3378906521
BLYP 25 78.8 -0.3378253109
BLYP 25 78.95 -0.3377601472
BLYP 25 79.1 -0.33769516
BLYP 25 79.25 -0.3376303487
BLYP 25 79.4 -0.3375657124
BLYP 25 79.55 -0.3375012504
BLYP 25 79.7 -0.3374369617
BLYP 25 79.85 -0.3373728458
BLYP 25 80 -0.3373089017
BLYP 25 80.15 -0.3372451288
BLYP 25 80.3 -0.3371815262
BLYP 25 80.45 -0.3371180932
BLYP 25 80.6 -0.3370548291
BLYP 25 80.75 -0.336991733
BLYP 25 80.9 -0.3369288042
BLYP 25 81.05 -0.3368660421
BLYP 25 81.2 -0.3368034458
BLYP 25 81.35 -0.3367410146
BLYP 25 81.5 -0.3366787478
BLYP 25 81.65 -0.3366166446
BLYP 25 81.8 -0.3365547044
BLYP 25 81.95 -0.3364929265
BLYP 25 82.1 -0.33643131
BLYP 25 82.25 -0.3363698543
BLYP 25 82.4 -0.3363085588
BLYP 25 82.55 -0.3362474226
BLYP 25 82.7 -0.3361864451
BLYP 25 82.85 -0.3361256257
BLYP 25 83 -0.3360649636
BLYP 25 83.15 -0.3360044581
BLYP 25 83.3 -0.3359441086
BLYP 25 83.45 -0.3358839143
BLYP 25 83.6 -0.3358238747
BLYP 25 83.75 -0.3357639891
BLYP 25 83.9 -0.3357042567
BLYP 25 84.05 -0.335644677
BLYP 25 84.2 -0.3355852492
BLYP 25 84.35 -0.3355259727
BLYP 25 84.5 -0.335466847
BLYP 25 84.65 -0.3354078712
BLYP 25 84.8 -0.3353490449
BLYP 25 84.95 -0.3352903673
BLYP 25 85.1 -0.3352318378
BLYP 25 85.25 -0.3351734558
BLYP 25 85.4 -0.3351152207
BLYP 25 85.55 -0.3350571318
BLYP 25 85.7 -0.3349991886
BLYP 25 85.85 -0.3349413904
BLYP 25 86 -0.3348837366
BLYP 25 86.15 -0.3348262265
BLYP 25 86.3 -0.3347688597
BLYP 25 86.45 -0.3347116354
BLYP 25 86.6 -0.3346545532
BLYP 25 86.75 -0.3345976124
BLYP 25 86.9 -0.3345408123
BLYP 25 87.05 -0.3344841525
BLYP 25 87.2 -0.3344276323
BLYP 25 87.35 -0.3343712512
BLYP 25 87.5 -0.3343150086
BLYP 25 87.65 -0.3342589039
BLYP 25 87.8 -0.3342029366
BLYP 25 87.95 -0.334147106
BLYP 25 88.1 -0.3340914116
BLYP 25 88.25 -0.3340358529
BLYP 25 88.4 -0.3339804292
BLYP 25 88.55 -0.3339251402
BLYP 25 88.7 -0.3338699851
BLYP 25 88.85 -0.3338149634
BLYP 25 89 -0.3337600746
BLYP 25 89.15 -0.3337053182
BLYP 25 89.3 -0.3336506936
BLYP 25 89.45 -0.3335962003
BLYP 25 89.6 -0.3335418378
BLYP 25 89.75 -0.3334876054
BLYP 25 89.9 -0.3334335028
BLYP 25 90.05 -0.3333795293
BLYP 25 90.2 -0.3333256844
BLYP 25 90.35 -0.3332719677
BLYP 25 90.5 -0.3332183786
BLYP 25 90.65 -0.3331649166
BLYP 25 90.8 -0.3331115812
BLYP 25 90.95 -0.3330583719
BLYP 25 91.1 -0.3330052882
BLYP 25 91.25 -0.3329523295
BLYP 25 91.4 -0.3328994955
BLYP 25 91.55 -0.3328467855
BLYP 25 91.7 -0.3327941991
BLYP 25 91.85 -0.3327417358
BLYP 25 92 -0.3326893951
BLYP 25 92.15 -0.3326371766
BLYP 25 92.3 -0.3325850797
BLYP 25 92.45 -0.332533104
BLYP 25 92.6 -0.3324812489
BLYP 25 92.75 -0.3324295141
BLYP 25 92.9 -0.332377899
BLYP 25 93.05 -0.3323264032
BLYP 25 93.2 -0.3322750263
BLYP 25 93.35 -0.3322237676
BLYP 25 93.5 -0.3321726269
BLYP 25 93.65 -0.3321216035
BLYP 25 93.8 -0.3320706972
BLYP 25 93.95 -0.3320199073
BLYP 25 94.1 -0.3319692335
BLYP 25 94.25 -0.3319186754
BLYP 25 94.4 -0.3318682324
BLYP 25 94.55 -0.3318179041
BLYP 25 94.7 -0.3317676901
BLYP 25 94.85 -0.3317175899
BLYP 25 95 -0.3316676031
BLYP 25 95.15 -0.3316177293
BLYP 25 95.3 -0.331567968
BLYP 25 95.45 -0.3315183189
BLYP 25 95.6 -0.3314687814
BLYP 25 95.75 -0.3314193551
BLYP 25 95.9 -0.3313700397
BLYP 25 96.05 -0.3313208346
BLYP 25 96.2 -0.3312717396
BLYP 25 96.35 -0.3312227541
BLYP 25 96.5 -0.3311738778
BLYP 25 96.65 -0.3311251102
BLYP 25 96.8 -0.3310764509
BLYP 25 96.95 -0.3310278995
BLYP 25 97.1 -0.3309794557
BLYP 25 97.25 -0.3309311189
BLYP 25 97.4 -0.3308828889
BLYP 25 97.55 -0.3308347652
BLYP 25 97.7 -0.3307867473
BLYP 25 97.85 -0.330738835
BLYP 25 98 -0.3306910278
BLYP 25 98.15 -0.3306433253
BLYP 25 98.3 -0.3305957271
BLYP 25 98.45 -0.3305482329
BLYP 25 98.6 -0.3305008423
BLYP 25 98.75 -0.3304535548
BLYP 25 98.9 -0.3304063701
BLYP 25 99.05 -0.3303592879
BLYP 25 99.2 -0.3303123076
BLYP 25 99.35 -0.330265429
BLYP 25 99.5 -0.3302186518
BLYP 25 99.65 -0.3301719754
BLYP 25 99.8 -0.3301253995
BLYP 25 99.95 -0.3300789239
BLYP 25 100.1 -0.330032548
BLYP 25 100.25 -0.3299862716
BLYP 25 100.4 -0.3299400942
BLYP 25 100.55 -0.3298940156
BLYP 25 100.7 -0.3298480353
BLYP 25 100.85 -0.3298021531
BLYP 25 101 -0.3297563684
BLYP 25 101.15 -0.3297106811
BLYP 25 101.3 -0.3296650907
BLYP 25 101.45 -0.3296195969
BLYP 25 101.6 -0.3295741993
BLYP 25 101.75 -0.3295288976
BLYP 25 101.9 -0.3294836915
BLYP 25 102.05 -0.3294385805
BLYP 25 102.2 -0.3293935645
BLYP 25 102.35 -0.3293486429
BLYP 25 102.5 -0.3293038155
BLYP 25 102.65 -0.329259082
BLYP 25 102.8 -0.329214442
BLYP 25 102.95 -0.3291698951
BLYP 25 103.1 -0.3291254411
BLYP 25 103.25 -0.3290810796
BLYP 25 103.4 -0.3290368103
BLYP 25 103.55 -0.3289926329
BLYP 25 103.7 -0.328948547
BLYP 25 103.85 -0.3289045523
BLYP 25 104 -0.3288606485
BLYP 25 104.15 -0.3288168353
BLYP 25 104.3 -0.3287731123
BLYP 25 104.45 -0.3287294792
BLYP 25 104.6 -0.3286859358
BLYP 25 104.75 -0.3286424816
BLYP 25 104.9 -0.3285991165
BLYP 25 105.05 -0.32855584
BLYP 25 105.2 -0.3285126519
BLYP 25 105.35 -0.3284695518
BLYP 25 105.5 -0.3284265395
BLYP 25 105.65 -0.3283836147
BLYP 25 105.8 -0.328340777
BLYP 25 105.95 -0.3282980261
BLYP 25 106.1 -0.3282553617
BLYP 25 106.25 -0.3282127837
BLYP 25 106.4 -0.3281702915
BLYP 25 106.55 -0.328127885
BLYP 25 106.7 -0.3280855638
BLYP 25 106.85 -0.3280433277
BLYP 25 107 -0.3280011764
BLYP 25 107.15 -0.3279591095
BLYP 25 107.3 -0.3279171268
BLYP 25 107.45 -0.3278752281
BLYP 25 107.6 -0.3278334129
BLYP 25 107.75 -0.327791681
BLYP 25 107.9 -0.3277500322
BLYP 25 108.05 -0.3277084661
BLYP 25 108.2 -0.3276669825
BLYP 25 108.35 -0.3276255811
BLYP 25 108.5 -0.3275842617
BLYP 25 108.65 -0.3275430238
BLYP 25 108.8 -0.3275018673
BLYP 25 108.95 -0.3274607919
BLYP 25 109.1 -0.3274197974
BLYP 25 109.25 -0.3273788833
BLYP 25 109.4 -0.3273380495
BLYP 25 109.55 -0.3272972958
BLYP 25 109.7 -0.3272566217
BLYP 25 109.85 -0.3272160271
BLYP 25 110 -0.3271755117
BLYP 25 110.15 -0.3271350753
BLYP 25 110.3 -0.3270947175
BLYP 25 110.45 -0.3270544381
BLYP 25 110.6 -0.3270142369
BLYP 25 110.75 -0.3269741136
BLYP 25 110.9 -0.3269340678
BLYP 25 111.05 -0.3268940995
BLYP 25 111.2 -0.3268542082
BLYP 25 111.35 -0.3268143939
BLYP 25 111.5 -0.3267746561
BLYP 25 111.65 -0.3267349947
BLYP 25 111.8 -0.3266954093
BLYP 25 111.95 -0.3266558999
BLYP 25 112.1 -0.326616466
BLYP 25 112.25 -0.3265771075
BLYP 25 112.4 -0.326537824
BLYP 25 112.55 -0.3264986155
BLYP 25 112.7 -0.3264594815
BLYP 25 112.85 -0.3264204219
BLYP 25 113 -0.3263814365
BLYP 25 113.15 -0.3263425249
BLYP 25 113.3 -0.326303687
BLYP 25 113.45 -0.3262649224
BLYP 25 113.6 -0.3262262311
BLYP 25 113.75 -0.3261876126
BLYP 25 113.9 -0.3261490669
BLYP 25 114.05 -0.3261105936
BLYP 25 114.2 -0.3260721926
BLYP 25 114.35 -0.3260338635
BLYP 25 114.5 -0.3259956062
BLYP 25 114.65 -0.3259574204
BLYP 25 114.8 -0.325919306
BLYP 25 114.95 -0.3258812626
BLYP 25 115.1 -0.32584329
BLYP 25 115.25 -0.325805388
BLYP 25 115.4 -0.3257675565
BLYP 25 115.55 -0.3257297951
BLYP 25 115.7 -0.3256921036
BLYP 25 115.85 -0.3256544819
BLYP 25 116 -0.3256169297
BLYP 25 116.15 -0.3255794467
BLYP 25 116.3 -0.3255420328
BLYP 25 116.45 -0.3255046877
BLYP 25 116.6 -0.3254674113
BLYP 25 116.75 -0.3254302032
BLYP 25 116.9 -0.3253930633
BLYP 25 117.05 -0.3253559914
BLYP 25 117.2 -0.3253189873
BLYP 25 117.35 -0.3252820507
BLYP 25 117.5 -0.3252451814
BLYP 25 117.65 -0.3252083793
BLYP 25 117.8 -0.325171644
BLYP 25 117.95 -0.3251349755
BLYP 25 118.1 -0.3250983734
BLYP 25 118.25 -0.3250618377
BLYP 25 118.4 -0.325025368
BLYP 25 118.55 -0.3249889642
BLYP 25 118.7 -0.324952626
BLYP 25 118.85 -0.3249163533
BLYP 25 119 -0.3248801459
BLYP 25 119.15 -0.3248440035
BLYP 25 119.3 -0.324807926
BLYP 25 119.45 -0.3247719132
BLYP 25 119.6 -0.3247359647
BLYP 25 119.75 -0.3247000806
BLYP 25 119.9 -0.3246642605
BLYP 25 120.05 -0.3246285043
BLYP 25 120.2 -0.3245928117
BLYP 25 120.35 -0.3245571826
BLYP 25 120.5 -0.3245216168
BLYP 25 120.65 -0.324486114
BLYP 25 120.8 -0.3244506742
BLYP 25 120.95 -0.324415297
BLYP 25 121.1 -0.3243799823
BLYP 25 121.25 -0.32434473
BLYP 25 121.4 -0.3243095398
BLYP 25 121.55 -0.3242744115
BLYP 25 121.7 -0.3242393449
BLYP 25 121.85 -0.32420434
BLYP 25 122 -0.3241693964
BLYP 25 122.15 -0.3241345139
BLYP 25 122.3 -0.3240996925
BLYP 25 122.45 -0.3240649319
BLYP 25 122.6 -0.324030232
BLYP 25 122.75 -0.3239955925
BLYP 25 122.9 -0.3239610132
BLYP 25 123.05 -0.3239264941
BLYP 25 123.2 -0.3238920348
BLYP 25 123.35 -0.3238576353
BLYP 25 123.5 -0.3238232953
BLYP 25 123.65 -0.3237890148
BLYP 25 123.8 -0.3237547934
BLYP 25 123.95 -0.323720631
BLYP 25 124.1 -0.3236865275
BLYP 25 124.25 -0.3236524826
BLYP 25 124.4 -0.3236184962
BLYP 25 124.55 -0.3235845682
BLYP 25 124.7 -0.3235506983
BLYP 25 124.85 -0.3235168863
BLYP 25 125 -0.3234831322
BLYP 25 125.15 -0.3234494357
BLYP 25 125.3 -0.3234157967
BLYP 25 125.45 -0.3233822149
BLYP 25 125.6 -0.3233486903
BLYP 25 125.75 -0.3233152227
BLYP 25 125.9 -0.3232818118
BLYP 25 126.05 -0.3232484576
BLYP 25 126.2 -0.3232151598
BLYP 25 126.35 -0.3231819183
BLYP 25 126.5 -0.3231487329
BLYP 25 126.65 -0.3231156035
BLYP 25 126.8 -0.3230825298
BLYP 25 126.95 -0.3230495119
BLYP 25 127.1 -0.3230165494
BLYP 25 127.25 -0.3229836422
BLYP 25 127.4 -0.3229507901
BLYP 25 127.55 -0.3229179931
BLYP 25 127.7 -0.3228852509
BLYP 25 127.85 -0.3228525633
BLYP 25 128 -0.3228199303
BLYP 25 128.15 -0.3227873516
BLYP 25 128.3 -0.3227548272
BLYP 25 128.45 -0.3227223568
BLYP 25 128.6 -0.3226899402
BLYP 25 128.75 -0.3226575774
BLYP 25 128.9 -0.3226252682
BLYP 25 129.05 -0.3225930124
BLYP 25 129.2 -0.3225608099
BLYP 25 129.35 -0.3225286606
BLYP 25 129.5 -0.3224965641
BLYP 25 129.65 -0.3224645205
BLYP 25 129.8 -0.3224325296
BLYP 25 129.95 -0.3224005912
BLYP 25 130.1 -0.3223687052
BLYP 25 130.25 -0.3223368713
BLYP 25 130.4 -0.3223050896
BLYP 25 130.55 -0.3222733598
BLYP 25 130.7 -0.3222416817
BLYP 25 130.85 -0.3222100553
BLYP 25 131 -0.3221784804
BLYP 25 131.15 -0.3221469568
BLYP 25 131.3 -0.3221154844
BLYP 25 131.45 -0.3220840631
BLYP 25 131.6 -0.3220526926
BLYP 25 131.75 -0.3220213729
BLYP 25 131.9 -0.3219901039
BLYP 25 132.05 -0.3219588853
BLYP 25 132.2 -0.3219277171
BLYP 25 132.35 -0.3218965991
BLYP 25 132.5 -0.3218655311
BLYP 25 132.65 -0.321834513
BLYP 25 132.8 -0.3218035447
BLYP 25 132.95 -0.3217726261
BLYP 25 133.1 -0.321741757
BLYP 25 133.25 -0.3217109372
BLYP 25 133.4 -0.3216801666
BLYP 25 133.55 -0.3216494452
BLYP 25 133.7 -0.3216187727
BLYP 25 133.85 -0.321588149
BLYP 25 134 -0.321557574
BLYP 25 134.15 -0.3215270475
BLYP 25 134.3 -0.3214965695
BLYP 25 134.45 -0.3214661398
BLYP 25 134.6 -0.3214357582
BLYP 25 134.75 -0.3214054246
BLYP 25 134.9 -0.3213751389
BLYP 25 135.05 -0.321344901
BLYP 25 135.2 -0.3213147106
BLYP 25 135.35 -0.3212845678
BLYP 25 135.5 -0.3212544724
BLYP 25 135.65 -0.3212244241
BLYP 25 135.8 -0.321194423
BLYP 25 135.95 -0.3211644689
BLYP 25 136.1 -0.3211345616
BLYP 25 136.25 -0.321104701
BLYP 25 136.4 -0.321074887
BLYP 25 136.55 -0.3210451195
BLYP 25 136.7 -0.3210153984
BLYP 25 136.85 -0.3209857234
BLYP 25 137 -0.3209560946
BLYP 25 137.15 -0.3209265117
BLYP 25 137.3 -0.3208969747
BLYP 25 137.45 -0.3208674833
BLYP 25 137.6 -0.3208380376
BLYP 25 137.75 -0.3208086374
BLYP 25 137.9 -0.3207792825
BLYP 25 138.05 -0.3207499728
BLYP 25 138.2 -0.3207207083
BLYP 25 138.35 -0.3206914887
BLYP 25 138.5 -0.320662314
BLYP 25 138.65 -0.3206331841
BLYP 25 138.8 -0.3206040988
BLYP 25 138.95 -0.320575058
BLYP 25 139.1 -0.3205460616
BLYP 25 139.25 -0.3205171094
BLYP 25 139.4 -0.3204882014
BLYP 25 139.55 -0.3204593375
BLYP 25 139.7 -0.3204305175
BLYP 25 139.85 -0.3204017413
BLYP 25 140 -0.3203730088
BLYP 25 140.15 -0.3203443198
BLYP 25 140.3 -0.3203156743
BLYP 25 140.45 -0.3202870722
BLYP 25 140.6 -0.3202585133
BLYP 25 140.75 -0.3202299975
BLYP 25 140.9 -0.3202015247
BLYP 25 141.05 -0.3201730948
BLYP 25 141.2 -0.3201447077
BLYP 25 141.35 -0.3201163632
BLYP 25 141.5 -0.3200880613
BLYP 25 141.65 -0.3200598019
BLYP 25 141.8 -0.3200315848
BLYP 25 141.95 -0.3200034099
BLYP 25 142.1 -0.3199752771
BLYP 25 142.25 -0.3199471863
BLYP 25 142.4 -0.3199191374
BLYP 25 142.55 -0.3198911303
BLYP 25 142.7 -0.3198631649
BLYP 25 142.85 -0.319835241
BLYP 25 143 -0.3198073586
BLYP 25 143.15 -0.3197795175
BLYP 25 143.3 -0.3197517177
BLYP 25 143.45 -0.3197239591
BLYP 25 143.6 -0.3196962414
BLYP 25 143.75 -0.3196685647
BLYP 25 143.9 -0.3196409288
BLYP 25 144.05 -0.3196133337
BLYP 25 144.2 -0.3195857791
BLYP 25 144.35 -0.3195582651
BLYP 25 144.5 -0.3195307914
BLYP 25 144.65 -0.3195033581
BLYP 25 144.8 -0.3194759649
BLYP 25 144.95 -0.3194486119
BLYP 25 145.1 -0.3194212988
BLYP 25 145.25 -0.3193940257
BLYP 25 145.4 -0.3193667923
BLYP 25 145.55 -0.3193395986
BLYP 25 145.7 -0.3193124445
BLYP 25 145.85 -0.3192853299
BLYP 25 146 -0.3192582547
BLYP 25 146.15 -0.3192312187
BLYP 25 146.3 -0.319204222
BLYP 25 146.45 -0.3191772643
BLYP 25 146.6 -0.3191503456
BLYP 25 146.75 -0.3191234658
BLYP 25 146.9 -0.3190966248
BLYP 25 147.05 -0.3190698225
BLYP 25 147.2 -0.3190430588
BLYP 25 147.35 -0.3190163336
BLYP 25 147.5 -0.3189896468
BLYP 25 147.65 -0.3189629983
BLYP 25 147.8 -0.318936388
BLYP 25 147.95 -0.3189098158
BLYP 25 148.1 -0.3188832817
BLYP 25 148.25 -0.3188567855
BLYP 25 148.4 -0.3188303271
BLYP 25 148.55 -0.3188039064
BLYP 25 148.7 -0.3187775234
BLYP 25 148.85 -0.3187511779
BLYP 25 149 -0.3187248699
BLYP 25 149.15 -0.3186985993
BLYP 25 149.3 -0.3186723659
BLYP 25 149.45 -0.3186461697
BLYP 25 149.6 -0.3186200105
BLYP 25 149.75 -0.3185938884
BLYP 25 149.9 -0.3185678032
BLYP 25 150.05 -0.3185417548
BLYP 25 150.2 -0.3185157431
BLYP 25 150.35 -0.318489768
BLYP 25 150.5 -0.3184638295
BLYP 25 150.65 -0.3184379274
BLYP 25 150.8 -0.3184120617
BLYP 25 150.95 -0.3183862322
BLYP 25 151.1 -0.318360439
BLYP 25 151.25 -0.3183346818
BLYP 25 151.4 -0.3183089606
BLYP 25 151.55 -0.3182832754
BLYP 25 151.7 -0.3182576259
BLYP 25 151.85 -0.3182320122
BLYP 25 152 -0.3182064342
BLYP 25 152.15 -0.3181808917
BLYP 25 152.3 -0.3181553848
BLYP 25 152.45 -0.3181299132
BLYP 25 152.6 -0.3181044769
BLYP 25 152.75 -0.3180790758
BLYP 25 152.9 -0.3180537099
BLYP 25 153.05 -0.3180283791
BLYP 25 153.2 -0.3180030832
BLYP 25 153.35 -0.3179778221
BLYP 25 153.5 -0.3179525959
BLYP 25 153.65 -0.3179274044
BLYP 25 153.8 -0.3179022476
BLYP 25 153.95 -0.3178771252
BLYP 25 154.1 -0.3178520374
BLYP 25 154.25 -0.3178269839
BLYP 25 154.4 -0.3178019648
BLYP 25 154.55 -0.3177769798
BLYP 25 154.7 -0.317752029
BLYP 25 154.85 -0.3177271122
BLYP 25 155 -0.3177022294
BLYP 25 155.15 -0.3176773805
BLYP 25 155.3 -0.3176525655
BLYP 25 155.45 -0.3176277841
BLYP 25 155.6 -0.3176030364
BLYP 25 155.75 -0.3175783223
BLYP 25 155.9 -0.3175536416
BLYP 25 156.05 -0.3175289944
BLYP 25 156.2 -0.3175043805
BLYP 25 156.35 -0.3174797998
BLYP 25 156.5 -0.3174552524
BLYP 25 156.65 -0.317430738
BLYP 25 156.8 -0.3174062566
BLYP 25 156.95 -0.3173818082
BLYP 25 157.1 -0.3173573926
BLYP 25 157.25 -0.3173330099
BLYP 25 157.4 -0.3173086598
BLYP 25 157.55 -0.3172843424
BLYP 25 157.7 -0.3172600575
BLYP 25 157.85 -0.3172358051
BLYP 25 158 -0.3172115851
BLYP 25 158.15 -0.3171873974
BLYP 25 158.3 -0.317163242
BLYP 25 158.45 -0.3171391187
BLYP 25 158.6 -0.3171150276
BLYP 25 158.75 -0.3170909684
BLYP 25 158.9 -0.3170669413
BLYP 25 159.05 -0.3170429459
BLYP 25 159.2 -0.3170189824
BLYP 25 159.35 -0.3169950507
BLYP 25 159.5 -0.3169711505
BLYP 25 159.65 -0.316947282
BLYP 25 159.8 -0.316923445
BLYP 25 159.95 -0.3168996394
BLYP 25 160.1 -0.3168758651
BLYP 25 160.25 -0.3168521222
BLYP 25 160.4 -0.3168284105
BLYP 25 160.55 -0.3168047299
BLYP 25 160.7 -0.3167810804
BLYP 25 160.85 -0.3167574618
BLYP 25 161 -0.3167338743
BLYP 25 161.15 -0.3167103175
BLYP 25 161.3 -0.3166867916
BLYP 25 161.45 -0.3166632964
BLYP 25 161.6 -0.3166398318
BLYP 25 161.75 -0.3166163978
BLYP 25 161.9 -0.3165929943
BLYP 25 162.05 -0.3165696213
BLYP 25 162.2 -0.3165462786
BLYP 25 162.35 -0.3165229662
BLYP 25 162.5 -0.3164996841
BLYP 25 162.65 -0.3164764321
BLYP 25 162.8 -0.3164532102
BLYP 25 162.95 -0.3164300183
BLYP 25 163.1 -0.3164068564
BLYP 25 163.25 -0.3163837244
BLYP 25 163.4 -0.3163606221
BLYP 25 163.55 -0.3163375497
BLYP 25 163.7 -0.3163145069
BLYP 25 163.85 -0.3162914938
BLYP 25 164 -0.3162685102
BLYP 25 164.15 -0.316245556
BLYP 25 164.3 -0.3162226313
BLYP 25 164.45 -0.316199736
BLYP 25 164.6 -0.3161768699
BLYP 25 164.75 -0.3161540331
BLYP 25 164.9 -0.3161312254
BLYP 25 165.05 -0.3161084468
BLYP 25 165.2 -0.3160856972
BLYP 25 165.35 -0.3160629766
BLYP 25 165.5 -0.3160402849
BLYP 25 165.65 -0.316017622
BLYP 25 165.8 -0.3159949879
BLYP 25 165.95 -0.3159723825
BLYP 25 166.1 -0.3159498057
BLYP 25 166.25 -0.3159272575
BLYP 25 166.4 -0.3159047378
BLYP 25 166.55 -0.3158822465
BLYP 25 166.7 -0.3158597836
BLYP 25 166.85 -0.3158373491
BLYP 25 167 -0.3158149428
BLYP 25 167.15 -0.3157925647
BLYP 25 167.3 -0.3157702147
BLYP 25 167.45 -0.3157478928
BLYP 25 167.6 -0.315725599
BLYP 25 167.75 -0.315703333
BLYP 25 167.9 -0.315681095
BLYP 25 168.05 -0.3156588847
BLYP 25 168.2 -0.3156367023
BLYP 25 168.35 -0.3156145475
BLYP 25 168.5 -0.3155924204
BLYP 25 168.65 -0.3155703208
BLYP 25 168.8 -0.3155482488
BLYP 25 168.95 -0.3155262043
BLYP 25 169.1 -0.3155041871
BLYP 25 169.25 -0.3154821973
BLYP 25 169.4 -0.3154602347
BLYP 25 169.55 -0.3154382994
BLYP 25 169.7 -0.3154163912
BLYP 25 169.85 -0.3153945102
BLYP 25 170 -0.3153726561
BLYP 25 170.15 -0.3153508291
BLYP 25 170.3 -0.315329029
BLYP 25 170.45 -0.3153072558
BLYP 25 170.6 -0.3152855093
BLYP 25 170.75 -0.3152637896
BLYP 25 170.9 -0.3152420966
BLYP 25 171.05 -0.3152204303
BLYP 25 171.2 -0.3151987905
BLYP 25 171.35 -0.3151771772
BLYP 25 171.5 -0.3151555904
BLYP 25 171.65 -0.31513403
BLYP 25 171.8 -0.315112496
BLYP 25 171.95 -0.3150909882
BLYP 25 172.1 -0.3150695067
BLYP 25 172.25 -0.3150480514
BLYP 25 172.4 -0.3150266222
BLYP 25 172.55 -0.315005219
BLYP 25 172.7 -0.3149838419
BLYP 25 172.85 -0.3149624907
BLYP 25 173 -0.3149411654
BLYP 25 173.15 -0.314919866
BLYP 25 173.3 -0.3148985923
BLYP 25 173.45 -0.3148773444
BLYP 25 173.6 -0.3148561222
BLYP 25 173.75 -0.3148349256
BLYP 25 173.9 -0.3148137545
BLYP 25 174.05 -0.314792609
BLYP 25 174.2 -0.3147714889
BLYP 25 174.35 -0.3147503943
BLYP 25 174.5 -0.314729325
BLYP 25 174.65 -0.314708281
BLYP 25 174.8 -0.3146872622
BLYP 25 174.95 -0.3146662687
BLYP 25 175.1 -0.3146453003
BLYP 25 175.25 -0.3146243569
BLYP 25 175.4 -0.3146034386
BLYP 25 175.55 -0.3145825453
BLYP 25 175.7 -0.3145616769
BLYP 25 175.85 -0.3145408334
BLYP 25 176 -0.3145200147
BLYP 25 176.15 -0.3144992208
BLYP 25 176.3 -0.3144784516
BLYP 25 176.45 -0.3144577071
BLYP 25 176.6 -0.3144369872
BLYP 25 176.75 -0.3144162918
BLYP 25 176.9 -0.314395621
BLYP 25 177.05 -0.3143749746
BLYP 25 177.2 -0.3143543527
BLYP 25 177.35 -0.3143337551
BLYP 25 177.5 -0.3143131818
BLYP 25 177.65 -0.3142926328
BLYP 25 177.8 -0.314272108
BLYP 25 177.95 -0.3142516073
BLYP 25 178.1 -0.3142311307
BLYP 25 178.25 -0.3142106782
BLYP 25 178.4 -0.3141902498
BLYP 25 178.55 -0.3141698452
BLYP 25 178.7 -0.3141494646
BLYP 25 178.85 -0.3141291079
BLYP 25 179 -0.3141087749
BLYP 25 179.15 -0.3140884657
BLYP 25 179.3 -0.3140681803
BLYP 25 179.45 -0.3140479185
BLYP 25 179.6 -0.3140276803
BLYP 25 179.75 -0.3140074656
BLYP 25 179.9 -0.3139872745
BLYP 25 180.05 -0.3139671069
BLYP 25 180.2 -0.3139469627
BLYP 25 180.35 -0.3139268418
BLYP 25 180.5 -0.3139067443
BLYP 25 180.65 -0.3138866701
BLYP 25 180.8 -0.313866619
BLYP 25 180.95 -0.3138465912
BLYP 25 181.1 -0.3138265865
BLYP 25 181.25 -0.3138066049
BLYP 25 181.4 -0.3137866464
BLYP 25 181.55 -0.3137667108
BLYP 25 181.7 -0.3137467982
BLYP 25 181.85 -0.3137269084
BLYP 25 182 -0.3137070416
BLYP 25 182.15 -0.3136871975
BLYP 25 182.3 -0.3136673762
BLYP 25 182.45 -0.3136475776
BLYP 25 182.6 -0.3136278017
BLYP 25 182.75 -0.3136080484
BLYP 25 182.9 -0.3135883177
BLYP 25 183.05 -0.3135686095
BLYP 25 183.2 -0.3135489239
BLYP 25 183.35 -0.3135292606
BLYP 25 183.5 -0.3135096198
BLYP 25 183.65 -0.3134900013
BLYP 25 183.8 -0.3134704051
BLYP 25 183.95 -0.3134508311
BLYP 25 184.1 -0.3134312794
BLYP 25 184.25 -0.3134117499
BLYP 25 184.4 -0.3133922425
BLYP 25 184.55 -0.3133727571
BLYP 25 184.7 -0.3133532938
BLYP 25 184.85 -0.3133338525
BLYP 25 185 -0.3133144332
BLYP 25 185.15 -0.3132950358
BLYP 25 185.3 -0.3132756602
BLYP 25 185.45 -0.3132563064
BLYP 25 185.6 -0.3132369745
BLYP 25 185.75 -0.3132176642
BLYP 25 185.9 -0.3131983757
BLYP 25 186.05 -0.3131791088
BLYP 25 186.2 -0.3131598635
BLYP 25 186.35 -0.3131406397
BLYP 25 186.5 -0.3131214375
BLYP 25 186.65 -0.3131022568
BLYP 25 186.8 -0.3130830975
BLYP 25 186.95 -0.3130639595
BLYP 25 187.1 -0.313044843
BLYP 25 187.25 -0.3130257477
BLYP 25 187.4 -0.3130066737
BLYP 25 187.55 -0.312987621
BLYP 25 187.7 -0.3129685894
BLYP 25 187.85 -0.3129495789
BLYP 25 188 -0.3129305896
BLYP 25 188.15 -0.3129116213
BLYP 25 188.3 -0.312892674
BLYP 25 188.45 -0.3128737477
BLYP 25 188.6 -0.3128548423
BLYP 25 188.75 -0.3128359579
BLYP 25 188.9 -0.3128170942
BLYP 25 189.05 -0.3127982514
BLYP 25 189.2 -0.3127794294
BLYP 25 189.35 -0.3127606281
BLYP 25 189.5 -0.3127418474
BLYP 25 189.65 -0.3127230875
BLYP 25 189.8 -0.3127043481
BLYP 25 189.95 -0.3126856293
BLYP 25 190.1 -0.312666931
BLYP 25 190.25 -0.3126482532
BLYP 25 190.4 -0.3126295959
BLYP 25 190.55 -0.312610959
BLYP 25 190.7 -0.3125923424
BLYP 25 190.85 -0.3125737462
BLYP 25 191 -0.3125551703
BLYP 25 191.15 -0.3125366146
BLYP 25 191.3 -0.3125180791
BLYP 25 191.45 -0.3124995639
BLYP 25 191.6 -0.3124810687
BLYP 25 191.75 -0.3124625936
BLYP 25 191.9 -0.3124441386
BLYP 25 192.05 -0.3124257037
BLYP 25 192.2 -0.3124072887
BLYP 25 192.35 -0.3123888936
BLYP 25 192.5 -0.3123705185
BLYP 25 192.65 -0.3123521632
BLYP 25 192.8 -0.3123338277
BLYP 25 192.95 -0.312315512
BLYP 25 193.1 -0.3122972161
BLYP 25 193.25 -0.3122789399
BLYP 25 193.4 -0.3122606834
BLYP 25 193.55 -0.3122424465
BLYP 25 193.7 -0.3122242292
BLYP 25 193.85 -0.3122060315
BLYP 25 194 -0.3121878533
BLYP 25 194.15 -0.3121696946
BLYP 25 194.3 -0.3121515554
BLYP 25 194.45 -0.3121334355
BLYP 25 194.6 -0.3121153351
BLYP 25 194.75 -0.312097254
BLYP 25 194.9 -0.3120791922
BLYP 25 195.05 -0.3120611496
BLYP 25 195.2 -0.3120431263
BLYP 25 195.35 -0.3120251222
BLYP 25 195.5 -0.3120071373
BLYP 25 195.65 -0.3119891715
BLYP 25 195.8 -0.3119712247
BLYP 25 195.95 -0.3119532971
BLYP 25 196.1 -0.3119353884
BLYP 25 196.25 -0.3119174987
BLYP 25 196.4 -0.311899628
BLYP 25 196.55 -0.3118817762
BLYP 25 196.7 -0.3118639432
BLYP 25 196.85 -0.3118461291
BLYP 25 197 -0.3118283338
BLYP 25 197.15 -0.3118105572
BLYP 25 197.3 -0.3117927994
BLYP 25 197.45 -0.3117750603
BLYP 25 197.6 -0.3117573399
BLYP 25 197.75 -0.3117396381
BLYP 25 197.9 -0.3117219548
BLYP 25 198.05 -0.3117042902
BLYP 25 198.2 -0.311686644
BLYP 25 198.35 -0.3116690164
BLYP 25 198.5 -0.3116514072
BLYP 25 198.65 -0.3116338164
BLYP 25 198.8 -0.311616244
BLYP 25 198.95 -0.31159869
BLYP 25 199.1 -0.3115811543
BLYP 25 199.25 -0.3115636369
BLYP 25 199.4 -0.3115461377
BLYP 25 199.55 -0.3115286567
BLYP 25 199.7 -0.311511194
BLYP 25 199.85 -0.3114937493
BLYP 25 200 -0.3114763228
