Functional Exponent Coefficient Energy
BLYP 4 -100 -66.3594590893
BLYP 4 -99.85 -66.2405317203
BLYP 4 -99.7 -66.1216292481
BLYP 4 -99.55 -66.0027517085
BLYP 4 -99.4 -65.8838991375
BLYP 4 -99.25 -65.7650715713
BLYP 4 -99.1 -65.6462690461
BLYP 4 -98.95 -65.5274915982
BLYP 4 -98.8 -65.4087392639
BLYP 4 -98.65 -65.2900120798
BLYP 4 -98.5 -65.1713100824
BLYP 4 -98.35 -65.0526333085
BLYP 4 -98.2 -64.9339817948
BLYP 4 -98.05 -64.8153555784
BLYP 4 -97.9 -64.6967546965
BLYP 4 -97.75 -64.5781791864
BLYP 4 -97.6 -64.4596290861
BLYP 4 -97.45 -64.3411044336
BLYP 4 -97.3 -64.2226052681
BLYP 4 -97.15 -64.1041316304
BLYP 4 -97 -63.9856835669
BLYP 4 -96.85 -63.8672614859
BLYP 4 -96.7 -63.7488652059
BLYP 4 -96.55 -63.6304946112
BLYP 4 -96.4 -63.5121497335
BLYP 4 -96.25 -63.3938306072
BLYP 4 -96.1 -63.2755372683
BLYP 4 -95.95 -63.1572697529
BLYP 4 -95.8 -63.0390280981
BLYP 4 -95.65 -62.9208123407
BLYP 4 -95.5 -62.8026225181
BLYP 4 -95.35 -62.6844586676
BLYP 4 -95.2 -62.5663208271
BLYP 4 -95.05 -62.448209034
BLYP 4 -94.9 -62.3301233263
BLYP 4 -94.75 -62.212063742
BLYP 4 -94.6 -62.094030319
BLYP 4 -94.45 -61.9760230957
BLYP 4 -94.3 -61.8580421102
BLYP 4 -94.15 -61.7400874009
BLYP 4 -94 -61.6221590064
BLYP 4 -93.85 -61.5042569651
BLYP 4 -93.7 -61.3863813158
BLYP 4 -93.55 -61.2685320972
BLYP 4 -93.4 -61.1507093481
BLYP 4 -93.25 -61.0329131075
BLYP 4 -93.1 -60.9151434144
BLYP 4 -92.95 -60.7974003081
BLYP 4 -92.8 -60.6796838276
BLYP 4 -92.65 -60.5619940123
BLYP 4 -92.5 -60.4443309018
BLYP 4 -92.35 -60.3266945354
BLYP 4 -92.2 -60.2090849527
BLYP 4 -92.05 -60.0915021936
BLYP 4 -91.9 -59.9739462978
BLYP 4 -91.75 -59.8564173052
BLYP 4 -91.6 -59.7389152558
BLYP 4 -91.45 -59.6214401897
BLYP 4 -91.3 -59.5039921472
BLYP 4 -91.15 -59.3865711685
BLYP 4 -91 -59.2691772941
BLYP 4 -90.85 -59.1518105644
BLYP 4 -90.7 -59.0344710201
BLYP 4 -90.55 -58.9171587019
BLYP 4 -90.4 -58.7998736507
BLYP 4 -90.25 -58.6826159073
BLYP 4 -90.1 -58.5653855128
BLYP 4 -89.95 -58.4481825084
BLYP 4 -89.8 -58.3310069352
BLYP 4 -89.65 -58.2138588348
BLYP 4 -89.5 -58.0967382485
BLYP 4 -89.35 -57.979645218
BLYP 4 -89.2 -57.862579785
BLYP 4 -89.05 -57.7455419913
BLYP 4 -88.9 -57.6285318787
BLYP 4 -88.75 -57.5115494895
BLYP 4 -88.6 -57.3945948658
BLYP 4 -88.45 -57.2776680498
BLYP 4 -88.3 -57.1607690841
BLYP 4 -88.15 -57.0438980111
BLYP 4 -88 -56.9270548735
BLYP 4 -87.85 -56.8102397141
BLYP 4 -87.7 -56.6934525759
BLYP 4 -87.55 -56.5766935019
BLYP 4 -87.4 -56.4599625353
BLYP 4 -87.25 -56.3432597196
BLYP 4 -87.1 -56.226585098
BLYP 4 -86.95 -56.1099387144
BLYP 4 -86.8 -55.9933206124
BLYP 4 -86.65 -55.876730836
BLYP 4 -86.5 -55.7601694292
BLYP 4 -86.35 -55.6436364364
BLYP 4 -86.2 -55.527131902
BLYP 4 -86.05 -55.4106558705
BLYP 4 -85.9 -55.2942083867
BLYP 4 -85.75 -55.1777894957
BLYP 4 -85.6 -55.0613992426
BLYP 4 -85.45 -54.9450376728
BLYP 4 -85.3 -54.828704832
BLYP 4 -85.15 -54.712400766
BLYP 4 -85 -54.5961255212
BLYP 4 -84.85 -54.4798791439
BLYP 4 -84.7 -54.3636616809
BLYP 4 -84.55 -54.2474731795
BLYP 4 -84.4 -54.1313136873
BLYP 4 -84.25 -54.0151832522
BLYP 4 -84.1 -53.8990819228
BLYP 4 -83.95 -53.7830097481
BLYP 4 -83.8 -53.6669667777
BLYP 4 -83.65 -53.5509530616
BLYP 4 -83.5 -53.4349686503
BLYP 4 -83.35 -53.319013594
BLYP 4 -83.2 -53.2030879416
BLYP 4 -83.05 -53.0871917394
BLYP 4 -82.9 -52.9713250323
BLYP 4 -82.75 -52.8554878649
BLYP 4 -82.6 -52.7396802818
BLYP 4 -82.45 -52.6239023278
BLYP 4 -82.3 -52.5081540483
BLYP 4 -82.15 -52.3924354891
BLYP 4 -82 -52.2767466961
BLYP 4 -81.85 -52.1610877162
BLYP 4 -81.7 -52.0454585961
BLYP 4 -81.55 -51.9298593834
BLYP 4 -81.4 -51.8142901258
BLYP 4 -81.25 -51.6987508715
BLYP 4 -81.1 -51.5832416689
BLYP 4 -80.95 -51.4677625669
BLYP 4 -80.8 -51.3523136146
BLYP 4 -80.65 -51.2368948615
BLYP 4 -80.5 -51.1215063571
BLYP 4 -80.35 -51.0061481516
BLYP 4 -80.2 -50.8908202952
BLYP 4 -80.05 -50.7755228384
BLYP 4 -79.9 -50.660255832
BLYP 4 -79.75 -50.545019327
BLYP 4 -79.6 -50.4298133746
BLYP 4 -79.45 -50.3146380265
BLYP 4 -79.3 -50.1994933343
BLYP 4 -79.15 -50.08437935
BLYP 4 -79 -49.9692961259
BLYP 4 -78.85 -49.8542437145
BLYP 4 -78.7 -49.7392221684
BLYP 4 -78.55 -49.6242315407
BLYP 4 -78.4 -49.5092718844
BLYP 4 -78.25 -49.394343253
BLYP 4 -78.1 -49.2794457002
BLYP 4 -77.95 -49.1645792798
BLYP 4 -77.8 -49.049744046
BLYP 4 -77.65 -48.9349400533
BLYP 4 -77.5 -48.8201673561
BLYP 4 -77.35 -48.7054260094
BLYP 4 -77.2 -48.5907160683
BLYP 4 -77.05 -48.4760375882
BLYP 4 -76.9 -48.3613906247
BLYP 4 -76.75 -48.2467752337
BLYP 4 -76.6 -48.1321914713
BLYP 4 -76.45 -48.0176393938
BLYP 4 -76.3 -47.9031190581
BLYP 4 -76.15 -47.7886305209
BLYP 4 -76 -47.6741738395
BLYP 4 -75.85 -47.5597490713
BLYP 4 -75.7 -47.445356274
BLYP 4 -75.55 -47.3309955057
BLYP 4 -75.4 -47.2166668246
BLYP 4 -75.25 -47.1023702893
BLYP 4 -75.1 -46.9881059586
BLYP 4 -74.95 -46.8738738917
BLYP 4 -74.8 -46.7596741479
BLYP 4 -74.65 -46.645506787
BLYP 4 -74.5 -46.531371869
BLYP 4 -74.35 -46.4172694542
BLYP 4 -74.2 -46.3031996033
BLYP 4 -74.05 -46.189162377
BLYP 4 -73.9 -46.0751578366
BLYP 4 -73.75 -45.9611860438
BLYP 4 -73.6 -45.8472470602
BLYP 4 -73.45 -45.7333409482
BLYP 4 -73.3 -45.6194677701
BLYP 4 -73.15 -45.5056275888
BLYP 4 -73 -45.3918204674
BLYP 4 -72.85 -45.2780464695
BLYP 4 -72.7 -45.1643056588
BLYP 4 -72.55 -45.0505980996
BLYP 4 -72.4 -44.9369238562
BLYP 4 -72.25 -44.8232829936
BLYP 4 -72.1 -44.7096755769
BLYP 4 -71.95 -44.5961016718
BLYP 4 -71.8 -44.4825613442
BLYP 4 -71.65 -44.3690546603
BLYP 4 -71.5 -44.2555816869
BLYP 4 -71.35 -44.1421424909
BLYP 4 -71.2 -44.0287371399
BLYP 4 -71.05 -43.9153657015
BLYP 4 -70.9 -43.8020282441
BLYP 4 -70.75 -43.6887248362
BLYP 4 -70.6 -43.5754555467
BLYP 4 -70.45 -43.4622204452
BLYP 4 -70.3 -43.3490196015
BLYP 4 -70.15 -43.2358530857
BLYP 4 -70 -43.1227209685
BLYP 4 -69.85 -43.0096233211
BLYP 4 -69.7 -42.8965602151
BLYP 4 -69.55 -42.7835317223
BLYP 4 -69.4 -42.6705379153
BLYP 4 -69.25 -42.557578867
BLYP 4 -69.1 -42.4446546508
BLYP 4 -68.95 -42.3317653408
BLYP 4 -68.8 -42.2189110113
BLYP 4 -68.65 -42.1060917374
BLYP 4 -68.5 -41.9933075948
BLYP 4 -68.35 -41.8805586596
BLYP 4 -68.2 -41.7678450089
BLYP 4 -68.05 -41.6551667205
BLYP 4 -67.9 -41.5425238734
BLYP 4 -67.75 -41.4299165478
BLYP 4 -67.6 -41.3173448264
BLYP 4 -67.45 -41.2048087971
BLYP 4 -67.3 -41.0923086183
BLYP 4 -67.15 -40.9798450483
BLYP 4 -67 -40.8674174447
BLYP 4 -66.85 -40.7550258636
BLYP 4 -66.7 -40.6426704081
BLYP 4 -66.55 -40.5303511313
BLYP 4 -66.4 -40.4180681051
BLYP 4 -66.25 -40.3058214098
BLYP 4 -66.1 -40.1936111268
BLYP 4 -65.95 -40.0814373383
BLYP 4 -65.8 -39.9693001275
BLYP 4 -65.65 -39.8571995783
BLYP 4 -65.5 -39.7451357753
BLYP 4 -65.35 -39.6331088037
BLYP 4 -65.2 -39.5211187495
BLYP 4 -65.05 -39.4091656991
BLYP 4 -64.9 -39.2972497399
BLYP 4 -64.75 -39.1853709596
BLYP 4 -64.6 -39.0735294468
BLYP 4 -64.45 -38.9617252906
BLYP 4 -64.3 -38.8499585807
BLYP 4 -64.15 -38.7382294076
BLYP 4 -64 -38.6265378625
BLYP 4 -63.85 -38.514884037
BLYP 4 -63.7 -38.4032680236
BLYP 4 -63.55 -38.2916899154
BLYP 4 -63.4 -38.1801498061
BLYP 4 -63.25 -38.0686477902
BLYP 4 -63.1 -37.9571839629
BLYP 4 -62.95 -37.8457584201
BLYP 4 -62.8 -37.7343712582
BLYP 4 -62.65 -37.6230225746
BLYP 4 -62.5 -37.5117124673
BLYP 4 -62.35 -37.4004410349
BLYP 4 -62.2 -37.289208377
BLYP 4 -62.05 -37.1780145939
BLYP 4 -61.9 -37.0668597864
BLYP 4 -61.75 -36.9557440563
BLYP 4 -61.6 -36.8446675061
BLYP 4 -61.45 -36.7336302392
BLYP 4 -61.3 -36.6226323596
BLYP 4 -61.15 -36.5116739722
BLYP 4 -61 -36.4007551827
BLYP 4 -60.85 -36.2898760976
BLYP 4 -60.7 -36.1790368243
BLYP 4 -60.55 -36.068237471
BLYP 4 -60.4 -35.9574781468
BLYP 4 -60.25 -35.8467589614
BLYP 4 -60.1 -35.7360800258
BLYP 4 -59.95 -35.6254414515
BLYP 4 -59.8 -35.5148433512
BLYP 4 -59.65 -35.4042858383
BLYP 4 -59.5 -35.2937690272
BLYP 4 -59.35 -35.1832930331
BLYP 4 -59.2 -35.0728579724
BLYP 4 -59.05 -34.9624639623
BLYP 4 -58.9 -34.852111121
BLYP 4 -58.75 -34.7417995676
BLYP 4 -58.6 -34.6315294224
BLYP 4 -58.45 -34.5213008065
BLYP 4 -58.3 -34.4111138423
BLYP 4 -58.15 -34.300968653
BLYP 4 -58 -34.1908653631
BLYP 4 -57.85 -34.0808040982
BLYP 4 -57.7 -33.9707849851
BLYP 4 -57.55 -33.8608081518
BLYP 4 -57.4 -33.7508737278
BLYP 4 -57.25 -33.6409818443
BLYP 4 -57.1 -33.5311326348
BLYP 4 -56.95 -33.4213262386
BLYP 4 -56.8 -33.3115630751
BLYP 4 -56.65 -33.201843417
BLYP 4 -56.5 -33.092166992
BLYP 4 -56.35 -32.9825339044
BLYP 4 -56.2 -32.8729442926
BLYP 4 -56.05 -32.7633982954
BLYP 4 -55.9 -32.6538960526
BLYP 4 -55.75 -32.5444377052
BLYP 4 -55.6 -32.4350233951
BLYP 4 -55.45 -32.3256532658
BLYP 4 -55.3 -32.2163274619
BLYP 4 -55.15 -32.1070461293
BLYP 4 -55 -31.9978094153
BLYP 4 -54.85 -31.8886174686
BLYP 4 -54.7 -31.779470439
BLYP 4 -54.55 -31.670368478
BLYP 4 -54.4 -31.5613117383
BLYP 4 -54.25 -31.4523003743
BLYP 4 -54.1 -31.3433345418
BLYP 4 -53.95 -31.2344143981
BLYP 4 -53.8 -31.1255401031
BLYP 4 -53.65 -31.0167118484
BLYP 4 -53.5 -30.907929803
BLYP 4 -53.35 -30.7991940877
BLYP 4 -53.2 -30.6905048668
BLYP 4 -53.05 -30.5818623316
BLYP 4 -52.9 -30.4732667069
BLYP 4 -52.75 -30.3647180895
BLYP 4 -52.6 -30.256216647
BLYP 4 -52.45 -30.1477625502
BLYP 4 -52.3 -30.0393559723
BLYP 4 -52.15 -29.9309970882
BLYP 4 -52 -29.8226860746
BLYP 4 -51.85 -29.71442311
BLYP 4 -51.7 -29.606208375
BLYP 4 -51.55 -29.4980420522
BLYP 4 -51.4 -29.389924328
BLYP 4 -51.25 -29.2818553886
BLYP 4 -51.1 -29.1738354251
BLYP 4 -50.95 -29.0658646344
BLYP 4 -50.8 -28.9579432201
BLYP 4 -50.65 -28.8500713816
BLYP 4 -50.5 -28.7422493019
BLYP 4 -50.35 -28.6344771662
BLYP 4 -50.2 -28.5267551661
BLYP 4 -50.05 -28.4190834981
BLYP 4 -49.9 -28.3114623622
BLYP 4 -49.75 -28.203891961
BLYP 4 -49.6 -28.0963724993
BLYP 4 -49.45 -27.9889041838
BLYP 4 -49.3 -27.8814872219
BLYP 4 -49.15 -27.7741218201
BLYP 4 -49 -27.6668082284
BLYP 4 -48.85 -27.5595468678
BLYP 4 -48.7 -27.4523377402
BLYP 4 -48.55 -27.3451810669
BLYP 4 -48.4 -27.238077075
BLYP 4 -48.25 -27.1310259922
BLYP 4 -48.1 -27.0240280473
BLYP 4 -47.95 -26.9170834712
BLYP 4 -47.8 -26.810192497
BLYP 4 -47.65 -26.7033553596
BLYP 4 -47.5 -26.596572296
BLYP 4 -47.35 -26.4898435456
BLYP 4 -47.2 -26.3831693503
BLYP 4 -47.05 -26.2765499571
BLYP 4 -46.9 -26.1699856327
BLYP 4 -46.75 -26.0634767228
BLYP 4 -46.6 -25.9570235275
BLYP 4 -46.45 -25.8506264365
BLYP 4 -46.3 -25.7442855381
BLYP 4 -46.15 -25.6380009864
BLYP 4 -46 -25.5317730418
BLYP 4 -45.85 -25.4256019743
BLYP 4 -45.7 -25.3194880565
BLYP 4 -45.55 -25.2134315633
BLYP 4 -45.4 -25.1074327724
BLYP 4 -45.25 -25.0014919637
BLYP 4 -45.1 -24.8956094202
BLYP 4 -44.95 -24.7897854276
BLYP 4 -44.8 -24.6840202749
BLYP 4 -44.65 -24.5783142537
BLYP 4 -44.5 -24.472667659
BLYP 4 -44.35 -24.3670807888
BLYP 4 -44.2 -24.2615539444
BLYP 4 -44.05 -24.1560874304
BLYP 4 -43.9 -24.0506815546
BLYP 4 -43.75 -23.9453366281
BLYP 4 -43.6 -23.8400529656
BLYP 4 -43.45 -23.7348308852
BLYP 4 -43.3 -23.6296707084
BLYP 4 -43.15 -23.5245727603
BLYP 4 -43 -23.4195373696
BLYP 4 -42.85 -23.3145648688
BLYP 4 -42.7 -23.2096555937
BLYP 4 -42.55 -23.1048098844
BLYP 4 -42.4 -23.0000280843
BLYP 4 -42.25 -22.8953105409
BLYP 4 -42.1 -22.7906576056
BLYP 4 -41.95 -22.6860696338
BLYP 4 -41.8 -22.5815469846
BLYP 4 -41.65 -22.4770900216
BLYP 4 -41.5 -22.3726991122
BLYP 4 -41.35 -22.2683746281
BLYP 4 -41.2 -22.1641169453
BLYP 4 -41.05 -22.0599264438
BLYP 4 -40.9 -21.9558035083
BLYP 4 -40.75 -21.8517485277
BLYP 4 -40.6 -21.7477618954
BLYP 4 -40.45 -21.6438440094
BLYP 4 -40.3 -21.5399952721
BLYP 4 -40.15 -21.4362160908
BLYP 4 -40 -21.3325068772
BLYP 4 -39.85 -21.2288680481
BLYP 4 -39.7 -21.1253000249
BLYP 4 -39.55 -21.021803234
BLYP 4 -39.4 -20.9183781067
BLYP 4 -39.25 -20.8150250795
BLYP 4 -39.1 -20.7117445938
BLYP 4 -38.95 -20.6085370963
BLYP 4 -38.8 -20.5054030388
BLYP 4 -38.65 -20.4023428797
BLYP 4 -38.5 -20.2993570844
BLYP 4 -38.35 -20.196446117
BLYP 4 -38.2 -20.093610451
BLYP 4 -38.05 -19.9908505655
BLYP 4 -37.9 -19.8881669458
BLYP 4 -37.75 -19.7855600825
BLYP 4 -37.6 -19.6830304752
BLYP 4 -37.45 -19.5805786241
BLYP 4 -37.3 -19.4782050365
BLYP 4 -37.15 -19.3759102269
BLYP 4 -37 -19.273694716
BLYP 4 -36.85 -19.1715590304
BLYP 4 -36.7 -19.0695037083
BLYP 4 -36.55 -18.9675292858
BLYP 4 -36.4 -18.8656363079
BLYP 4 -36.25 -18.7638253276
BLYP 4 -36.1 -18.6620969045
BLYP 4 -35.95 -18.5604516049
BLYP 4 -35.8 -18.4588900061
BLYP 4 -35.65 -18.3574126875
BLYP 4 -35.5 -18.2560202339
BLYP 4 -35.35 -18.1547132476
BLYP 4 -35.2 -18.0534923226
BLYP 4 -35.05 -17.9523580674
BLYP 4 -34.9 -17.8513110984
BLYP 4 -34.75 -17.7503520397
BLYP 4 -34.6 -17.6494815239
BLYP 4 -34.45 -17.5487001923
BLYP 4 -34.3 -17.4480086966
BLYP 4 -34.15 -17.3474076861
BLYP 4 -34 -17.2468978273
BLYP 4 -33.85 -17.1464797909
BLYP 4 -33.7 -17.0461542566
BLYP 4 -33.55 -16.9459219131
BLYP 4 -33.4 -16.8457834577
BLYP 4 -33.25 -16.7457395967
BLYP 4 -33.1 -16.6457910448
BLYP 4 -32.95 -16.5459385262
BLYP 4 -32.8 -16.4461827743
BLYP 4 -32.65 -16.3465245481
BLYP 4 -32.5 -16.246964583
BLYP 4 -32.35 -16.1475036382
BLYP 4 -32.2 -16.0481424854
BLYP 4 -32.05 -15.948881904
BLYP 4 -31.9 -15.8497226829
BLYP 4 -31.75 -15.7506656219
BLYP 4 -31.6 -15.651711531
BLYP 4 -31.45 -15.5528612304
BLYP 4 -31.3 -15.4541155509
BLYP 4 -31.15 -15.3554753336
BLYP 4 -31 -15.2569414304
BLYP 4 -30.85 -15.1585147041
BLYP 4 -30.7 -15.0601960285
BLYP 4 -30.55 -14.9619862884
BLYP 4 -30.4 -14.86388638
BLYP 4 -30.25 -14.7658972108
BLYP 4 -30.1 -14.6680197001
BLYP 4 -29.95 -14.5702547897
BLYP 4 -29.8 -14.4726034212
BLYP 4 -29.65 -14.3750665413
BLYP 4 -29.5 -14.2776451177
BLYP 4 -29.35 -14.1803401305
BLYP 4 -29.2 -14.0831525728
BLYP 4 -29.05 -13.9860834507
BLYP 4 -28.9 -13.8891337838
BLYP 4 -28.75 -13.7923046033
BLYP 4 -28.6 -13.6955969535
BLYP 4 -28.45 -13.5990118927
BLYP 4 -28.3 -13.5025504934
BLYP 4 -28.15 -13.4062138419
BLYP 4 -28 -13.3100030387
BLYP 4 -27.85 -13.2139191987
BLYP 4 -27.7 -13.1179634513
BLYP 4 -27.55 -13.0221369408
BLYP 4 -27.4 -12.9264408263
BLYP 4 -27.25 -12.8308762823
BLYP 4 -27.1 -12.7354444987
BLYP 4 -26.95 -12.6401466808
BLYP 4 -26.8 -12.5449840501
BLYP 4 -26.65 -12.4499578439
BLYP 4 -26.5 -12.3550693162
BLYP 4 -26.35 -12.2603197372
BLYP 4 -26.2 -12.1657103941
BLYP 4 -26.05 -12.0712425912
BLYP 4 -25.9 -11.97691765
BLYP 4 -25.75 -11.8827369097
BLYP 4 -25.6 -11.7887017272
BLYP 4 -25.45 -11.6948134776
BLYP 4 -25.3 -11.6010735543
BLYP 4 -25.15 -11.5074833694
BLYP 4 -25 -11.4140443538
BLYP 4 -24.85 -11.3207579578
BLYP 4 -24.7 -11.2276256511
BLYP 4 -24.55 -11.1346489231
BLYP 4 -24.4 -11.0418292835
BLYP 4 -24.25 -10.9491682624
BLYP 4 -24.1 -10.8566674104
BLYP 4 -23.95 -10.7643282996
BLYP 4 -23.8 -10.6721525291
BLYP 4 -23.65 -10.5801417132
BLYP 4 -23.5 -10.4882974839
BLYP 4 -23.35 -10.3966215004
BLYP 4 -23.2 -10.3051154446
BLYP 4 -23.05 -10.2137810215
BLYP 4 -22.9 -10.1226199597
BLYP 4 -22.75 -10.0316340114
BLYP 4 -22.6 -9.9408249559
BLYP 4 -22.45 -9.8501946232
BLYP 4 -22.3 -9.7597448114
BLYP 4 -22.15 -9.6694773702
BLYP 4 -22 -9.5793941789
BLYP 4 -21.85 -9.4894971437
BLYP 4 -21.7 -9.3997882306
BLYP 4 -21.55 -9.3102694299
BLYP 4 -21.4 -9.2209426732
BLYP 4 -21.25 -9.1318099738
BLYP 4 -21.1 -9.0428733751
BLYP 4 -20.95 -8.9541349499
BLYP 4 -20.8 -8.8655968014
BLYP 4 -20.65 -8.7772610628
BLYP 4 -20.5 -8.6891298986
BLYP 4 -20.35 -8.601205505
BLYP 4 -20.2 -8.5134901103
BLYP 4 -20.05 -8.4259859757
BLYP 4 -19.9 -8.3386953961
BLYP 4 -19.75 -8.251620703
BLYP 4 -19.6 -8.1647642836
BLYP 4 -19.45 -8.0781285351
BLYP 4 -19.3 -7.9917158905
BLYP 4 -19.15 -7.9055288064
BLYP 4 -19 -7.8195697917
BLYP 4 -18.85 -7.7338413945
BLYP 4 -18.7 -7.6483462018
BLYP 4 -18.55 -7.5630868411
BLYP 4 -18.4 -7.4780659808
BLYP 4 -18.25 -7.3932863312
BLYP 4 -18.1 -7.3087506461
BLYP 4 -17.95 -7.2244617264
BLYP 4 -17.8 -7.1404224385
BLYP 4 -17.65 -7.0566356986
BLYP 4 -17.5 -6.9731044034
BLYP 4 -17.35 -6.8898315157
BLYP 4 -17.2 -6.8068201652
BLYP 4 -17.05 -6.7240734134
BLYP 4 -16.9 -6.6415943489
BLYP 4 -16.75 -6.5593861639
BLYP 4 -16.6 -6.4774521026
BLYP 4 -16.45 -6.3957954632
BLYP 4 -16.3 -6.314419599
BLYP 4 -16.15 -6.2333279231
BLYP 4 -16 -6.1525240233
BLYP 4 -15.85 -6.0720117782
BLYP 4 -15.7 -5.9917944754
BLYP 4 -15.55 -5.911875719
BLYP 4 -15.4 -5.832259256
BLYP 4 -15.25 -5.7529489015
BLYP 4 -15.1 -5.673948541
BLYP 4 -14.95 -5.5952621327
BLYP 4 -14.8 -5.5168937102
BLYP 4 -14.65 -5.4388473848
BLYP 4 -14.5 -5.3611273478
BLYP 4 -14.35 -5.283737873
BLYP 4 -14.2 -5.206683319
BLYP 4 -14.05 -5.1299681321
BLYP 4 -13.9 -5.0535968483
BLYP 4 -13.75 -4.9775740969
BLYP 4 -13.6 -4.9019046025
BLYP 4 -13.45 -4.8265931882
BLYP 4 -13.3 -4.7516447788
BLYP 4 -13.15 -4.6770644035
BLYP 4 -13 -4.6028571992
BLYP 4 -12.85 -4.5290284142
BLYP 4 -12.7 -4.4555834108
BLYP 4 -12.55 -4.3825276694
BLYP 4 -12.4 -4.3098667919
BLYP 4 -12.25 -4.2376065053
BLYP 4 -12.1 -4.1657526654
BLYP 4 -11.95 -4.094311261
BLYP 4 -11.8 -4.0232884174
BLYP 4 -11.65 -3.9526904008
BLYP 4 -11.5 -3.8825236223
BLYP 4 -11.35 -3.812794642
BLYP 4 -11.2 -3.7435101735
BLYP 4 -11.05 -3.6746770879
BLYP 4 -10.9 -3.6063024187
BLYP 4 -10.75 -3.5383933657
BLYP 4 -10.6 -3.4709572998
BLYP 4 -10.45 -3.4040017673
BLYP 4 -10.3 -3.337534495
BLYP 4 -10.15 -3.2715633973
BLYP 4 -10 -3.2060965732
BLYP 4 -9.85 -3.1411423126
BLYP 4 -9.7 -3.0767091057
BLYP 4 -9.55 -3.0128056447
BLYP 4 -9.4 -2.9494408273
BLYP 4 -9.25 -2.8866237606
BLYP 4 -9.1 -2.824363765
BLYP 4 -8.95 -2.762670379
BLYP 4 -8.8 -2.7015533737
BLYP 4 -8.65 -2.6410227123
BLYP 4 -8.5 -2.5810885953
BLYP 4 -8.35 -2.5217614488
BLYP 4 -8.2 -2.4630519243
BLYP 4 -8.05 -2.4049708997
BLYP 4 -7.9 -2.3475294773
BLYP 4 -7.75 -2.2907389876
BLYP 4 -7.6 -2.2346109872
BLYP 4 -7.45 -2.1791572426
BLYP 4 -7.3 -2.1243897126
BLYP 4 -7.15 -2.0703205726
BLYP 4 -7 -2.0169621916
BLYP 4 -6.85 -1.9643271211
BLYP 4 -6.7 -1.9124280817
BLYP 4 -6.55 -1.8612779605
BLYP 4 -6.4 -1.8108897703
BLYP 4 -6.25 -1.7612766262
BLYP 4 -6.1 -1.7124517272
BLYP 4 -5.95 -1.6644283378
BLYP 4 -5.8 -1.6172197534
BLYP 4 -5.65 -1.5708392617
BLYP 4 -5.5 -1.5253000742
BLYP 4 -5.35 -1.4806153117
BLYP 4 -5.2 -1.4367979448
BLYP 4 -5.05 -1.3938607247
BLYP 4 -4.9 -1.3518161311
BLYP 4 -4.75 -1.3106762974
BLYP 4 -4.6 -1.2704529383
BLYP 4 -4.45 -1.2311572684
BLYP 4 -4.3 -1.1927999168
BLYP 4 -4.15 -1.1553908359
BLYP 4 -4 -1.118939205
BLYP 4 -3.85 -1.0834533313
BLYP 4 -3.7 -1.0489405466
BLYP 4 -3.55 -1.0154071027
BLYP 4 -3.4 -0.982858066
BLYP 4 -3.25 -0.9512972123
BLYP 4 -3.1 -0.9207269249
BLYP 4 -2.95 -0.8911480965
BLYP 4 -2.8 -0.8625600372
BLYP 4 -2.65 -0.8349603919
BLYP 4 -2.5 -0.8083450679
BLYP 4 -2.35 -0.7827081749
BLYP 4 -2.2 -0.7580419815
BLYP 4 -2.05 -0.7343368872
BLYP 4 -1.9 -0.7115814146
BLYP 4 -1.75 -0.6897622204
BLYP 4 -1.6 -0.6688641288
BLYP 4 -1.45 -0.6488701852
BLYP 4 -1.3 -0.6297617321
BLYP 4 -1.15 -0.6115185053
BLYP 4 -1 -0.5941187495
BLYP 4 -0.85 -0.5775393518
BLYP 4 -0.7 -0.5617559896
BLYP 4 -0.55 -0.5467432919
BLYP 4 -0.4 -0.532475009
BLYP 4 -0.25 -0.5189241893
BLYP 4 -0.1 -0.5060633579
BLYP 4 0.05 -0.4938646954
BLYP 4 0.2 -0.4823002124
BLYP 4 0.35 -0.4713419182
BLYP 4 0.5 -0.4609619793
BLYP 4 0.65 -0.4511328672
BLYP 4 0.8 -0.4418274935
BLYP 4 0.95 -0.4330193296
BLYP 4 1.1 -0.4246825124
BLYP 4 1.25 -0.416791934
BLYP 4 1.4 -0.4093233156
BLYP 4 1.55 -0.402253267
BLYP 4 1.7 -0.3955593313
BLYP 4 1.85 -0.3892200163
BLYP 4 2 -0.3832148131
BLYP 4 2.15 -0.3775242046
BLYP 4 2.3 -0.3721296627
BLYP 4 2.45 -0.3670136384
BLYP 4 2.6 -0.3621595435
BLYP 4 2.75 -0.3575517271
BLYP 4 2.9 -0.3531754467
BLYP 4 3.05 -0.349016836
BLYP 4 3.2 -0.3450628694
BLYP 4 3.35 -0.3413013247
BLYP 4 3.5 -0.3377207446
BLYP 4 3.65 -0.3343103974
BLYP 4 3.8 -0.3310602378
BLYP 4 3.95 -0.3279608669
BLYP 4 4.1 -0.3250034939
BLYP 4 4.25 -0.3221798971
BLYP 4 4.4 -0.3194823853
BLYP 4 4.55 -0.3169037584
BLYP 4 4.7 -0.3144372663
BLYP 4 4.85 -0.3120765679
BLYP 4 5 -0.3098156925
BLYP 4 5.15 -0.3076490114
BLYP 4 5.3 -0.3055712179
BLYP 4 5.45 -0.3035773147
BLYP 4 5.6 -0.3016626008
BLYP 4 5.75 -0.2998226595
BLYP 4 5.9 -0.2980533451
BLYP 4 6.05 -0.2963507694
BLYP 4 6.2 -0.2947112875
BLYP 4 6.35 -0.2931314848
BLYP 4 6.5 -0.2916081627
BLYP 4 6.65 -0.2901383258
BLYP 4 6.8 -0.2887191691
BLYP 4 6.95 -0.2873480656
BLYP 4 7.1 -0.2860225549
BLYP 4 7.25 -0.2847403318
BLYP 4 7.4 -0.2834992358
BLYP 4 7.55 -0.2822972413
BLYP 4 7.7 -0.2811324482
BLYP 4 7.85 -0.2800030735
BLYP 4 8 -0.278907443
BLYP 4 8.15 -0.2778439839
BLYP 4 8.3 -0.2768112176
BLYP 4 8.45 -0.2758077534
BLYP 4 8.6 -0.2748322822
BLYP 4 8.75 -0.2738835708
BLYP 4 8.9 -0.2729604571
BLYP 4 9.05 -0.2720618449
BLYP 4 9.2 -0.2711866995
BLYP 4 9.35 -0.2703340438
BLYP 4 9.5 -0.2695029545
BLYP 4 9.65 -0.2686925583
BLYP 4 9.8 -0.2679020288
BLYP 4 9.95 -0.2671305836
BLYP 4 10.1 -0.266377481
BLYP 4 10.25 -0.265642018
BLYP 4 10.4 -0.2649235275
BLYP 4 10.55 -0.2642213759
BLYP 4 10.7 -0.2635349616
BLYP 4 10.85 -0.2628637124
BLYP 4 11 -0.2622070841
BLYP 4 11.15 -0.2615645585
BLYP 4 11.3 -0.2609356424
BLYP 4 11.45 -0.2603198656
BLYP 4 11.6 -0.2597167796
BLYP 4 11.75 -0.2591259569
BLYP 4 11.9 -0.2585469892
BLYP 4 12.05 -0.2579794866
BLYP 4 12.2 -0.2574230764
BLYP 4 12.35 -0.2568774025
BLYP 4 12.5 -0.2563421242
BLYP 4 12.65 -0.2558169152
BLYP 4 12.8 -0.2553014632
BLYP 4 12.95 -0.2547954692
BLYP 4 13.1 -0.2542986464
BLYP 4 13.25 -0.2538107199
BLYP 4 13.4 -0.2533314258
BLYP 4 13.55 -0.2528605109
BLYP 4 13.7 -0.2523977323
BLYP 4 13.85 -0.2519428563
BLYP 4 14 -0.2514956585
BLYP 4 14.15 -0.2510559232
BLYP 4 14.3 -0.2506234427
BLYP 4 14.45 -0.2501980175
BLYP 4 14.6 -0.2497794553
BLYP 4 14.75 -0.249367571
BLYP 4 14.9 -0.2489621862
BLYP 4 15.05 -0.2485631292
BLYP 4 15.2 -0.2481702344
BLYP 4 15.35 -0.2477833419
BLYP 4 15.5 -0.2474022977
BLYP 4 15.65 -0.247026953
BLYP 4 15.8 -0.2466571645
BLYP 4 15.95 -0.2462927934
BLYP 4 16.1 -0.2459337058
BLYP 4 16.25 -0.2455797725
BLYP 4 16.4 -0.2452308684
BLYP 4 16.55 -0.2448868726
BLYP 4 16.7 -0.2445476681
BLYP 4 16.85 -0.244213142
BLYP 4 17 -0.2438831847
BLYP 4 17.15 -0.2435576903
BLYP 4 17.3 -0.2432365563
BLYP 4 17.45 -0.2429196833
BLYP 4 17.6 -0.2426069752
BLYP 4 17.75 -0.2422983385
BLYP 4 17.9 -0.2419936831
BLYP 4 18.05 -0.2416929211
BLYP 4 18.2 -0.2413959677
BLYP 4 18.35 -0.2411027404
BLYP 4 18.5 -0.2408131593
BLYP 4 18.65 -0.2405271466
BLYP 4 18.8 -0.2402446271
BLYP 4 18.95 -0.2399655276
BLYP 4 19.1 -0.2396897771
BLYP 4 19.25 -0.2394173064
BLYP 4 19.4 -0.2391480486
BLYP 4 19.55 -0.2388819385
BLYP 4 19.7 -0.2386189127
BLYP 4 19.85 -0.2383589096
BLYP 4 20 -0.2381018694
BLYP 4 20.15 -0.2378477337
BLYP 4 20.3 -0.2375964459
BLYP 4 20.45 -0.2373479509
BLYP 4 20.6 -0.2371021949
BLYP 4 20.75 -0.2368591257
BLYP 4 20.9 -0.2366186925
BLYP 4 21.05 -0.2363808457
BLYP 4 21.2 -0.236145537
BLYP 4 21.35 -0.2359127194
BLYP 4 21.5 -0.2356823472
BLYP 4 21.65 -0.2354543757
BLYP 4 21.8 -0.2352287614
BLYP 4 21.95 -0.2350054619
BLYP 4 22.1 -0.2347844358
BLYP 4 22.25 -0.2345656428
BLYP 4 22.4 -0.2343490436
BLYP 4 22.55 -0.2341345999
BLYP 4 22.7 -0.2339222741
BLYP 4 22.85 -0.2337120297
BLYP 4 23 -0.2335038311
BLYP 4 23.15 -0.2332976435
BLYP 4 23.3 -0.2330934329
BLYP 4 23.45 -0.232891166
BLYP 4 23.6 -0.2326908106
BLYP 4 23.75 -0.2324923349
BLYP 4 23.9 -0.232295708
BLYP 4 24.05 -0.2321008997
BLYP 4 24.2 -0.2319078804
BLYP 4 24.35 -0.2317166214
BLYP 4 24.5 -0.2315270944
BLYP 4 24.65 -0.2313392717
BLYP 4 24.8 -0.2311531265
BLYP 4 24.95 -0.2309686324
BLYP 4 25.1 -0.2307857636
BLYP 4 25.25 -0.2306044948
BLYP 4 25.4 -0.2304248014
BLYP 4 25.55 -0.2302466592
BLYP 4 25.7 -0.2300700446
BLYP 4 25.85 -0.2298949345
BLYP 4 26 -0.2297213062
BLYP 4 26.15 -0.2295491375
BLYP 4 26.3 -0.2293784068
BLYP 4 26.45 -0.2292090928
BLYP 4 26.6 -0.2290411746
BLYP 4 26.75 -0.2288746321
BLYP 4 26.9 -0.228709445
BLYP 4 27.05 -0.228545594
BLYP 4 27.2 -0.2283830598
BLYP 4 27.35 -0.2282218236
BLYP 4 27.5 -0.2280618671
BLYP 4 27.65 -0.2279031723
BLYP 4 27.8 -0.2277457214
BLYP 4 27.95 -0.2275894971
BLYP 4 28.1 -0.2274344824
BLYP 4 28.25 -0.2272806607
BLYP 4 28.4 -0.2271280156
BLYP 4 28.55 -0.226976531
BLYP 4 28.7 -0.2268261914
BLYP 4 28.85 -0.2266769813
BLYP 4 29 -0.2265288854
BLYP 4 29.15 -0.2263818891
BLYP 4 29.3 -0.2262359777
BLYP 4 29.45 -0.2260911369
BLYP 4 29.6 -0.2259473528
BLYP 4 29.75 -0.2258046114
BLYP 4 29.9 -0.2256628995
BLYP 4 30.05 -0.2255222035
BLYP 4 30.2 -0.2253825106
BLYP 4 30.35 -0.225243808
BLYP 4 30.5 -0.225106083
BLYP 4 30.65 -0.2249693234
BLYP 4 30.8 -0.224833517
BLYP 4 30.95 -0.2246986519
BLYP 4 31.1 -0.2245647164
BLYP 4 31.25 -0.2244316991
BLYP 4 31.4 -0.2242995886
BLYP 4 31.55 -0.2241683739
BLYP 4 31.7 -0.2240380441
BLYP 4 31.85 -0.2239085884
BLYP 4 32 -0.2237799963
BLYP 4 32.15 -0.2236522575
BLYP 4 32.3 -0.2235253618
BLYP 4 32.45 -0.2233992992
BLYP 4 32.6 -0.2232740598
BLYP 4 32.75 -0.223149634
BLYP 4 32.9 -0.2230260123
BLYP 4 33.05 -0.2229031853
BLYP 4 33.2 -0.2227811439
BLYP 4 33.35 -0.2226598789
BLYP 4 33.5 -0.2225393815
BLYP 4 33.65 -0.2224196429
BLYP 4 33.8 -0.2223006545
BLYP 4 33.95 -0.2221824079
BLYP 4 34.1 -0.2220648946
BLYP 4 34.25 -0.2219481065
BLYP 4 34.4 -0.2218320355
BLYP 4 34.55 -0.2217166737
BLYP 4 34.7 -0.2216020132
BLYP 4 34.85 -0.2214880463
BLYP 4 35 -0.2213747655
BLYP 4 35.15 -0.2212621633
BLYP 4 35.3 -0.2211502322
BLYP 4 35.45 -0.2210389652
BLYP 4 35.6 -0.220928355
BLYP 4 35.75 -0.2208183947
BLYP 4 35.9 -0.2207090773
BLYP 4 36.05 -0.2206003961
BLYP 4 36.2 -0.2204923443
BLYP 4 36.35 -0.2203849153
BLYP 4 36.5 -0.2202781026
BLYP 4 36.65 -0.2201718998
BLYP 4 36.8 -0.2200663006
BLYP 4 36.95 -0.2199612988
BLYP 4 37.1 -0.2198568882
BLYP 4 37.25 -0.2197530628
BLYP 4 37.4 -0.2196498167
BLYP 4 37.55 -0.2195471439
BLYP 4 37.7 -0.2194450388
BLYP 4 37.85 -0.2193434955
BLYP 4 38 -0.2192425085
BLYP 4 38.15 -0.2191420722
BLYP 4 38.3 -0.2190421813
BLYP 4 38.45 -0.2189428302
BLYP 4 38.6 -0.2188440137
BLYP 4 38.75 -0.2187457265
BLYP 4 38.9 -0.2186479636
BLYP 4 39.05 -0.2185507198
BLYP 4 39.2 -0.21845399
BLYP 4 39.35 -0.2183577694
BLYP 4 39.5 -0.218262053
BLYP 4 39.65 -0.2181668361
BLYP 4 39.8 -0.2180721139
BLYP 4 39.95 -0.2179778817
BLYP 4 40.1 -0.2178841348
BLYP 4 40.25 -0.2177908688
BLYP 4 40.4 -0.2176980792
BLYP 4 40.55 -0.2176057614
BLYP 4 40.7 -0.2175139111
BLYP 4 40.85 -0.217422524
BLYP 4 41 -0.2173315959
BLYP 4 41.15 -0.2172411225
BLYP 4 41.3 -0.2171510996
BLYP 4 41.45 -0.2170615232
BLYP 4 41.6 -0.2169723892
BLYP 4 41.75 -0.2168836936
BLYP 4 41.9 -0.2167954326
BLYP 4 42.05 -0.2167076021
BLYP 4 42.2 -0.2166201984
BLYP 4 42.35 -0.2165332176
BLYP 4 42.5 -0.216446656
BLYP 4 42.65 -0.21636051
BLYP 4 42.8 -0.2162747758
BLYP 4 42.95 -0.2161894499
BLYP 4 43.1 -0.2161045287
BLYP 4 43.25 -0.2160200087
BLYP 4 43.4 -0.2159358864
BLYP 4 43.55 -0.2158521583
BLYP 4 43.7 -0.2157688212
BLYP 4 43.85 -0.2156858717
BLYP 4 44 -0.2156033064
BLYP 4 44.15 -0.215521122
BLYP 4 44.3 -0.2154393155
BLYP 4 44.45 -0.2153578835
BLYP 4 44.6 -0.215276823
BLYP 4 44.75 -0.2151961307
BLYP 4 44.9 -0.2151158038
BLYP 4 45.05 -0.215035839
BLYP 4 45.2 -0.2149562335
BLYP 4 45.35 -0.2148769843
BLYP 4 45.5 -0.2147980883
BLYP 4 45.65 -0.2147195428
BLYP 4 45.8 -0.2146413449
BLYP 4 45.95 -0.2145634917
BLYP 4 46.1 -0.2144859805
BLYP 4 46.25 -0.2144088085
BLYP 4 46.4 -0.214331973
BLYP 4 46.55 -0.2142554712
BLYP 4 46.7 -0.2141793006
BLYP 4 46.85 -0.2141034584
BLYP 4 47 -0.214027942
BLYP 4 47.15 -0.213952749
BLYP 4 47.3 -0.2138778767
BLYP 4 47.45 -0.2138033226
BLYP 4 47.6 -0.2137290843
BLYP 4 47.75 -0.2136551592
BLYP 4 47.9 -0.2135815449
BLYP 4 48.05 -0.2135082391
BLYP 4 48.2 -0.2134352394
BLYP 4 48.35 -0.2133625433
BLYP 4 48.5 -0.2132901486
BLYP 4 48.65 -0.213218053
BLYP 4 48.8 -0.2131462541
BLYP 4 48.95 -0.2130747498
BLYP 4 49.1 -0.2130035378
BLYP 4 49.25 -0.2129326159
BLYP 4 49.4 -0.212861982
BLYP 4 49.55 -0.2127916338
BLYP 4 49.7 -0.2127215692
BLYP 4 49.85 -0.2126517862
BLYP 4 50 -0.2125822826
BLYP 4 50.15 -0.2125130563
BLYP 4 50.3 -0.2124441054
BLYP 4 50.45 -0.2123754278
BLYP 4 50.6 -0.2123070216
BLYP 4 50.75 -0.2122388846
BLYP 4 50.9 -0.212171015
BLYP 4 51.05 -0.2121034109
BLYP 4 51.2 -0.2120360702
BLYP 4 51.35 -0.2119689912
BLYP 4 51.5 -0.2119021719
BLYP 4 51.65 -0.2118356105
BLYP 4 51.8 -0.2117693051
BLYP 4 51.95 -0.2117032539
BLYP 4 52.1 -0.2116374552
BLYP 4 52.25 -0.211571907
BLYP 4 52.4 -0.2115066078
BLYP 4 52.55 -0.2114415556
BLYP 4 52.7 -0.2113767489
BLYP 4 52.85 -0.2113121858
BLYP 4 53 -0.2112478647
BLYP 4 53.15 -0.2111837839
BLYP 4 53.3 -0.2111199417
BLYP 4 53.45 -0.2110563365
BLYP 4 53.6 -0.2109929667
BLYP 4 53.75 -0.2109298307
BLYP 4 53.9 -0.2108669267
BLYP 4 54.05 -0.2108042534
BLYP 4 54.2 -0.210741809
BLYP 4 54.35 -0.2106795922
BLYP 4 54.5 -0.2106176012
BLYP 4 54.65 -0.2105558346
BLYP 4 54.8 -0.210494291
BLYP 4 54.95 -0.2104329687
BLYP 4 55.1 -0.2103718663
BLYP 4 55.25 -0.2103109825
BLYP 4 55.4 -0.2102503156
BLYP 4 55.55 -0.2101898643
BLYP 4 55.7 -0.2101296272
BLYP 4 55.85 -0.2100696028
BLYP 4 56 -0.2100097898
BLYP 4 56.15 -0.2099501867
BLYP 4 56.3 -0.2098907923
BLYP 4 56.45 -0.2098316051
BLYP 4 56.6 -0.2097726239
BLYP 4 56.75 -0.2097138472
BLYP 4 56.9 -0.2096552738
BLYP 4 57.05 -0.2095969023
BLYP 4 57.2 -0.2095387315
BLYP 4 57.35 -0.2094807601
BLYP 4 57.5 -0.2094229868
BLYP 4 57.65 -0.2093654104
BLYP 4 57.8 -0.2093080295
BLYP 4 57.95 -0.2092508431
BLYP 4 58.1 -0.2091938498
BLYP 4 58.25 -0.2091370484
BLYP 4 58.4 -0.2090804377
BLYP 4 58.55 -0.2090240167
BLYP 4 58.7 -0.208967784
BLYP 4 58.85 -0.2089117385
BLYP 4 59 -0.2088558791
BLYP 4 59.15 -0.2088002045
BLYP 4 59.3 -0.2087447137
BLYP 4 59.45 -0.2086894055
BLYP 4 59.6 -0.2086342789
BLYP 4 59.75 -0.2085793326
BLYP 4 59.9 -0.2085245656
BLYP 4 60.05 -0.2084699768
BLYP 4 60.2 -0.2084155652
BLYP 4 60.35 -0.2083613296
BLYP 4 60.5 -0.208307269
BLYP 4 60.65 -0.2082533824
BLYP 4 60.8 -0.2081996686
BLYP 4 60.95 -0.2081461268
BLYP 4 61.1 -0.2080927558
BLYP 4 61.25 -0.2080395546
BLYP 4 61.4 -0.2079865222
BLYP 4 61.55 -0.2079336577
BLYP 4 61.7 -0.20788096
BLYP 4 61.85 -0.2078284282
BLYP 4 62 -0.2077760613
BLYP 4 62.15 -0.2077238582
BLYP 4 62.3 -0.2076718182
BLYP 4 62.45 -0.2076199401
BLYP 4 62.6 -0.2075682232
BLYP 4 62.75 -0.2075166663
BLYP 4 62.9 -0.2074652687
BLYP 4 63.05 -0.2074140295
BLYP 4 63.2 -0.2073629476
BLYP 4 63.35 -0.2073120222
BLYP 4 63.5 -0.2072612526
BLYP 4 63.65 -0.2072106377
BLYP 4 63.8 -0.2071601768
BLYP 4 63.95 -0.2071098692
BLYP 4 64.1 -0.2070597141
BLYP 4 64.25 -0.2070097105
BLYP 4 64.4 -0.2069598574
BLYP 4 64.55 -0.2069101539
BLYP 4 64.7 -0.2068605992
BLYP 4 64.85 -0.2068111924
BLYP 4 65 -0.2067619326
BLYP 4 65.15 -0.206712819
BLYP 4 65.3 -0.2066638509
BLYP 4 65.45 -0.2066150273
BLYP 4 65.6 -0.2065663476
BLYP 4 65.75 -0.2065178109
BLYP 4 65.9 -0.2064694165
BLYP 4 66.05 -0.2064211634
BLYP 4 66.2 -0.2063730511
BLYP 4 66.35 -0.2063250787
BLYP 4 66.5 -0.2062772454
BLYP 4 66.65 -0.2062295506
BLYP 4 66.8 -0.2061819934
BLYP 4 66.95 -0.2061345731
BLYP 4 67.1 -0.206087289
BLYP 4 67.25 -0.2060401406
BLYP 4 67.4 -0.205993127
BLYP 4 67.55 -0.2059462478
BLYP 4 67.7 -0.2058995025
BLYP 4 67.85 -0.2058528903
BLYP 4 68 -0.20580641
BLYP 4 68.15 -0.2057600611
BLYP 4 68.3 -0.2057138426
BLYP 4 68.45 -0.205667754
BLYP 4 68.6 -0.2056217945
BLYP 4 68.75 -0.2055759633
BLYP 4 68.9 -0.20553026
BLYP 4 69.05 -0.2054846837
BLYP 4 69.2 -0.2054392338
BLYP 4 69.35 -0.2053939097
BLYP 4 69.5 -0.2053487107
BLYP 4 69.65 -0.2053036362
BLYP 4 69.8 -0.2052586856
BLYP 4 69.95 -0.2052138581
BLYP 4 70.1 -0.2051691532
BLYP 4 70.25 -0.2051245702
BLYP 4 70.4 -0.2050801086
BLYP 4 70.55 -0.2050357676
BLYP 4 70.7 -0.2049915468
BLYP 4 70.85 -0.2049474454
BLYP 4 71 -0.204903463
BLYP 4 71.15 -0.2048595988
BLYP 4 71.3 -0.2048158524
BLYP 4 71.45 -0.204772223
BLYP 4 71.6 -0.2047287102
BLYP 4 71.75 -0.2046853134
BLYP 4 71.9 -0.2046420321
BLYP 4 72.05 -0.2045988657
BLYP 4 72.2 -0.2045558136
BLYP 4 72.35 -0.2045128751
BLYP 4 72.5 -0.2044700498
BLYP 4 72.65 -0.2044273371
BLYP 4 72.8 -0.2043847363
BLYP 4 72.95 -0.204342247
BLYP 4 73.1 -0.2042998686
BLYP 4 73.25 -0.2042576005
BLYP 4 73.4 -0.2042154422
BLYP 4 73.55 -0.2041733931
BLYP 4 73.7 -0.2041314528
BLYP 4 73.85 -0.2040896207
BLYP 4 74 -0.2040478963
BLYP 4 74.15 -0.2040062791
BLYP 4 74.3 -0.2039647685
BLYP 4 74.45 -0.203923364
BLYP 4 74.6 -0.2038820652
BLYP 4 74.75 -0.2038408715
BLYP 4 74.9 -0.2037997825
BLYP 4 75.05 -0.2037587975
BLYP 4 75.2 -0.2037179162
BLYP 4 75.35 -0.2036771381
BLYP 4 75.5 -0.2036364626
BLYP 4 75.65 -0.2035958893
BLYP 4 75.8 -0.2035554176
BLYP 4 75.95 -0.2035150472
BLYP 4 76.1 -0.2034747776
BLYP 4 76.25 -0.2034346082
BLYP 4 76.4 -0.2033945386
BLYP 4 76.55 -0.2033545683
BLYP 4 76.7 -0.203314697
BLYP 4 76.85 -0.203274924
BLYP 4 77 -0.203235249
BLYP 4 77.15 -0.2031956716
BLYP 4 77.3 -0.2031561912
BLYP 4 77.45 -0.2031168074
BLYP 4 77.6 -0.2030775198
BLYP 4 77.75 -0.2030383279
BLYP 4 77.9 -0.2029992314
BLYP 4 78.05 -0.2029602297
BLYP 4 78.2 -0.2029213224
BLYP 4 78.35 -0.2028825092
BLYP 4 78.5 -0.2028437895
BLYP 4 78.65 -0.202805163
BLYP 4 78.8 -0.2027666292
BLYP 4 78.95 -0.2027281877
BLYP 4 79.1 -0.2026898382
BLYP 4 79.25 -0.2026515801
BLYP 4 79.4 -0.2026134131
BLYP 4 79.55 -0.2025753368
BLYP 4 79.7 -0.2025373508
BLYP 4 79.85 -0.2024994547
BLYP 4 80 -0.202461648
BLYP 4 80.15 -0.2024239304
BLYP 4 80.3 -0.2023863015
BLYP 4 80.45 -0.2023487608
BLYP 4 80.6 -0.2023113081
BLYP 4 80.75 -0.2022739429
BLYP 4 80.9 -0.2022366648
BLYP 4 81.05 -0.2021994734
BLYP 4 81.2 -0.2021623685
BLYP 4 81.35 -0.2021253495
BLYP 4 81.5 -0.2020884163
BLYP 4 81.65 -0.2020515685
BLYP 4 81.8 -0.2020148061
BLYP 4 81.95 -0.2019781287
BLYP 4 82.1 -0.2019415355
BLYP 4 82.25 -0.2019050262
BLYP 4 82.4 -0.2018686003
BLYP 4 82.55 -0.2018322574
BLYP 4 82.7 -0.2017959973
BLYP 4 82.85 -0.2017598195
BLYP 4 83 -0.2017237237
BLYP 4 83.15 -0.2016877095
BLYP 4 83.3 -0.2016517767
BLYP 4 83.45 -0.2016159248
BLYP 4 83.6 -0.2015801535
BLYP 4 83.75 -0.2015444625
BLYP 4 83.9 -0.2015088514
BLYP 4 84.05 -0.20147332
BLYP 4 84.2 -0.2014378678
BLYP 4 84.35 -0.2014024946
BLYP 4 84.5 -0.2013672
BLYP 4 84.65 -0.2013319837
BLYP 4 84.8 -0.2012968454
BLYP 4 84.95 -0.2012617847
BLYP 4 85.1 -0.2012268014
BLYP 4 85.25 -0.201191895
BLYP 4 85.4 -0.2011570654
BLYP 4 85.55 -0.2011223121
BLYP 4 85.7 -0.2010876348
BLYP 4 85.85 -0.2010530333
BLYP 4 86 -0.2010185073
BLYP 4 86.15 -0.2009840563
BLYP 4 86.3 -0.2009496802
BLYP 4 86.45 -0.2009153786
BLYP 4 86.6 -0.2008811512
BLYP 4 86.75 -0.2008469977
BLYP 4 86.9 -0.2008129178
BLYP 4 87.05 -0.2007789112
BLYP 4 87.2 -0.2007449777
BLYP 4 87.35 -0.2007111168
BLYP 4 87.5 -0.2006773285
BLYP 4 87.65 -0.2006436122
BLYP 4 87.8 -0.2006099678
BLYP 4 87.95 -0.200576395
BLYP 4 88.1 -0.2005428934
BLYP 4 88.25 -0.2005094629
BLYP 4 88.4 -0.200476103
BLYP 4 88.55 -0.2004428136
BLYP 4 88.7 -0.2004095944
BLYP 4 88.85 -0.200376445
BLYP 4 89 -0.2003433653
BLYP 4 89.15 -0.2003103548
BLYP 4 89.3 -0.2002774134
BLYP 4 89.45 -0.2002445409
BLYP 4 89.6 -0.2002117368
BLYP 4 89.75 -0.200179001
BLYP 4 89.9 -0.2001463331
BLYP 4 90.05 -0.200113733
BLYP 4 90.2 -0.2000812003
BLYP 4 90.35 -0.2000487349
BLYP 4 90.5 -0.2000163363
BLYP 4 90.65 -0.1999840045
BLYP 4 90.8 -0.199951739
BLYP 4 90.95 -0.1999195398
BLYP 4 91.1 -0.1998874064
BLYP 4 91.25 -0.1998553387
BLYP 4 91.4 -0.1998233364
BLYP 4 91.55 -0.1997913992
BLYP 4 91.7 -0.199759527
BLYP 4 91.85 -0.1997277194
BLYP 4 92 -0.1996959762
BLYP 4 92.15 -0.1996642972
BLYP 4 92.3 -0.1996326821
BLYP 4 92.45 -0.1996011307
BLYP 4 92.6 -0.1995696427
BLYP 4 92.75 -0.199538218
BLYP 4 92.9 -0.1995068562
BLYP 4 93.05 -0.1994755571
BLYP 4 93.2 -0.1994443206
BLYP 4 93.35 -0.1994131463
BLYP 4 93.5 -0.199382034
BLYP 4 93.65 -0.1993509835
BLYP 4 93.8 -0.1993199946
BLYP 4 93.95 -0.199289067
BLYP 4 94.1 -0.1992582006
BLYP 4 94.25 -0.199227395
BLYP 4 94.4 -0.1991966501
BLYP 4 94.55 -0.1991659656
BLYP 4 94.7 -0.1991353413
BLYP 4 94.85 -0.199104777
BLYP 4 95 -0.1990742725
BLYP 4 95.15 -0.1990438276
BLYP 4 95.3 -0.199013442
BLYP 4 95.45 -0.1989831155
BLYP 4 95.6 -0.1989528479
BLYP 4 95.75 -0.1989226389
BLYP 4 95.9 -0.1988924885
BLYP 4 96.05 -0.1988623963
BLYP 4 96.2 -0.1988323622
BLYP 4 96.35 -0.1988023859
BLYP 4 96.5 -0.1987724673
BLYP 4 96.65 -0.1987426061
BLYP 4 96.8 -0.198712802
BLYP 4 96.95 -0.1986830551
BLYP 4 97.1 -0.1986533649
BLYP 4 97.25 -0.1986237313
BLYP 4 97.4 -0.1985941541
BLYP 4 97.55 -0.1985646332
BLYP 4 97.7 -0.1985351682
BLYP 4 97.85 -0.1985057591
BLYP 4 98 -0.1984764055
BLYP 4 98.15 -0.1984471074
BLYP 4 98.3 -0.1984178644
BLYP 4 98.45 -0.1983886765
BLYP 4 98.6 -0.1983595434
BLYP 4 98.75 -0.198330465
BLYP 4 98.9 -0.198301441
BLYP 4 99.05 -0.1982724712
BLYP 4 99.2 -0.1982435555
BLYP 4 99.35 -0.1982146937
BLYP 4 99.5 -0.1981858855
BLYP 4 99.65 -0.1981571309
BLYP 4 99.8 -0.1981284295
BLYP 4 99.95 -0.1980997813
BLYP 4 100.1 -0.198071186
BLYP 4 100.25 -0.1980426435
BLYP 4 100.4 -0.1980141536
BLYP 4 100.55 -0.197985716
BLYP 4 100.7 -0.1979573307
BLYP 4 100.85 -0.1979289974
BLYP 4 101 -0.1979007159
BLYP 4 101.15 -0.1978724861
BLYP 4 101.3 -0.1978443079
BLYP 4 101.45 -0.1978161809
BLYP 4 101.6 -0.1977881051
BLYP 4 101.75 -0.1977600803
BLYP 4 101.9 -0.1977321063
BLYP 4 102.05 -0.1977041829
BLYP 4 102.2 -0.19767631
BLYP 4 102.35 -0.1976484873
BLYP 4 102.5 -0.1976207148
BLYP 4 102.65 -0.1975929922
BLYP 4 102.8 -0.1975653194
BLYP 4 102.95 -0.1975376963
BLYP 4 103.1 -0.1975101225
BLYP 4 103.25 -0.1974825981
BLYP 4 103.4 -0.1974551228
BLYP 4 103.55 -0.1974276964
BLYP 4 103.7 -0.1974003188
BLYP 4 103.85 -0.1973729898
BLYP 4 104 -0.1973457093
BLYP 4 104.15 -0.1973184772
BLYP 4 104.3 -0.1972912931
BLYP 4 104.45 -0.1972641571
BLYP 4 104.6 -0.1972370688
BLYP 4 104.75 -0.1972100283
BLYP 4 104.9 -0.1971830352
BLYP 4 105.05 -0.1971560895
BLYP 4 105.2 -0.1971291911
BLYP 4 105.35 -0.1971023396
BLYP 4 105.5 -0.1970755351
BLYP 4 105.65 -0.1970487773
BLYP 4 105.8 -0.1970220661
BLYP 4 105.95 -0.1969954013
BLYP 4 106.1 -0.1969687828
BLYP 4 106.25 -0.1969422104
BLYP 4 106.4 -0.196915684
BLYP 4 106.55 -0.1968892035
BLYP 4 106.7 -0.1968627687
BLYP 4 106.85 -0.1968363793
BLYP 4 107 -0.1968100354
BLYP 4 107.15 -0.1967837368
BLYP 4 107.3 -0.1967574832
BLYP 4 107.45 -0.1967312746
BLYP 4 107.6 -0.1967051108
BLYP 4 107.75 -0.1966789917
BLYP 4 107.9 -0.1966529171
BLYP 4 108.05 -0.1966268869
BLYP 4 108.2 -0.1966009009
BLYP 4 108.35 -0.1965749591
BLYP 4 108.5 -0.1965490612
BLYP 4 108.65 -0.1965232071
BLYP 4 108.8 -0.1964973967
BLYP 4 108.95 -0.1964716299
BLYP 4 109.1 -0.1964459065
BLYP 4 109.25 -0.1964202264
BLYP 4 109.4 -0.1963945894
BLYP 4 109.55 -0.1963689954
BLYP 4 109.7 -0.1963434443
BLYP 4 109.85 -0.1963179359
BLYP 4 110 -0.1962924701
BLYP 4 110.15 -0.1962670468
BLYP 4 110.3 -0.1962416658
BLYP 4 110.45 -0.196216327
BLYP 4 110.6 -0.1961910303
BLYP 4 110.75 -0.1961657755
BLYP 4 110.9 -0.1961405626
BLYP 4 111.05 -0.1961153913
BLYP 4 111.2 -0.1960902616
BLYP 4 111.35 -0.1960651734
BLYP 4 111.5 -0.1960401264
BLYP 4 111.65 -0.1960151206
BLYP 4 111.8 -0.1959901558
BLYP 4 111.95 -0.195965232
BLYP 4 112.1 -0.1959403489
BLYP 4 112.25 -0.1959155066
BLYP 4 112.4 -0.1958907047
BLYP 4 112.55 -0.1958659433
BLYP 4 112.7 -0.1958412222
BLYP 4 112.85 -0.1958165413
BLYP 4 113 -0.1957919004
BLYP 4 113.15 -0.1957672995
BLYP 4 113.3 -0.1957427384
BLYP 4 113.45 -0.195718217
BLYP 4 113.6 -0.1956937351
BLYP 4 113.75 -0.1956692927
BLYP 4 113.9 -0.1956448897
BLYP 4 114.05 -0.1956205258
BLYP 4 114.2 -0.1955962011
BLYP 4 114.35 -0.1955719153
BLYP 4 114.5 -0.1955476684
BLYP 4 114.65 -0.1955234603
BLYP 4 114.8 -0.1954992908
BLYP 4 114.95 -0.1954751598
BLYP 4 115.1 -0.1954510672
BLYP 4 115.25 -0.1954270129
BLYP 4 115.4 -0.1954029968
BLYP 4 115.55 -0.1953790188
BLYP 4 115.7 -0.1953550787
BLYP 4 115.85 -0.1953311764
BLYP 4 116 -0.1953073119
BLYP 4 116.15 -0.195283485
BLYP 4 116.3 -0.1952596956
BLYP 4 116.45 -0.1952359436
BLYP 4 116.6 -0.1952122289
BLYP 4 116.75 -0.1951885513
BLYP 4 116.9 -0.1951649108
BLYP 4 117.05 -0.1951413073
BLYP 4 117.2 -0.1951177408
BLYP 4 117.35 -0.195094211
BLYP 4 117.5 -0.1950707179
BLYP 4 117.65 -0.1950472612
BLYP 4 117.8 -0.195023841
BLYP 4 117.95 -0.1950004572
BLYP 4 118.1 -0.1949771095
BLYP 4 118.25 -0.1949537979
BLYP 4 118.4 -0.1949305224
BLYP 4 118.55 -0.1949072827
BLYP 4 118.7 -0.1948840788
BLYP 4 118.85 -0.1948609107
BLYP 4 119 -0.1948377781
BLYP 4 119.15 -0.194814681
BLYP 4 119.3 -0.1947916194
BLYP 4 119.45 -0.194768593
BLYP 4 119.6 -0.1947456017
BLYP 4 119.75 -0.1947226456
BLYP 4 119.9 -0.1946997245
BLYP 4 120.05 -0.1946768383
BLYP 4 120.2 -0.1946539868
BLYP 4 120.35 -0.1946311701
BLYP 4 120.5 -0.1946083879
BLYP 4 120.65 -0.1945856403
BLYP 4 120.8 -0.194562927
BLYP 4 120.95 -0.194540248
BLYP 4 121.1 -0.1945176033
BLYP 4 121.25 -0.1944949927
BLYP 4 121.4 -0.194472416
BLYP 4 121.55 -0.1944498733
BLYP 4 121.7 -0.1944273645
BLYP 4 121.85 -0.1944048893
BLYP 4 122 -0.1943824478
BLYP 4 122.15 -0.1943600398
BLYP 4 122.3 -0.1943376653
BLYP 4 122.45 -0.1943153242
BLYP 4 122.6 -0.1942930163
BLYP 4 122.75 -0.1942707416
BLYP 4 122.9 -0.1942484999
BLYP 4 123.05 -0.1942262913
BLYP 4 123.2 -0.1942041155
BLYP 4 123.35 -0.1941819726
BLYP 4 123.5 -0.1941598624
BLYP 4 123.65 -0.1941377848
BLYP 4 123.8 -0.1941157397
BLYP 4 123.95 -0.1940937271
BLYP 4 124.1 -0.1940717469
BLYP 4 124.25 -0.1940497989
BLYP 4 124.4 -0.1940278831
BLYP 4 124.55 -0.1940059994
BLYP 4 124.7 -0.1939841477
BLYP 4 124.85 -0.1939623279
BLYP 4 125 -0.19394054
BLYP 4 125.15 -0.1939187838
BLYP 4 125.3 -0.1938970593
BLYP 4 125.45 -0.1938753664
BLYP 4 125.6 -0.1938537049
BLYP 4 125.75 -0.1938320749
BLYP 4 125.9 -0.1938104762
BLYP 4 126.05 -0.1937889087
BLYP 4 126.2 -0.1937673723
BLYP 4 126.35 -0.1937458671
BLYP 4 126.5 -0.1937243928
BLYP 4 126.65 -0.1937029494
BLYP 4 126.8 -0.1936815369
BLYP 4 126.95 -0.1936601551
BLYP 4 127.1 -0.1936388039
BLYP 4 127.25 -0.1936174834
BLYP 4 127.4 -0.1935961933
BLYP 4 127.55 -0.1935749336
BLYP 4 127.7 -0.1935537043
BLYP 4 127.85 -0.1935325052
BLYP 4 128 -0.1935113363
BLYP 4 128.15 -0.1934901975
BLYP 4 128.3 -0.1934690887
BLYP 4 128.45 -0.1934480098
BLYP 4 128.6 -0.1934269608
BLYP 4 128.75 -0.1934059416
BLYP 4 128.9 -0.1933849521
BLYP 4 129.05 -0.1933639922
BLYP 4 129.2 -0.1933430618
BLYP 4 129.35 -0.193322161
BLYP 4 129.5 -0.1933012895
BLYP 4 129.65 -0.1932804474
BLYP 4 129.8 -0.1932596344
BLYP 4 129.95 -0.1932388507
BLYP 4 130.1 -0.193218096
BLYP 4 130.25 -0.1931973704
BLYP 4 130.4 -0.1931766736
BLYP 4 130.55 -0.1931560058
BLYP 4 130.7 -0.1931353667
BLYP 4 130.85 -0.1931147563
BLYP 4 131 -0.1930941746
BLYP 4 131.15 -0.1930736214
BLYP 4 131.3 -0.1930530968
BLYP 4 131.45 -0.1930326005
BLYP 4 131.6 -0.1930121326
BLYP 4 131.75 -0.1929916929
BLYP 4 131.9 -0.1929712815
BLYP 4 132.05 -0.1929508982
BLYP 4 132.2 -0.1929305429
BLYP 4 132.35 -0.1929102156
BLYP 4 132.5 -0.1928899162
BLYP 4 132.65 -0.1928696447
BLYP 4 132.8 -0.1928494009
BLYP 4 132.95 -0.1928291849
BLYP 4 133.1 -0.1928089964
BLYP 4 133.25 -0.1927888355
BLYP 4 133.4 -0.1927687022
BLYP 4 133.55 -0.1927485962
BLYP 4 133.7 -0.1927285176
BLYP 4 133.85 -0.1927084662
BLYP 4 134 -0.1926884421
BLYP 4 134.15 -0.1926684451
BLYP 4 134.3 -0.1926484752
BLYP 4 134.45 -0.1926285324
BLYP 4 134.6 -0.1926086164
BLYP 4 134.75 -0.1925887273
BLYP 4 134.9 -0.1925688651
BLYP 4 135.05 -0.1925490296
BLYP 4 135.2 -0.1925292207
BLYP 4 135.35 -0.1925094385
BLYP 4 135.5 -0.1924896828
BLYP 4 135.65 -0.1924699537
BLYP 4 135.8 -0.1924502511
BLYP 4 135.95 -0.1924305749
BLYP 4 136.1 -0.192410925
BLYP 4 136.25 -0.1923913012
BLYP 4 136.4 -0.1923717037
BLYP 4 136.55 -0.1923521322
BLYP 4 136.7 -0.1923325867
BLYP 4 136.85 -0.1923130672
BLYP 4 137 -0.1922935736
BLYP 4 137.15 -0.1922741058
BLYP 4 137.3 -0.1922546637
BLYP 4 137.45 -0.1922352474
BLYP 4 137.6 -0.1922158567
BLYP 4 137.75 -0.1921964916
BLYP 4 137.9 -0.192177152
BLYP 4 138.05 -0.1921578378
BLYP 4 138.2 -0.192138549
BLYP 4 138.35 -0.1921192856
BLYP 4 138.5 -0.1921000474
BLYP 4 138.65 -0.1920808344
BLYP 4 138.8 -0.1920616466
BLYP 4 138.95 -0.1920424838
BLYP 4 139.1 -0.1920233461
BLYP 4 139.25 -0.1920042333
BLYP 4 139.4 -0.1919851454
BLYP 4 139.55 -0.1919660824
BLYP 4 139.7 -0.1919470441
BLYP 4 139.85 -0.1919280306
BLYP 4 140 -0.1919090417
BLYP 4 140.15 -0.1918900774
BLYP 4 140.3 -0.1918711377
BLYP 4 140.45 -0.1918522225
BLYP 4 140.6 -0.1918333316
BLYP 4 140.75 -0.1918144652
BLYP 4 140.9 -0.191795623
BLYP 4 141.05 -0.1917768051
BLYP 4 141.2 -0.1917580114
BLYP 4 141.35 -0.1917392419
BLYP 4 141.5 -0.1917204964
BLYP 4 141.65 -0.1917017749
BLYP 4 141.8 -0.1916830774
BLYP 4 141.95 -0.1916644038
BLYP 4 142.1 -0.1916457541
BLYP 4 142.25 -0.1916271282
BLYP 4 142.4 -0.191608526
BLYP 4 142.55 -0.1915899475
BLYP 4 142.7 -0.1915713926
BLYP 4 142.85 -0.1915528612
BLYP 4 143 -0.1915343535
BLYP 4 143.15 -0.1915158691
BLYP 4 143.3 -0.1914974082
BLYP 4 143.45 -0.1914789706
BLYP 4 143.6 -0.1914605563
BLYP 4 143.75 -0.1914421653
BLYP 4 143.9 -0.1914237975
BLYP 4 144.05 -0.1914054528
BLYP 4 144.2 -0.1913871311
BLYP 4 144.35 -0.1913688325
BLYP 4 144.5 -0.1913505569
BLYP 4 144.65 -0.1913323042
BLYP 4 144.8 -0.1913140744
BLYP 4 144.95 -0.1912958674
BLYP 4 145.1 -0.1912776831
BLYP 4 145.25 -0.1912595216
BLYP 4 145.4 -0.1912413827
BLYP 4 145.55 -0.1912232665
BLYP 4 145.7 -0.1912051728
BLYP 4 145.85 -0.1911871015
BLYP 4 146 -0.1911690528
BLYP 4 146.15 -0.1911510264
BLYP 4 146.3 -0.1911330224
BLYP 4 146.45 -0.1911150407
BLYP 4 146.6 -0.1910970812
BLYP 4 146.75 -0.191079144
BLYP 4 146.9 -0.1910612288
BLYP 4 147.05 -0.1910433358
BLYP 4 147.2 -0.1910254648
BLYP 4 147.35 -0.1910076158
BLYP 4 147.5 -0.1909897888
BLYP 4 147.65 -0.1909719836
BLYP 4 147.8 -0.1909542003
BLYP 4 147.95 -0.1909364388
BLYP 4 148.1 -0.1909186991
BLYP 4 148.25 -0.190900981
BLYP 4 148.4 -0.1908832846
BLYP 4 148.55 -0.1908656098
BLYP 4 148.7 -0.1908479565
BLYP 4 148.85 -0.1908303248
BLYP 4 149 -0.1908127145
BLYP 4 149.15 -0.1907951256
BLYP 4 149.3 -0.1907775581
BLYP 4 149.45 -0.1907600118
BLYP 4 149.6 -0.1907424869
BLYP 4 149.75 -0.1907249832
BLYP 4 149.9 -0.1907075006
BLYP 4 150.05 -0.1906900391
BLYP 4 150.2 -0.1906725988
BLYP 4 150.35 -0.1906551794
BLYP 4 150.5 -0.1906377811
BLYP 4 150.65 -0.1906204037
BLYP 4 150.8 -0.1906030471
BLYP 4 150.95 -0.1905857114
BLYP 4 151.1 -0.1905683965
BLYP 4 151.25 -0.1905511024
BLYP 4 151.4 -0.190533829
BLYP 4 151.55 -0.1905165762
BLYP 4 151.7 -0.190499344
BLYP 4 151.85 -0.1904821325
BLYP 4 152 -0.1904649414
BLYP 4 152.15 -0.1904477708
BLYP 4 152.3 -0.1904306207
BLYP 4 152.45 -0.1904134909
BLYP 4 152.6 -0.1903963815
BLYP 4 152.75 -0.1903792924
BLYP 4 152.9 -0.1903622235
BLYP 4 153.05 -0.1903451749
BLYP 4 153.2 -0.1903281464
BLYP 4 153.35 -0.190311138
BLYP 4 153.5 -0.1902941498
BLYP 4 153.65 -0.1902771815
BLYP 4 153.8 -0.1902602333
BLYP 4 153.95 -0.190243305
BLYP 4 154.1 -0.1902263966
BLYP 4 154.25 -0.1902095081
BLYP 4 154.4 -0.1901926394
BLYP 4 154.55 -0.1901757905
BLYP 4 154.7 -0.1901589613
BLYP 4 154.85 -0.1901421518
BLYP 4 155 -0.190125362
BLYP 4 155.15 -0.1901085918
BLYP 4 155.3 -0.1900918411
BLYP 4 155.45 -0.19007511
BLYP 4 155.6 -0.1900583984
BLYP 4 155.75 -0.1900417061
BLYP 4 155.9 -0.1900250333
BLYP 4 156.05 -0.1900083799
BLYP 4 156.2 -0.1899917458
BLYP 4 156.35 -0.1899751309
BLYP 4 156.5 -0.1899585353
BLYP 4 156.65 -0.1899419589
BLYP 4 156.8 -0.1899254017
BLYP 4 156.95 -0.1899088635
BLYP 4 157.1 -0.1898923444
BLYP 4 157.25 -0.1898758444
BLYP 4 157.4 -0.1898593634
BLYP 4 157.55 -0.1898429013
BLYP 4 157.7 -0.1898264581
BLYP 4 157.85 -0.1898100338
BLYP 4 158 -0.1897936283
BLYP 4 158.15 -0.1897772416
BLYP 4 158.3 -0.1897608737
BLYP 4 158.45 -0.1897445245
BLYP 4 158.6 -0.189728194
BLYP 4 158.75 -0.1897118822
BLYP 4 158.9 -0.1896955889
BLYP 4 159.05 -0.1896793143
BLYP 4 159.2 -0.1896630581
BLYP 4 159.35 -0.1896468204
BLYP 4 159.5 -0.1896306012
BLYP 4 159.65 -0.1896144004
BLYP 4 159.8 -0.1895982179
BLYP 4 159.95 -0.1895820538
BLYP 4 160.1 -0.1895659079
BLYP 4 160.25 -0.1895497803
BLYP 4 160.4 -0.1895336709
BLYP 4 160.55 -0.1895175797
BLYP 4 160.7 -0.1895015067
BLYP 4 160.85 -0.1894854517
BLYP 4 161 -0.1894694148
BLYP 4 161.15 -0.189453396
BLYP 4 161.3 -0.1894373951
BLYP 4 161.45 -0.1894214122
BLYP 4 161.6 -0.1894054472
BLYP 4 161.75 -0.1893895
BLYP 4 161.9 -0.1893735707
BLYP 4 162.05 -0.1893576593
BLYP 4 162.2 -0.1893417656
BLYP 4 162.35 -0.1893258896
BLYP 4 162.5 -0.1893100313
BLYP 4 162.65 -0.1892941907
BLYP 4 162.8 -0.1892783677
BLYP 4 162.95 -0.1892625623
BLYP 4 163.1 -0.1892467745
BLYP 4 163.25 -0.1892310042
BLYP 4 163.4 -0.1892152514
BLYP 4 163.55 -0.189199516
BLYP 4 163.7 -0.189183798
BLYP 4 163.85 -0.1891680974
BLYP 4 164 -0.1891524141
BLYP 4 164.15 -0.1891367482
BLYP 4 164.3 -0.1891210995
BLYP 4 164.45 -0.1891054681
BLYP 4 164.6 -0.1890898539
BLYP 4 164.75 -0.1890742568
BLYP 4 164.9 -0.1890586769
BLYP 4 165.05 -0.1890431141
BLYP 4 165.2 -0.1890275683
BLYP 4 165.35 -0.1890120396
BLYP 4 165.5 -0.1889965279
BLYP 4 165.65 -0.1889810331
BLYP 4 165.8 -0.1889655553
BLYP 4 165.95 -0.1889500944
BLYP 4 166.1 -0.1889346506
BLYP 4 166.25 -0.1889192238
BLYP 4 166.4 -0.1889038139
BLYP 4 166.55 -0.1888884207
BLYP 4 166.7 -0.1888730442
BLYP 4 166.85 -0.1888576845
BLYP 4 167 -0.1888423414
BLYP 4 167.15 -0.1888270149
BLYP 4 167.3 -0.188811705
BLYP 4 167.45 -0.1887964117
BLYP 4 167.6 -0.188781135
BLYP 4 167.75 -0.1887658747
BLYP 4 167.9 -0.1887506309
BLYP 4 168.05 -0.1887354035
BLYP 4 168.2 -0.1887201925
BLYP 4 168.35 -0.1887049978
BLYP 4 168.5 -0.1886898195
BLYP 4 168.65 -0.1886746576
BLYP 4 168.8 -0.1886595118
BLYP 4 168.95 -0.1886443823
BLYP 4 169.1 -0.1886292691
BLYP 4 169.25 -0.188614172
BLYP 4 169.4 -0.188599091
BLYP 4 169.55 -0.1885840261
BLYP 4 169.7 -0.1885689774
BLYP 4 169.85 -0.1885539446
BLYP 4 170 -0.1885389279
BLYP 4 170.15 -0.1885239272
BLYP 4 170.3 -0.1885089424
BLYP 4 170.45 -0.1884939736
BLYP 4 170.6 -0.1884790206
BLYP 4 170.75 -0.1884640835
BLYP 4 170.9 -0.1884491622
BLYP 4 171.05 -0.1884342568
BLYP 4 171.2 -0.1884193671
BLYP 4 171.35 -0.1884044931
BLYP 4 171.5 -0.1883896348
BLYP 4 171.65 -0.1883747923
BLYP 4 171.8 -0.1883599654
BLYP 4 171.95 -0.188345154
BLYP 4 172.1 -0.1883303583
BLYP 4 172.25 -0.1883155782
BLYP 4 172.4 -0.1883008135
BLYP 4 172.55 -0.1882860644
BLYP 4 172.7 -0.1882713307
BLYP 4 172.85 -0.1882566125
BLYP 4 173 -0.1882419097
BLYP 4 173.15 -0.1882272223
BLYP 4 173.3 -0.1882125502
BLYP 4 173.45 -0.1881978934
BLYP 4 173.6 -0.188183252
BLYP 4 173.75 -0.1881686258
BLYP 4 173.9 -0.1881540148
BLYP 4 174.05 -0.188139419
BLYP 4 174.2 -0.1881248384
BLYP 4 174.35 -0.188110273
BLYP 4 174.5 -0.1880957227
BLYP 4 174.65 -0.1880811875
BLYP 4 174.8 -0.1880666673
BLYP 4 174.95 -0.1880521622
BLYP 4 175.1 -0.1880376721
BLYP 4 175.25 -0.1880231969
BLYP 4 175.4 -0.1880087367
BLYP 4 175.55 -0.1879942914
BLYP 4 175.7 -0.1879798611
BLYP 4 175.85 -0.1879654455
BLYP 4 176 -0.1879510449
BLYP 4 176.15 -0.187936659
BLYP 4 176.3 -0.1879222879
BLYP 4 176.45 -0.1879079316
BLYP 4 176.6 -0.18789359
BLYP 4 176.75 -0.1878792631
BLYP 4 176.9 -0.1878649508
BLYP 4 177.05 -0.1878506533
BLYP 4 177.2 -0.1878363703
BLYP 4 177.35 -0.1878221019
BLYP 4 177.5 -0.1878078481
BLYP 4 177.65 -0.1877936088
BLYP 4 177.8 -0.187779384
BLYP 4 177.95 -0.1877651738
BLYP 4 178.1 -0.1877509779
BLYP 4 178.25 -0.1877367965
BLYP 4 178.4 -0.1877226295
BLYP 4 178.55 -0.1877084769
BLYP 4 178.7 -0.1876943386
BLYP 4 178.85 -0.1876802147
BLYP 4 179 -0.187666105
BLYP 4 179.15 -0.1876520096
BLYP 4 179.3 -0.1876379285
BLYP 4 179.45 -0.1876238616
BLYP 4 179.6 -0.1876098088
BLYP 4 179.75 -0.1875957703
BLYP 4 179.9 -0.1875817458
BLYP 4 180.05 -0.1875677355
BLYP 4 180.2 -0.1875537393
BLYP 4 180.35 -0.1875397571
BLYP 4 180.5 -0.187525789
BLYP 4 180.65 -0.1875118349
BLYP 4 180.8 -0.1874978947
BLYP 4 180.95 -0.1874839686
BLYP 4 181.1 -0.1874700563
BLYP 4 181.25 -0.187456158
BLYP 4 181.4 -0.1874422736
BLYP 4 181.55 -0.187428403
BLYP 4 181.7 -0.1874145462
BLYP 4 181.85 -0.1874007033
BLYP 4 182 -0.1873868741
BLYP 4 182.15 -0.1873730588
BLYP 4 182.3 -0.1873592571
BLYP 4 182.45 -0.1873454691
BLYP 4 182.6 -0.1873316949
BLYP 4 182.75 -0.1873179343
BLYP 4 182.9 -0.1873041873
BLYP 4 183.05 -0.1872904539
BLYP 4 183.2 -0.1872767342
BLYP 4 183.35 -0.1872630279
BLYP 4 183.5 -0.1872493353
BLYP 4 183.65 -0.1872356561
BLYP 4 183.8 -0.1872219904
BLYP 4 183.95 -0.1872083382
BLYP 4 184.1 -0.1871946995
BLYP 4 184.25 -0.1871810741
BLYP 4 184.4 -0.1871674622
BLYP 4 184.55 -0.1871538636
BLYP 4 184.7 -0.1871402784
BLYP 4 184.85 -0.1871267064
BLYP 4 185 -0.1871131478
BLYP 4 185.15 -0.1870996025
BLYP 4 185.3 -0.1870860704
BLYP 4 185.45 -0.1870725515
BLYP 4 185.6 -0.1870590459
BLYP 4 185.75 -0.1870455534
BLYP 4 185.9 -0.1870320741
BLYP 4 186.05 -0.1870186079
BLYP 4 186.2 -0.1870051548
BLYP 4 186.35 -0.1869917148
BLYP 4 186.5 -0.1869782879
BLYP 4 186.65 -0.186964874
BLYP 4 186.8 -0.1869514732
BLYP 4 186.95 -0.1869380853
BLYP 4 187.1 -0.1869247104
BLYP 4 187.25 -0.1869113485
BLYP 4 187.4 -0.1868979995
BLYP 4 187.55 -0.1868846634
BLYP 4 187.7 -0.1868713402
BLYP 4 187.85 -0.1868580298
BLYP 4 188 -0.1868447323
BLYP 4 188.15 -0.1868314476
BLYP 4 188.3 -0.1868181757
BLYP 4 188.45 -0.1868049165
BLYP 4 188.6 -0.1867916701
BLYP 4 188.75 -0.1867784364
BLYP 4 188.9 -0.1867652155
BLYP 4 189.05 -0.1867520072
BLYP 4 189.2 -0.1867388116
BLYP 4 189.35 -0.1867256286
BLYP 4 189.5 -0.1867124582
BLYP 4 189.65 -0.1866993005
BLYP 4 189.8 -0.1866861553
BLYP 4 189.95 -0.1866730226
BLYP 4 190.1 -0.1866599025
BLYP 4 190.25 -0.1866467949
BLYP 4 190.4 -0.1866336998
BLYP 4 190.55 -0.1866206171
BLYP 4 190.7 -0.1866075469
BLYP 4 190.85 -0.1865944891
BLYP 4 191 -0.1865814437
BLYP 4 191.15 -0.1865684107
BLYP 4 191.3 -0.18655539
BLYP 4 191.45 -0.1865423817
BLYP 4 191.6 -0.1865293857
BLYP 4 191.75 -0.186516402
BLYP 4 191.9 -0.1865034306
BLYP 4 192.05 -0.1864904714
BLYP 4 192.2 -0.1864775244
BLYP 4 192.35 -0.1864645897
BLYP 4 192.5 -0.1864516671
BLYP 4 192.65 -0.1864387568
BLYP 4 192.8 -0.1864258585
BLYP 4 192.95 -0.1864129724
BLYP 4 193.1 -0.1864000984
BLYP 4 193.25 -0.1863872365
BLYP 4 193.4 -0.1863743867
BLYP 4 193.55 -0.1863615489
BLYP 4 193.7 -0.1863487231
BLYP 4 193.85 -0.1863359093
BLYP 4 194 -0.1863231076
BLYP 4 194.15 -0.1863103177
BLYP 4 194.3 -0.1862975399
BLYP 4 194.45 -0.1862847739
BLYP 4 194.6 -0.1862720199
BLYP 4 194.75 -0.1862592777
BLYP 4 194.9 -0.1862465474
BLYP 4 195.05 -0.186233829
BLYP 4 195.2 -0.1862211224
BLYP 4 195.35 -0.1862084275
BLYP 4 195.5 -0.1861957445
BLYP 4 195.65 -0.1861830732
BLYP 4 195.8 -0.1861704137
BLYP 4 195.95 -0.1861577659
BLYP 4 196.1 -0.1861451298
BLYP 4 196.25 -0.1861325054
BLYP 4 196.4 -0.1861198927
BLYP 4 196.55 -0.1861072916
BLYP 4 196.7 -0.1860947021
BLYP 4 196.85 -0.1860821243
BLYP 4 197 -0.186069558
BLYP 4 197.15 -0.1860570033
BLYP 4 197.3 -0.1860444602
BLYP 4 197.45 -0.1860319286
BLYP 4 197.6 -0.1860194085
BLYP 4 197.75 -0.1860068999
BLYP 4 197.9 -0.1859944028
BLYP 4 198.05 -0.1859819171
BLYP 4 198.2 -0.1859694429
BLYP 4 198.35 -0.18595698
BLYP 4 198.5 -0.1859445286
BLYP 4 198.65 -0.1859320886
BLYP 4 198.8 -0.1859196599
BLYP 4 198.95 -0.1859072426
BLYP 4 199.1 -0.1858948366
BLYP 4 199.25 -0.1858824419
BLYP 4 199.4 -0.1858700585
BLYP 4 199.55 -0.1858576863
BLYP 4 199.7 -0.1858453254
BLYP 4 199.85 -0.1858329758
BLYP 4 200 -0.1858206373
