Functional Exponent Coefficient Energy
BLYP 500 -100 -0.5164948691
BLYP 500 -99.85 -0.5164603608
BLYP 500 -99.7 -0.5164258767
BLYP 500 -99.55 -0.5163914168
BLYP 500 -99.4 -0.516356981
BLYP 500 -99.25 -0.5163225694
BLYP 500 -99.1 -0.5162881818
BLYP 500 -98.95 -0.5162538184
BLYP 500 -98.8 -0.5162194789
BLYP 500 -98.65 -0.5161851635
BLYP 500 -98.5 -0.5161508721
BLYP 500 -98.35 -0.5161166047
BLYP 500 -98.2 -0.5160823612
BLYP 500 -98.05 -0.5160481417
BLYP 500 -97.9 -0.516013946
BLYP 500 -97.75 -0.5159797742
BLYP 500 -97.6 -0.5159456263
BLYP 500 -97.45 -0.5159115022
BLYP 500 -97.3 -0.5158774019
BLYP 500 -97.15 -0.5158433254
BLYP 500 -97 -0.5158092726
BLYP 500 -96.85 -0.5157752436
BLYP 500 -96.7 -0.5157412382
BLYP 500 -96.55 -0.5157072566
BLYP 500 -96.4 -0.5156732986
BLYP 500 -96.25 -0.5156393642
BLYP 500 -96.1 -0.5156054535
BLYP 500 -95.95 -0.5155715663
BLYP 500 -95.8 -0.5155377027
BLYP 500 -95.65 -0.5155038626
BLYP 500 -95.5 -0.5154700461
BLYP 500 -95.35 -0.515436253
BLYP 500 -95.2 -0.5154024834
BLYP 500 -95.05 -0.5153687373
BLYP 500 -94.9 -0.5153350145
BLYP 500 -94.75 -0.5153013152
BLYP 500 -94.6 -0.5152676392
BLYP 500 -94.45 -0.5152339865
BLYP 500 -94.3 -0.5152003572
BLYP 500 -94.15 -0.5151667512
BLYP 500 -94 -0.5151331685
BLYP 500 -93.85 -0.515099609
BLYP 500 -93.7 -0.5150660727
BLYP 500 -93.55 -0.5150325597
BLYP 500 -93.4 -0.5149990698
BLYP 500 -93.25 -0.514965603
BLYP 500 -93.1 -0.5149321595
BLYP 500 -92.95 -0.514898739
BLYP 500 -92.8 -0.5148653416
BLYP 500 -92.65 -0.5148319672
BLYP 500 -92.5 -0.5147986159
BLYP 500 -92.35 -0.5147652877
BLYP 500 -92.2 -0.5147319824
BLYP 500 -92.05 -0.5146987001
BLYP 500 -91.9 -0.5146654407
BLYP 500 -91.75 -0.5146322042
BLYP 500 -91.6 -0.5145989907
BLYP 500 -91.45 -0.5145658
BLYP 500 -91.3 -0.5145326322
BLYP 500 -91.15 -0.5144994872
BLYP 500 -91 -0.514466365
BLYP 500 -90.85 -0.5144332656
BLYP 500 -90.7 -0.514400189
BLYP 500 -90.55 -0.5143671351
BLYP 500 -90.4 -0.5143341039
BLYP 500 -90.25 -0.5143010954
BLYP 500 -90.1 -0.5142681096
BLYP 500 -89.95 -0.5142351464
BLYP 500 -89.8 -0.5142022059
BLYP 500 -89.65 -0.5141692879
BLYP 500 -89.5 -0.5141363926
BLYP 500 -89.35 -0.5141035198
BLYP 500 -89.2 -0.5140706695
BLYP 500 -89.05 -0.5140378417
BLYP 500 -88.9 -0.5140050364
BLYP 500 -88.75 -0.5139722536
BLYP 500 -88.6 -0.5139394932
BLYP 500 -88.45 -0.5139067553
BLYP 500 -88.3 -0.5138740397
BLYP 500 -88.15 -0.5138413465
BLYP 500 -88 -0.5138086757
BLYP 500 -87.85 -0.5137760272
BLYP 500 -87.7 -0.513743401
BLYP 500 -87.55 -0.5137107971
BLYP 500 -87.4 -0.5136782154
BLYP 500 -87.25 -0.513645656
BLYP 500 -87.1 -0.5136131188
BLYP 500 -86.95 -0.5135806038
BLYP 500 -86.8 -0.513548111
BLYP 500 -86.65 -0.5135156403
BLYP 500 -86.5 -0.5134831918
BLYP 500 -86.35 -0.5134507653
BLYP 500 -86.2 -0.513418361
BLYP 500 -86.05 -0.5133859787
BLYP 500 -85.9 -0.5133536184
BLYP 500 -85.75 -0.5133212802
BLYP 500 -85.6 -0.513288964
BLYP 500 -85.45 -0.5132566697
BLYP 500 -85.3 -0.5132243974
BLYP 500 -85.15 -0.513192147
BLYP 500 -85 -0.5131599186
BLYP 500 -84.85 -0.513127712
BLYP 500 -84.7 -0.5130955273
BLYP 500 -84.55 -0.5130633644
BLYP 500 -84.4 -0.5130312234
BLYP 500 -84.25 -0.5129991041
BLYP 500 -84.1 -0.5129670067
BLYP 500 -83.95 -0.512934931
BLYP 500 -83.8 -0.512902877
BLYP 500 -83.65 -0.5128708447
BLYP 500 -83.5 -0.5128388341
BLYP 500 -83.35 -0.5128068452
BLYP 500 -83.2 -0.512774878
BLYP 500 -83.05 -0.5127429324
BLYP 500 -82.9 -0.5127110083
BLYP 500 -82.75 -0.5126791059
BLYP 500 -82.6 -0.512647225
BLYP 500 -82.45 -0.5126153657
BLYP 500 -82.3 -0.5125835279
BLYP 500 -82.15 -0.5125517116
BLYP 500 -82 -0.5125199167
BLYP 500 -81.85 -0.5124881433
BLYP 500 -81.7 -0.5124563914
BLYP 500 -81.55 -0.5124246609
BLYP 500 -81.4 -0.5123929517
BLYP 500 -81.25 -0.512361264
BLYP 500 -81.1 -0.5123295975
BLYP 500 -80.95 -0.5122979525
BLYP 500 -80.8 -0.5122663287
BLYP 500 -80.65 -0.5122347262
BLYP 500 -80.5 -0.5122031449
BLYP 500 -80.35 -0.512171585
BLYP 500 -80.2 -0.5121400462
BLYP 500 -80.05 -0.5121085286
BLYP 500 -79.9 -0.5120770323
BLYP 500 -79.75 -0.512045557
BLYP 500 -79.6 -0.512014103
BLYP 500 -79.45 -0.51198267
BLYP 500 -79.3 -0.5119512581
BLYP 500 -79.15 -0.5119198674
BLYP 500 -79 -0.5118884976
BLYP 500 -78.85 -0.5118571489
BLYP 500 -78.7 -0.5118258213
BLYP 500 -78.55 -0.5117945146
BLYP 500 -78.4 -0.5117632289
BLYP 500 -78.25 -0.5117319641
BLYP 500 -78.1 -0.5117007203
BLYP 500 -77.95 -0.5116694974
BLYP 500 -77.8 -0.5116382954
BLYP 500 -77.65 -0.5116071142
BLYP 500 -77.5 -0.5115759539
BLYP 500 -77.35 -0.5115448145
BLYP 500 -77.2 -0.5115136958
BLYP 500 -77.05 -0.5114825979
BLYP 500 -76.9 -0.5114515208
BLYP 500 -76.75 -0.5114204645
BLYP 500 -76.6 -0.5113894289
BLYP 500 -76.45 -0.5113584139
BLYP 500 -76.3 -0.5113274197
BLYP 500 -76.15 -0.5112964461
BLYP 500 -76 -0.5112654932
BLYP 500 -75.85 -0.5112345609
BLYP 500 -75.7 -0.5112036493
BLYP 500 -75.55 -0.5111727582
BLYP 500 -75.4 -0.5111418876
BLYP 500 -75.25 -0.5111110376
BLYP 500 -75.1 -0.5110802082
BLYP 500 -74.95 -0.5110493992
BLYP 500 -74.8 -0.5110186108
BLYP 500 -74.65 -0.5109878428
BLYP 500 -74.5 -0.5109570952
BLYP 500 -74.35 -0.5109263681
BLYP 500 -74.2 -0.5108956614
BLYP 500 -74.05 -0.510864975
BLYP 500 -73.9 -0.510834309
BLYP 500 -73.75 -0.5108036634
BLYP 500 -73.6 -0.5107730381
BLYP 500 -73.45 -0.5107424331
BLYP 500 -73.3 -0.5107118484
BLYP 500 -73.15 -0.510681284
BLYP 500 -73 -0.5106507398
BLYP 500 -72.85 -0.5106202158
BLYP 500 -72.7 -0.5105897121
BLYP 500 -72.55 -0.5105592285
BLYP 500 -72.4 -0.5105287651
BLYP 500 -72.25 -0.5104983218
BLYP 500 -72.1 -0.5104678987
BLYP 500 -71.95 -0.5104374957
BLYP 500 -71.8 -0.5104071128
BLYP 500 -71.65 -0.5103767499
BLYP 500 -71.5 -0.5103464071
BLYP 500 -71.35 -0.5103160843
BLYP 500 -71.2 -0.5102857816
BLYP 500 -71.05 -0.5102554988
BLYP 500 -70.9 -0.510225236
BLYP 500 -70.75 -0.5101949932
BLYP 500 -70.6 -0.5101647703
BLYP 500 -70.45 -0.5101345673
BLYP 500 -70.3 -0.5101043842
BLYP 500 -70.15 -0.510074221
BLYP 500 -70 -0.5100440777
BLYP 500 -69.85 -0.5100139541
BLYP 500 -69.7 -0.5099838504
BLYP 500 -69.55 -0.5099537665
BLYP 500 -69.4 -0.5099237024
BLYP 500 -69.25 -0.5098936581
BLYP 500 -69.1 -0.5098636335
BLYP 500 -68.95 -0.5098336286
BLYP 500 -68.8 -0.5098036434
BLYP 500 -68.65 -0.5097736779
BLYP 500 -68.5 -0.5097437321
BLYP 500 -68.35 -0.5097138059
BLYP 500 -68.2 -0.5096838993
BLYP 500 -68.05 -0.5096540124
BLYP 500 -67.9 -0.5096241451
BLYP 500 -67.75 -0.5095942973
BLYP 500 -67.6 -0.5095644691
BLYP 500 -67.45 -0.5095346604
BLYP 500 -67.3 -0.5095048712
BLYP 500 -67.15 -0.5094751015
BLYP 500 -67 -0.5094453513
BLYP 500 -66.85 -0.5094156206
BLYP 500 -66.7 -0.5093859093
BLYP 500 -66.55 -0.5093562174
BLYP 500 -66.4 -0.5093265449
BLYP 500 -66.25 -0.5092968918
BLYP 500 -66.1 -0.5092672581
BLYP 500 -65.95 -0.5092376437
BLYP 500 -65.8 -0.5092080487
BLYP 500 -65.65 -0.509178473
BLYP 500 -65.5 -0.5091489165
BLYP 500 -65.35 -0.5091193793
BLYP 500 -65.2 -0.5090898614
BLYP 500 -65.05 -0.5090603627
BLYP 500 -64.9 -0.5090308833
BLYP 500 -64.75 -0.509001423
BLYP 500 -64.6 -0.5089719819
BLYP 500 -64.45 -0.50894256
BLYP 500 -64.3 -0.5089131573
BLYP 500 -64.15 -0.5088837736
BLYP 500 -64 -0.5088544091
BLYP 500 -63.85 -0.5088250636
BLYP 500 -63.7 -0.5087957373
BLYP 500 -63.55 -0.5087664299
BLYP 500 -63.4 -0.5087371416
BLYP 500 -63.25 -0.5087078724
BLYP 500 -63.1 -0.5086786221
BLYP 500 -62.95 -0.5086493908
BLYP 500 -62.8 -0.5086201785
BLYP 500 -62.65 -0.5085909851
BLYP 500 -62.5 -0.5085618107
BLYP 500 -62.35 -0.5085326551
BLYP 500 -62.2 -0.5085035185
BLYP 500 -62.05 -0.5084744007
BLYP 500 -61.9 -0.5084453017
BLYP 500 -61.75 -0.5084162216
BLYP 500 -61.6 -0.5083871604
BLYP 500 -61.45 -0.5083581179
BLYP 500 -61.3 -0.5083290942
BLYP 500 -61.15 -0.5083000893
BLYP 500 -61 -0.5082711031
BLYP 500 -60.85 -0.5082421357
BLYP 500 -60.7 -0.5082131869
BLYP 500 -60.55 -0.5081842569
BLYP 500 -60.4 -0.5081553455
BLYP 500 -60.25 -0.5081264528
BLYP 500 -60.1 -0.5080975787
BLYP 500 -59.95 -0.5080687233
BLYP 500 -59.8 -0.5080398864
BLYP 500 -59.65 -0.5080110682
BLYP 500 -59.5 -0.5079822685
BLYP 500 -59.35 -0.5079534874
BLYP 500 -59.2 -0.5079247248
BLYP 500 -59.05 -0.5078959807
BLYP 500 -58.9 -0.5078672551
BLYP 500 -58.75 -0.507838548
BLYP 500 -58.6 -0.5078098594
BLYP 500 -58.45 -0.5077811892
BLYP 500 -58.3 -0.5077525375
BLYP 500 -58.15 -0.5077239041
BLYP 500 -58 -0.5076952892
BLYP 500 -57.85 -0.5076666926
BLYP 500 -57.7 -0.5076381144
BLYP 500 -57.55 -0.5076095546
BLYP 500 -57.4 -0.507581013
BLYP 500 -57.25 -0.5075524898
BLYP 500 -57.1 -0.5075239849
BLYP 500 -56.95 -0.5074954982
BLYP 500 -56.8 -0.5074670298
BLYP 500 -56.65 -0.5074385796
BLYP 500 -56.5 -0.5074101477
BLYP 500 -56.35 -0.507381734
BLYP 500 -56.2 -0.5073533384
BLYP 500 -56.05 -0.507324961
BLYP 500 -55.9 -0.5072966018
BLYP 500 -55.75 -0.5072682607
BLYP 500 -55.6 -0.5072399378
BLYP 500 -55.45 -0.5072116329
BLYP 500 -55.3 -0.5071833461
BLYP 500 -55.15 -0.5071550774
BLYP 500 -55 -0.5071268268
BLYP 500 -54.85 -0.5070985941
BLYP 500 -54.7 -0.5070703795
BLYP 500 -54.55 -0.5070421829
BLYP 500 -54.4 -0.5070140043
BLYP 500 -54.25 -0.5069858437
BLYP 500 -54.1 -0.506957701
BLYP 500 -53.95 -0.5069295762
BLYP 500 -53.8 -0.5069014693
BLYP 500 -53.65 -0.5068733804
BLYP 500 -53.5 -0.5068453093
BLYP 500 -53.35 -0.5068172561
BLYP 500 -53.2 -0.5067892208
BLYP 500 -53.05 -0.5067612033
BLYP 500 -52.9 -0.5067332036
BLYP 500 -52.75 -0.5067052217
BLYP 500 -52.6 -0.5066772576
BLYP 500 -52.45 -0.5066493112
BLYP 500 -52.3 -0.5066213826
BLYP 500 -52.15 -0.5065934718
BLYP 500 -52 -0.5065655786
BLYP 500 -51.85 -0.5065377032
BLYP 500 -51.7 -0.5065098454
BLYP 500 -51.55 -0.5064820053
BLYP 500 -51.4 -0.5064541829
BLYP 500 -51.25 -0.5064263781
BLYP 500 -51.1 -0.5063985909
BLYP 500 -50.95 -0.5063708213
BLYP 500 -50.8 -0.5063430693
BLYP 500 -50.65 -0.5063153348
BLYP 500 -50.5 -0.506287618
BLYP 500 -50.35 -0.5062599186
BLYP 500 -50.2 -0.5062322368
BLYP 500 -50.05 -0.5062045725
BLYP 500 -49.9 -0.5061769256
BLYP 500 -49.75 -0.5061492963
BLYP 500 -49.6 -0.5061216844
BLYP 500 -49.45 -0.5060940899
BLYP 500 -49.3 -0.5060665129
BLYP 500 -49.15 -0.5060389532
BLYP 500 -49 -0.506011411
BLYP 500 -48.85 -0.5059838861
BLYP 500 -48.7 -0.5059563786
BLYP 500 -48.55 -0.5059288884
BLYP 500 -48.4 -0.5059014156
BLYP 500 -48.25 -0.50587396
BLYP 500 -48.1 -0.5058465218
BLYP 500 -47.95 -0.5058191008
BLYP 500 -47.8 -0.5057916971
BLYP 500 -47.65 -0.5057643107
BLYP 500 -47.5 -0.5057369414
BLYP 500 -47.35 -0.5057095894
BLYP 500 -47.2 -0.5056822546
BLYP 500 -47.05 -0.505654937
BLYP 500 -46.9 -0.5056276365
BLYP 500 -46.75 -0.5056003532
BLYP 500 -46.6 -0.505573087
BLYP 500 -46.45 -0.505545838
BLYP 500 -46.3 -0.505518606
BLYP 500 -46.15 -0.5054913911
BLYP 500 -46 -0.5054641933
BLYP 500 -45.85 -0.5054370126
BLYP 500 -45.7 -0.5054098489
BLYP 500 -45.55 -0.5053827022
BLYP 500 -45.4 -0.5053555725
BLYP 500 -45.25 -0.5053284599
BLYP 500 -45.1 -0.5053013642
BLYP 500 -44.95 -0.5052742854
BLYP 500 -44.8 -0.5052472236
BLYP 500 -44.65 -0.5052201788
BLYP 500 -44.5 -0.5051931508
BLYP 500 -44.35 -0.5051661398
BLYP 500 -44.2 -0.5051391456
BLYP 500 -44.05 -0.5051121683
BLYP 500 -43.9 -0.5050852079
BLYP 500 -43.75 -0.5050582643
BLYP 500 -43.6 -0.5050313375
BLYP 500 -43.45 -0.5050044275
BLYP 500 -43.3 -0.5049775344
BLYP 500 -43.15 -0.5049506579
BLYP 500 -43 -0.5049237983
BLYP 500 -42.85 -0.5048969554
BLYP 500 -42.7 -0.5048701292
BLYP 500 -42.55 -0.5048433198
BLYP 500 -42.4 -0.504816527
BLYP 500 -42.25 -0.5047897509
BLYP 500 -42.1 -0.5047629915
BLYP 500 -41.95 -0.5047362488
BLYP 500 -41.8 -0.5047095227
BLYP 500 -41.65 -0.5046828132
BLYP 500 -41.5 -0.5046561203
BLYP 500 -41.35 -0.504629444
BLYP 500 -41.2 -0.5046027843
BLYP 500 -41.05 -0.5045761412
BLYP 500 -40.9 -0.5045495146
BLYP 500 -40.75 -0.5045229045
BLYP 500 -40.6 -0.504496311
BLYP 500 -40.45 -0.5044697339
BLYP 500 -40.3 -0.5044431733
BLYP 500 -40.15 -0.5044166292
BLYP 500 -40 -0.5043901016
BLYP 500 -39.85 -0.5043635904
BLYP 500 -39.7 -0.5043370957
BLYP 500 -39.55 -0.5043106173
BLYP 500 -39.4 -0.5042841554
BLYP 500 -39.25 -0.5042577098
BLYP 500 -39.1 -0.5042312806
BLYP 500 -38.95 -0.5042048677
BLYP 500 -38.8 -0.5041784712
BLYP 500 -38.65 -0.504152091
BLYP 500 -38.5 -0.5041257271
BLYP 500 -38.35 -0.5040993795
BLYP 500 -38.2 -0.5040730482
BLYP 500 -38.05 -0.5040467332
BLYP 500 -37.9 -0.5040204344
BLYP 500 -37.75 -0.5039941518
BLYP 500 -37.6 -0.5039678855
BLYP 500 -37.45 -0.5039416353
BLYP 500 -37.3 -0.5039154014
BLYP 500 -37.15 -0.5038891836
BLYP 500 -37 -0.503862982
BLYP 500 -36.85 -0.5038367965
BLYP 500 -36.7 -0.5038106272
BLYP 500 -36.55 -0.5037844739
BLYP 500 -36.4 -0.5037583368
BLYP 500 -36.25 -0.5037322158
BLYP 500 -36.1 -0.5037061108
BLYP 500 -35.95 -0.5036800219
BLYP 500 -35.8 -0.5036539491
BLYP 500 -35.65 -0.5036278922
BLYP 500 -35.5 -0.5036018514
BLYP 500 -35.35 -0.5035758266
BLYP 500 -35.2 -0.5035498178
BLYP 500 -35.05 -0.5035238249
BLYP 500 -34.9 -0.503497848
BLYP 500 -34.75 -0.5034718871
BLYP 500 -34.6 -0.5034459421
BLYP 500 -34.45 -0.5034200129
BLYP 500 -34.3 -0.5033940997
BLYP 500 -34.15 -0.5033682024
BLYP 500 -34 -0.503342321
BLYP 500 -33.85 -0.5033164554
BLYP 500 -33.7 -0.5032906056
BLYP 500 -33.55 -0.5032647717
BLYP 500 -33.4 -0.5032389536
BLYP 500 -33.25 -0.5032131513
BLYP 500 -33.1 -0.5031873647
BLYP 500 -32.95 -0.503161594
BLYP 500 -32.8 -0.503135839
BLYP 500 -32.65 -0.5031100997
BLYP 500 -32.5 -0.5030843762
BLYP 500 -32.35 -0.5030586684
BLYP 500 -32.2 -0.5030329763
BLYP 500 -32.05 -0.5030072999
BLYP 500 -31.9 -0.5029816391
BLYP 500 -31.75 -0.502955994
BLYP 500 -31.6 -0.5029303646
BLYP 500 -31.45 -0.5029047508
BLYP 500 -31.3 -0.5028791526
BLYP 500 -31.15 -0.50285357
BLYP 500 -31 -0.502828003
BLYP 500 -30.85 -0.5028024516
BLYP 500 -30.7 -0.5027769157
BLYP 500 -30.55 -0.5027513954
BLYP 500 -30.4 -0.5027258906
BLYP 500 -30.25 -0.5027004013
BLYP 500 -30.1 -0.5026749276
BLYP 500 -29.95 -0.5026494693
BLYP 500 -29.8 -0.5026240265
BLYP 500 -29.65 -0.5025985992
BLYP 500 -29.5 -0.5025731873
BLYP 500 -29.35 -0.5025477909
BLYP 500 -29.2 -0.5025224098
BLYP 500 -29.05 -0.5024970442
BLYP 500 -28.9 -0.502471694
BLYP 500 -28.75 -0.5024463592
BLYP 500 -28.6 -0.5024210397
BLYP 500 -28.45 -0.5023957356
BLYP 500 -28.3 -0.5023704468
BLYP 500 -28.15 -0.5023451734
BLYP 500 -28 -0.5023199153
BLYP 500 -27.85 -0.5022946724
BLYP 500 -27.7 -0.5022694449
BLYP 500 -27.55 -0.5022442326
BLYP 500 -27.4 -0.5022190356
BLYP 500 -27.25 -0.5021938538
BLYP 500 -27.1 -0.5021686873
BLYP 500 -26.95 -0.502143536
BLYP 500 -26.8 -0.5021183999
BLYP 500 -26.65 -0.5020932789
BLYP 500 -26.5 -0.5020681732
BLYP 500 -26.35 -0.5020430826
BLYP 500 -26.2 -0.5020180072
BLYP 500 -26.05 -0.5019929469
BLYP 500 -25.9 -0.5019679017
BLYP 500 -25.75 -0.5019428717
BLYP 500 -25.6 -0.5019178567
BLYP 500 -25.45 -0.5018928568
BLYP 500 -25.3 -0.501867872
BLYP 500 -25.15 -0.5018429023
BLYP 500 -25 -0.5018179476
BLYP 500 -24.85 -0.5017930079
BLYP 500 -24.7 -0.5017680832
BLYP 500 -24.55 -0.5017431736
BLYP 500 -24.4 -0.5017182789
BLYP 500 -24.25 -0.5016933992
BLYP 500 -24.1 -0.5016685345
BLYP 500 -23.95 -0.5016436847
BLYP 500 -23.8 -0.5016188499
BLYP 500 -23.65 -0.50159403
BLYP 500 -23.5 -0.501569225
BLYP 500 -23.35 -0.5015444349
BLYP 500 -23.2 -0.5015196597
BLYP 500 -23.05 -0.5014948993
BLYP 500 -22.9 -0.5014701539
BLYP 500 -22.75 -0.5014454232
BLYP 500 -22.6 -0.5014207074
BLYP 500 -22.45 -0.5013960064
BLYP 500 -22.3 -0.5013713203
BLYP 500 -22.15 -0.5013466489
BLYP 500 -22 -0.5013219923
BLYP 500 -21.85 -0.5012973504
BLYP 500 -21.7 -0.5012727234
BLYP 500 -21.55 -0.501248111
BLYP 500 -21.4 -0.5012235134
BLYP 500 -21.25 -0.5011989305
BLYP 500 -21.1 -0.5011743623
BLYP 500 -20.95 -0.5011498088
BLYP 500 -20.8 -0.50112527
BLYP 500 -20.65 -0.5011007459
BLYP 500 -20.5 -0.5010762364
BLYP 500 -20.35 -0.5010517415
BLYP 500 -20.2 -0.5010272613
BLYP 500 -20.05 -0.5010027956
BLYP 500 -19.9 -0.5009783446
BLYP 500 -19.75 -0.5009539082
BLYP 500 -19.6 -0.5009294863
BLYP 500 -19.45 -0.500905079
BLYP 500 -19.3 -0.5008806863
BLYP 500 -19.15 -0.500856308
BLYP 500 -19 -0.5008319444
BLYP 500 -18.85 -0.5008075952
BLYP 500 -18.7 -0.5007832605
BLYP 500 -18.55 -0.5007589403
BLYP 500 -18.4 -0.5007346346
BLYP 500 -18.25 -0.5007103433
BLYP 500 -18.1 -0.5006860665
BLYP 500 -17.95 -0.5006618041
BLYP 500 -17.8 -0.5006375562
BLYP 500 -17.65 -0.5006133226
BLYP 500 -17.5 -0.5005891035
BLYP 500 -17.35 -0.5005648987
BLYP 500 -17.2 -0.5005407083
BLYP 500 -17.05 -0.5005165323
BLYP 500 -16.9 -0.5004923706
BLYP 500 -16.75 -0.5004682233
BLYP 500 -16.6 -0.5004440903
BLYP 500 -16.45 -0.5004199715
BLYP 500 -16.3 -0.5003958671
BLYP 500 -16.15 -0.500371777
BLYP 500 -16 -0.5003477011
BLYP 500 -15.85 -0.5003236395
BLYP 500 -15.7 -0.5002995922
BLYP 500 -15.55 -0.5002755591
BLYP 500 -15.4 -0.5002515402
BLYP 500 -15.25 -0.5002275355
BLYP 500 -15.1 -0.500203545
BLYP 500 -14.95 -0.5001795688
BLYP 500 -14.8 -0.5001556066
BLYP 500 -14.65 -0.5001316587
BLYP 500 -14.5 -0.5001077249
BLYP 500 -14.35 -0.5000838052
BLYP 500 -14.2 -0.5000598997
BLYP 500 -14.05 -0.5000360082
BLYP 500 -13.9 -0.5000121309
BLYP 500 -13.75 -0.4999882677
BLYP 500 -13.6 -0.4999644185
BLYP 500 -13.45 -0.4999405834
BLYP 500 -13.3 -0.4999167624
BLYP 500 -13.15 -0.4998929553
BLYP 500 -13 -0.4998691624
BLYP 500 -12.85 -0.4998453834
BLYP 500 -12.7 -0.4998216184
BLYP 500 -12.55 -0.4997978675
BLYP 500 -12.4 -0.4997741305
BLYP 500 -12.25 -0.4997504075
BLYP 500 -12.1 -0.4997266984
BLYP 500 -11.95 -0.4997030033
BLYP 500 -11.8 -0.4996793221
BLYP 500 -11.65 -0.4996556548
BLYP 500 -11.5 -0.4996320015
BLYP 500 -11.35 -0.499608362
BLYP 500 -11.2 -0.4995847364
BLYP 500 -11.05 -0.4995611247
BLYP 500 -10.9 -0.4995375268
BLYP 500 -10.75 -0.4995139428
BLYP 500 -10.6 -0.4994903727
BLYP 500 -10.45 -0.4994668163
BLYP 500 -10.3 -0.4994432738
BLYP 500 -10.15 -0.499419745
BLYP 500 -10 -0.4993962301
BLYP 500 -9.85 -0.4993727289
BLYP 500 -9.7 -0.4993492415
BLYP 500 -9.55 -0.4993257679
BLYP 500 -9.4 -0.499302308
BLYP 500 -9.25 -0.4992788618
BLYP 500 -9.1 -0.4992554293
BLYP 500 -8.95 -0.4992320106
BLYP 500 -8.8 -0.4992086055
BLYP 500 -8.65 -0.4991852141
BLYP 500 -8.5 -0.4991618364
BLYP 500 -8.35 -0.4991384724
BLYP 500 -8.2 -0.4991151219
BLYP 500 -8.05 -0.4990917852
BLYP 500 -7.9 -0.499068462
BLYP 500 -7.75 -0.4990451525
BLYP 500 -7.6 -0.4990218566
BLYP 500 -7.45 -0.4989985742
BLYP 500 -7.3 -0.4989753055
BLYP 500 -7.15 -0.4989520503
BLYP 500 -7 -0.4989288086
BLYP 500 -6.85 -0.4989055805
BLYP 500 -6.7 -0.4988823659
BLYP 500 -6.55 -0.4988591649
BLYP 500 -6.4 -0.4988359773
BLYP 500 -6.25 -0.4988128033
BLYP 500 -6.1 -0.4987896427
BLYP 500 -5.95 -0.4987664957
BLYP 500 -5.8 -0.498743362
BLYP 500 -5.65 -0.4987202418
BLYP 500 -5.5 -0.4986971351
BLYP 500 -5.35 -0.4986740418
BLYP 500 -5.2 -0.4986509619
BLYP 500 -5.05 -0.4986278954
BLYP 500 -4.9 -0.4986048423
BLYP 500 -4.75 -0.4985818026
BLYP 500 -4.6 -0.4985587763
BLYP 500 -4.45 -0.4985357633
BLYP 500 -4.3 -0.4985127637
BLYP 500 -4.15 -0.4984897774
BLYP 500 -4 -0.4984668044
BLYP 500 -3.85 -0.4984438448
BLYP 500 -3.7 -0.4984208984
BLYP 500 -3.55 -0.4983979653
BLYP 500 -3.4 -0.4983750456
BLYP 500 -3.25 -0.498352139
BLYP 500 -3.1 -0.4983292458
BLYP 500 -2.95 -0.4983063658
BLYP 500 -2.8 -0.498283499
BLYP 500 -2.65 -0.4982606455
BLYP 500 -2.5 -0.4982378051
BLYP 500 -2.35 -0.498214978
BLYP 500 -2.2 -0.4981921641
BLYP 500 -2.05 -0.4981693633
BLYP 500 -1.9 -0.4981465757
BLYP 500 -1.75 -0.4981238013
BLYP 500 -1.6 -0.49810104
BLYP 500 -1.45 -0.4980782918
BLYP 500 -1.3 -0.4980555568
BLYP 500 -1.15 -0.4980328349
BLYP 500 -1 -0.4980101261
BLYP 500 -0.85 -0.4979874304
BLYP 500 -0.7 -0.4979647477
BLYP 500 -0.55 -0.4979420781
BLYP 500 -0.4 -0.4979194216
BLYP 500 -0.25 -0.4978967782
BLYP 500 -0.1 -0.4978741477
BLYP 500 0.05 -0.4978515303
BLYP 500 0.2 -0.4978289259
BLYP 500 0.35 -0.4978063345
BLYP 500 0.5 -0.4977837561
BLYP 500 0.65 -0.4977611907
BLYP 500 0.8 -0.4977386383
BLYP 500 0.95 -0.4977160988
BLYP 500 1.1 -0.4976935722
BLYP 500 1.25 -0.4976710586
BLYP 500 1.4 -0.497648558
BLYP 500 1.55 -0.4976260702
BLYP 500 1.7 -0.4976035953
BLYP 500 1.85 -0.4975811334
BLYP 500 2 -0.4975586843
BLYP 500 2.15 -0.4975362481
BLYP 500 2.3 -0.4975138248
BLYP 500 2.45 -0.4974914143
BLYP 500 2.6 -0.4974690166
BLYP 500 2.75 -0.4974466318
BLYP 500 2.9 -0.4974242598
BLYP 500 3.05 -0.4974019006
BLYP 500 3.2 -0.4973795542
BLYP 500 3.35 -0.4973572206
BLYP 500 3.5 -0.4973348998
BLYP 500 3.65 -0.4973125917
BLYP 500 3.8 -0.4972902964
BLYP 500 3.95 -0.4972680138
BLYP 500 4.1 -0.497245744
BLYP 500 4.25 -0.4972234869
BLYP 500 4.4 -0.4972012425
BLYP 500 4.55 -0.4971790108
BLYP 500 4.7 -0.4971567918
BLYP 500 4.85 -0.4971345854
BLYP 500 5 -0.4971123918
BLYP 500 5.15 -0.4970902108
BLYP 500 5.3 -0.4970680424
BLYP 500 5.45 -0.4970458867
BLYP 500 5.6 -0.4970237436
BLYP 500 5.75 -0.4970016132
BLYP 500 5.9 -0.4969794953
BLYP 500 6.05 -0.4969573901
BLYP 500 6.2 -0.4969352974
BLYP 500 6.35 -0.4969132173
BLYP 500 6.5 -0.4968911497
BLYP 500 6.65 -0.4968690948
BLYP 500 6.8 -0.4968470523
BLYP 500 6.95 -0.4968250224
BLYP 500 7.1 -0.496803005
BLYP 500 7.25 -0.4967810002
BLYP 500 7.4 -0.4967590078
BLYP 500 7.55 -0.4967370279
BLYP 500 7.7 -0.4967150605
BLYP 500 7.85 -0.4966931056
BLYP 500 8 -0.4966711632
BLYP 500 8.15 -0.4966492332
BLYP 500 8.3 -0.4966273156
BLYP 500 8.45 -0.4966054105
BLYP 500 8.6 -0.4965835177
BLYP 500 8.75 -0.4965616374
BLYP 500 8.9 -0.4965397695
BLYP 500 9.05 -0.496517914
BLYP 500 9.2 -0.4964960709
BLYP 500 9.35 -0.4964742401
BLYP 500 9.5 -0.4964524217
BLYP 500 9.65 -0.4964306156
BLYP 500 9.8 -0.4964088219
BLYP 500 9.95 -0.4963870405
BLYP 500 10.1 -0.4963652714
BLYP 500 10.25 -0.4963435146
BLYP 500 10.4 -0.4963217701
BLYP 500 10.55 -0.496300038
BLYP 500 10.7 -0.496278318
BLYP 500 10.85 -0.4962566104
BLYP 500 11 -0.496234915
BLYP 500 11.15 -0.4962132319
BLYP 500 11.3 -0.496191561
BLYP 500 11.45 -0.4961699023
BLYP 500 11.6 -0.4961482558
BLYP 500 11.75 -0.4961266216
BLYP 500 11.9 -0.4961049995
BLYP 500 12.05 -0.4960833896
BLYP 500 12.2 -0.4960617919
BLYP 500 12.35 -0.4960402064
BLYP 500 12.5 -0.496018633
BLYP 500 12.65 -0.4959970718
BLYP 500 12.8 -0.4959755227
BLYP 500 12.95 -0.4959539858
BLYP 500 13.1 -0.4959324609
BLYP 500 13.25 -0.4959109482
BLYP 500 13.4 -0.4958894475
BLYP 500 13.55 -0.495867959
BLYP 500 13.7 -0.4958464825
BLYP 500 13.85 -0.4958250181
BLYP 500 14 -0.4958035657
BLYP 500 14.15 -0.4957821254
BLYP 500 14.3 -0.4957606972
BLYP 500 14.45 -0.4957392809
BLYP 500 14.6 -0.4957178767
BLYP 500 14.75 -0.4956964845
BLYP 500 14.9 -0.4956751043
BLYP 500 15.05 -0.495653736
BLYP 500 15.2 -0.4956323798
BLYP 500 15.35 -0.4956110355
BLYP 500 15.5 -0.4955897032
BLYP 500 15.65 -0.4955683828
BLYP 500 15.8 -0.4955470744
BLYP 500 15.95 -0.4955257779
BLYP 500 16.1 -0.4955044933
BLYP 500 16.25 -0.4954832206
BLYP 500 16.4 -0.4954619598
BLYP 500 16.55 -0.495440711
BLYP 500 16.7 -0.495419474
BLYP 500 16.85 -0.4953982488
BLYP 500 17 -0.4953770356
BLYP 500 17.15 -0.4953558341
BLYP 500 17.3 -0.4953346446
BLYP 500 17.45 -0.4953134668
BLYP 500 17.6 -0.4952923009
BLYP 500 17.75 -0.4952711468
BLYP 500 17.9 -0.4952500045
BLYP 500 18.05 -0.495228874
BLYP 500 18.2 -0.4952077553
BLYP 500 18.35 -0.4951866484
BLYP 500 18.5 -0.4951655532
BLYP 500 18.65 -0.4951444698
BLYP 500 18.8 -0.4951233981
BLYP 500 18.95 -0.4951023382
BLYP 500 19.1 -0.49508129
BLYP 500 19.25 -0.4950602535
BLYP 500 19.4 -0.4950392287
BLYP 500 19.55 -0.4950182156
BLYP 500 19.7 -0.4949972142
BLYP 500 19.85 -0.4949762245
BLYP 500 20 -0.4949552465
BLYP 500 20.15 -0.4949342801
BLYP 500 20.3 -0.4949133254
BLYP 500 20.45 -0.4948923823
BLYP 500 20.6 -0.4948714508
BLYP 500 20.75 -0.494850531
BLYP 500 20.9 -0.4948296228
BLYP 500 21.05 -0.4948087262
BLYP 500 21.2 -0.4947878412
BLYP 500 21.35 -0.4947669678
BLYP 500 21.5 -0.4947461059
BLYP 500 21.65 -0.4947252556
BLYP 500 21.8 -0.4947044169
BLYP 500 21.95 -0.4946835898
BLYP 500 22.1 -0.4946627741
BLYP 500 22.25 -0.49464197
BLYP 500 22.4 -0.4946211774
BLYP 500 22.55 -0.4946003964
BLYP 500 22.7 -0.4945796268
BLYP 500 22.85 -0.4945588687
BLYP 500 23 -0.4945381222
BLYP 500 23.15 -0.494517387
BLYP 500 23.3 -0.4944966634
BLYP 500 23.45 -0.4944759512
BLYP 500 23.6 -0.4944552505
BLYP 500 23.75 -0.4944345612
BLYP 500 23.9 -0.4944138833
BLYP 500 24.05 -0.4943932168
BLYP 500 24.2 -0.4943725618
BLYP 500 24.35 -0.4943519181
BLYP 500 24.5 -0.4943312859
BLYP 500 24.65 -0.494310665
BLYP 500 24.8 -0.4942900555
BLYP 500 24.95 -0.4942694574
BLYP 500 25.1 -0.4942488706
BLYP 500 25.25 -0.4942282952
BLYP 500 25.4 -0.4942077311
BLYP 500 25.55 -0.4941871784
BLYP 500 25.7 -0.4941666369
BLYP 500 25.85 -0.4941461068
BLYP 500 26 -0.494125588
BLYP 500 26.15 -0.4941050804
BLYP 500 26.3 -0.4940845842
BLYP 500 26.45 -0.4940640992
BLYP 500 26.6 -0.4940436255
BLYP 500 26.75 -0.494023163
BLYP 500 26.9 -0.4940027118
BLYP 500 27.05 -0.4939822719
BLYP 500 27.2 -0.4939618431
BLYP 500 27.35 -0.4939414256
BLYP 500 27.5 -0.4939210193
BLYP 500 27.65 -0.4939006242
BLYP 500 27.8 -0.4938802403
BLYP 500 27.95 -0.4938598675
BLYP 500 28.1 -0.493839506
BLYP 500 28.25 -0.4938191556
BLYP 500 28.4 -0.4937988164
BLYP 500 28.55 -0.4937784883
BLYP 500 28.7 -0.4937581714
BLYP 500 28.85 -0.4937378656
BLYP 500 29 -0.4937175709
BLYP 500 29.15 -0.4936972873
BLYP 500 29.3 -0.4936770149
BLYP 500 29.45 -0.4936567535
BLYP 500 29.6 -0.4936365032
BLYP 500 29.75 -0.493616264
BLYP 500 29.9 -0.4935960359
BLYP 500 30.05 -0.4935758188
BLYP 500 30.2 -0.4935556128
BLYP 500 30.35 -0.4935354178
BLYP 500 30.5 -0.4935152339
BLYP 500 30.65 -0.493495061
BLYP 500 30.8 -0.4934748991
BLYP 500 30.95 -0.4934547482
BLYP 500 31.1 -0.4934346083
BLYP 500 31.25 -0.4934144794
BLYP 500 31.4 -0.4933943615
BLYP 500 31.55 -0.4933742545
BLYP 500 31.7 -0.4933541586
BLYP 500 31.85 -0.4933340735
BLYP 500 32 -0.4933139995
BLYP 500 32.15 -0.4932939363
BLYP 500 32.3 -0.4932738841
BLYP 500 32.45 -0.4932538429
BLYP 500 32.6 -0.4932338125
BLYP 500 32.75 -0.493213793
BLYP 500 32.9 -0.4931937845
BLYP 500 33.05 -0.4931737868
BLYP 500 33.2 -0.4931538
BLYP 500 33.35 -0.4931338241
BLYP 500 33.5 -0.493113859
BLYP 500 33.65 -0.4930939048
BLYP 500 33.8 -0.4930739614
BLYP 500 33.95 -0.4930540289
BLYP 500 34.1 -0.4930341072
BLYP 500 34.25 -0.4930141963
BLYP 500 34.4 -0.4929942962
BLYP 500 34.55 -0.4929744069
BLYP 500 34.7 -0.4929545284
BLYP 500 34.85 -0.4929346607
BLYP 500 35 -0.4929148038
BLYP 500 35.15 -0.4928949577
BLYP 500 35.3 -0.4928751223
BLYP 500 35.45 -0.4928552976
BLYP 500 35.6 -0.4928354837
BLYP 500 35.75 -0.4928156806
BLYP 500 35.9 -0.4927958881
BLYP 500 36.05 -0.4927761064
BLYP 500 36.2 -0.4927563354
BLYP 500 36.35 -0.4927365751
BLYP 500 36.5 -0.4927168254
BLYP 500 36.65 -0.4926970865
BLYP 500 36.8 -0.4926773582
BLYP 500 36.95 -0.4926576406
BLYP 500 37.1 -0.4926379337
BLYP 500 37.25 -0.4926182374
BLYP 500 37.4 -0.4925985518
BLYP 500 37.55 -0.4925788768
BLYP 500 37.7 -0.4925592124
BLYP 500 37.85 -0.4925395586
BLYP 500 38 -0.4925199155
BLYP 500 38.15 -0.4925002829
BLYP 500 38.3 -0.4924806609
BLYP 500 38.45 -0.4924610496
BLYP 500 38.6 -0.4924414488
BLYP 500 38.75 -0.4924218585
BLYP 500 38.9 -0.4924022788
BLYP 500 39.05 -0.4923827097
BLYP 500 39.2 -0.4923631511
BLYP 500 39.35 -0.4923436031
BLYP 500 39.5 -0.4923240655
BLYP 500 39.65 -0.4923045385
BLYP 500 39.8 -0.492285022
BLYP 500 39.95 -0.492265516
BLYP 500 40.1 -0.4922460205
BLYP 500 40.25 -0.4922265355
BLYP 500 40.4 -0.492207061
BLYP 500 40.55 -0.4921875969
BLYP 500 40.7 -0.4921681433
BLYP 500 40.85 -0.4921487002
BLYP 500 41 -0.4921292675
BLYP 500 41.15 -0.4921098452
BLYP 500 41.3 -0.4920904333
BLYP 500 41.45 -0.4920710319
BLYP 500 41.6 -0.4920516409
BLYP 500 41.75 -0.4920322603
BLYP 500 41.9 -0.4920128901
BLYP 500 42.05 -0.4919935303
BLYP 500 42.2 -0.4919741808
BLYP 500 42.35 -0.4919548417
BLYP 500 42.5 -0.491935513
BLYP 500 42.65 -0.4919161947
BLYP 500 42.8 -0.4918968867
BLYP 500 42.95 -0.491877589
BLYP 500 43.1 -0.4918583017
BLYP 500 43.25 -0.4918390247
BLYP 500 43.4 -0.491819758
BLYP 500 43.55 -0.4918005016
BLYP 500 43.7 -0.4917812555
BLYP 500 43.85 -0.4917620197
BLYP 500 44 -0.4917427942
BLYP 500 44.15 -0.491723579
BLYP 500 44.3 -0.491704374
BLYP 500 44.45 -0.4916851793
BLYP 500 44.6 -0.4916659948
BLYP 500 44.75 -0.4916468206
BLYP 500 44.9 -0.4916276567
BLYP 500 45.05 -0.4916085029
BLYP 500 45.2 -0.4915893594
BLYP 500 45.35 -0.4915702261
BLYP 500 45.5 -0.491551103
BLYP 500 45.65 -0.4915319901
BLYP 500 45.8 -0.4915128874
BLYP 500 45.95 -0.4914937948
BLYP 500 46.1 -0.4914747125
BLYP 500 46.25 -0.4914556403
BLYP 500 46.4 -0.4914365782
BLYP 500 46.55 -0.4914175263
BLYP 500 46.7 -0.4913984846
BLYP 500 46.85 -0.491379453
BLYP 500 47 -0.4913604315
BLYP 500 47.15 -0.4913414201
BLYP 500 47.3 -0.4913224189
BLYP 500 47.45 -0.4913034277
BLYP 500 47.6 -0.4912844466
BLYP 500 47.75 -0.4912654757
BLYP 500 47.9 -0.4912465148
BLYP 500 48.05 -0.491227564
BLYP 500 48.2 -0.4912086232
BLYP 500 48.35 -0.4911896925
BLYP 500 48.5 -0.4911707719
BLYP 500 48.65 -0.4911518612
BLYP 500 48.8 -0.4911329607
BLYP 500 48.95 -0.4911140701
BLYP 500 49.1 -0.4910951896
BLYP 500 49.25 -0.4910763191
BLYP 500 49.4 -0.4910574586
BLYP 500 49.55 -0.491038608
BLYP 500 49.7 -0.4910197675
BLYP 500 49.85 -0.4910009369
BLYP 500 50 -0.4909821164
BLYP 500 50.15 -0.4909633057
BLYP 500 50.3 -0.4909445051
BLYP 500 50.45 -0.4909257144
BLYP 500 50.6 -0.4909069336
BLYP 500 50.75 -0.4908881628
BLYP 500 50.9 -0.4908694019
BLYP 500 51.05 -0.4908506509
BLYP 500 51.2 -0.4908319098
BLYP 500 51.35 -0.4908131786
BLYP 500 51.5 -0.4907944574
BLYP 500 51.65 -0.490775746
BLYP 500 51.8 -0.4907570445
BLYP 500 51.95 -0.4907383528
BLYP 500 52.1 -0.4907196711
BLYP 500 52.25 -0.4907009991
BLYP 500 52.4 -0.4906823371
BLYP 500 52.55 -0.4906636849
BLYP 500 52.7 -0.4906450425
BLYP 500 52.85 -0.4906264099
BLYP 500 53 -0.4906077872
BLYP 500 53.15 -0.4905891743
BLYP 500 53.3 -0.4905705712
BLYP 500 53.45 -0.4905519779
BLYP 500 53.6 -0.4905333944
BLYP 500 53.75 -0.4905148206
BLYP 500 53.9 -0.4904962567
BLYP 500 54.05 -0.4904777025
BLYP 500 54.2 -0.490459158
BLYP 500 54.35 -0.4904406234
BLYP 500 54.5 -0.4904220984
BLYP 500 54.65 -0.4904035832
BLYP 500 54.8 -0.4903850778
BLYP 500 54.95 -0.490366582
BLYP 500 55.1 -0.490348096
BLYP 500 55.25 -0.4903296197
BLYP 500 55.4 -0.4903111531
BLYP 500 55.55 -0.4902926962
BLYP 500 55.7 -0.490274249
BLYP 500 55.85 -0.4902558114
BLYP 500 56 -0.4902373836
BLYP 500 56.15 -0.4902189653
BLYP 500 56.3 -0.4902005568
BLYP 500 56.45 -0.4901821579
BLYP 500 56.6 -0.4901637686
BLYP 500 56.75 -0.490145389
BLYP 500 56.9 -0.490127019
BLYP 500 57.05 -0.4901086587
BLYP 500 57.2 -0.4900903079
BLYP 500 57.35 -0.4900719668
BLYP 500 57.5 -0.4900536352
BLYP 500 57.65 -0.4900353132
BLYP 500 57.8 -0.4900170009
BLYP 500 57.95 -0.4899986981
BLYP 500 58.1 -0.4899804049
BLYP 500 58.25 -0.4899621212
BLYP 500 58.4 -0.4899438471
BLYP 500 58.55 -0.4899255825
BLYP 500 58.7 -0.4899073275
BLYP 500 58.85 -0.489889082
BLYP 500 59 -0.4898708461
BLYP 500 59.15 -0.4898526196
BLYP 500 59.3 -0.4898344027
BLYP 500 59.45 -0.4898161953
BLYP 500 59.6 -0.4897979974
BLYP 500 59.75 -0.489779809
BLYP 500 59.9 -0.48976163
BLYP 500 60.05 -0.4897434605
BLYP 500 60.2 -0.4897253005
BLYP 500 60.35 -0.48970715
BLYP 500 60.5 -0.4896890089
BLYP 500 60.65 -0.4896708773
BLYP 500 60.8 -0.4896527551
BLYP 500 60.95 -0.4896346423
BLYP 500 61.1 -0.489616539
BLYP 500 61.25 -0.4895984451
BLYP 500 61.4 -0.4895803606
BLYP 500 61.55 -0.4895622855
BLYP 500 61.7 -0.4895442198
BLYP 500 61.85 -0.4895261635
BLYP 500 62 -0.4895081166
BLYP 500 62.15 -0.489490079
BLYP 500 62.3 -0.4894720508
BLYP 500 62.45 -0.489454032
BLYP 500 62.6 -0.4894360226
BLYP 500 62.75 -0.4894180224
BLYP 500 62.9 -0.4894000317
BLYP 500 63.05 -0.4893820502
BLYP 500 63.2 -0.4893640781
BLYP 500 63.35 -0.4893461153
BLYP 500 63.5 -0.4893281619
BLYP 500 63.65 -0.4893102177
BLYP 500 63.8 -0.4892922828
BLYP 500 63.95 -0.4892743572
BLYP 500 64.1 -0.4892564409
BLYP 500 64.25 -0.4892385339
BLYP 500 64.4 -0.4892206362
BLYP 500 64.55 -0.4892027477
BLYP 500 64.7 -0.4891848685
BLYP 500 64.85 -0.4891669985
BLYP 500 65 -0.4891491378
BLYP 500 65.15 -0.4891312863
BLYP 500 65.3 -0.489113444
BLYP 500 65.45 -0.489095611
BLYP 500 65.6 -0.4890777871
BLYP 500 65.75 -0.4890599725
BLYP 500 65.9 -0.4890421671
BLYP 500 66.05 -0.4890243709
BLYP 500 66.2 -0.4890065838
BLYP 500 66.35 -0.488988806
BLYP 500 66.5 -0.4889710373
BLYP 500 66.65 -0.4889532777
BLYP 500 66.8 -0.4889355274
BLYP 500 66.95 -0.4889177862
BLYP 500 67.1 -0.4889000541
BLYP 500 67.25 -0.4888823312
BLYP 500 67.4 -0.4888646174
BLYP 500 67.55 -0.4888469127
BLYP 500 67.7 -0.4888292172
BLYP 500 67.85 -0.4888115307
BLYP 500 68 -0.4887938534
BLYP 500 68.15 -0.4887761852
BLYP 500 68.3 -0.488758526
BLYP 500 68.45 -0.488740876
BLYP 500 68.6 -0.488723235
BLYP 500 68.75 -0.4887056031
BLYP 500 68.9 -0.4886879802
BLYP 500 69.05 -0.4886703664
BLYP 500 69.2 -0.4886527617
BLYP 500 69.35 -0.488635166
BLYP 500 69.5 -0.4886175793
BLYP 500 69.65 -0.4886000017
BLYP 500 69.8 -0.4885824331
BLYP 500 69.95 -0.4885648735
BLYP 500 70.1 -0.4885473229
BLYP 500 70.25 -0.4885297813
BLYP 500 70.4 -0.4885122487
BLYP 500 70.55 -0.4884947251
BLYP 500 70.7 -0.4884772104
BLYP 500 70.85 -0.4884597048
BLYP 500 71 -0.4884422081
BLYP 500 71.15 -0.4884247204
BLYP 500 71.3 -0.4884072416
BLYP 500 71.45 -0.4883897718
BLYP 500 71.6 -0.4883723109
BLYP 500 71.75 -0.488354859
BLYP 500 71.9 -0.4883374159
BLYP 500 72.05 -0.4883199818
BLYP 500 72.2 -0.4883025567
BLYP 500 72.35 -0.4882851404
BLYP 500 72.5 -0.488267733
BLYP 500 72.65 -0.4882503345
BLYP 500 72.8 -0.4882329449
BLYP 500 72.95 -0.4882155642
BLYP 500 73.1 -0.4881981924
BLYP 500 73.25 -0.4881808294
BLYP 500 73.4 -0.4881634753
BLYP 500 73.55 -0.48814613
BLYP 500 73.7 -0.4881287936
BLYP 500 73.85 -0.488111466
BLYP 500 74 -0.4880941473
BLYP 500 74.15 -0.4880768373
BLYP 500 74.3 -0.4880595362
BLYP 500 74.45 -0.488042244
BLYP 500 74.6 -0.4880249605
BLYP 500 74.75 -0.4880076858
BLYP 500 74.9 -0.4879904199
BLYP 500 75.05 -0.4879731628
BLYP 500 75.2 -0.4879559145
BLYP 500 75.35 -0.487938675
BLYP 500 75.5 -0.4879214442
BLYP 500 75.65 -0.4879042222
BLYP 500 75.8 -0.4878870089
BLYP 500 75.95 -0.4878698044
BLYP 500 76.1 -0.4878526086
BLYP 500 76.25 -0.4878354216
BLYP 500 76.4 -0.4878182432
BLYP 500 76.55 -0.4878010736
BLYP 500 76.7 -0.4877839128
BLYP 500 76.85 -0.4877667606
BLYP 500 77 -0.4877496171
BLYP 500 77.15 -0.4877324823
BLYP 500 77.3 -0.4877153562
BLYP 500 77.45 -0.4876982388
BLYP 500 77.6 -0.4876811301
BLYP 500 77.75 -0.48766403
BLYP 500 77.9 -0.4876469386
BLYP 500 78.05 -0.4876298559
BLYP 500 78.2 -0.4876127818
BLYP 500 78.35 -0.4875957163
BLYP 500 78.5 -0.4875786595
BLYP 500 78.65 -0.4875616113
BLYP 500 78.8 -0.4875445717
BLYP 500 78.95 -0.4875275407
BLYP 500 79.1 -0.4875105184
BLYP 500 79.25 -0.4874935046
BLYP 500 79.4 -0.4874764995
BLYP 500 79.55 -0.4874595029
BLYP 500 79.7 -0.4874425149
BLYP 500 79.85 -0.4874255355
BLYP 500 80 -0.4874085647
BLYP 500 80.15 -0.4873916024
BLYP 500 80.3 -0.4873746487
BLYP 500 80.45 -0.4873577035
BLYP 500 80.6 -0.4873407669
BLYP 500 80.75 -0.4873238388
BLYP 500 80.9 -0.4873069193
BLYP 500 81.05 -0.4872900083
BLYP 500 81.2 -0.4872731058
BLYP 500 81.35 -0.4872562118
BLYP 500 81.5 -0.4872393263
BLYP 500 81.65 -0.4872224493
BLYP 500 81.8 -0.4872055808
BLYP 500 81.95 -0.4871887208
BLYP 500 82.1 -0.4871718692
BLYP 500 82.25 -0.4871550262
BLYP 500 82.4 -0.4871381916
BLYP 500 82.55 -0.4871213655
BLYP 500 82.7 -0.4871045478
BLYP 500 82.85 -0.4870877386
BLYP 500 83 -0.4870709378
BLYP 500 83.15 -0.4870541454
BLYP 500 83.3 -0.4870373615
BLYP 500 83.45 -0.487020586
BLYP 500 83.6 -0.4870038189
BLYP 500 83.75 -0.4869870602
BLYP 500 83.9 -0.48697031
BLYP 500 84.05 -0.4869535681
BLYP 500 84.2 -0.4869368346
BLYP 500 84.35 -0.4869201095
BLYP 500 84.5 -0.4869033928
BLYP 500 84.65 -0.4868866844
BLYP 500 84.8 -0.4868699845
BLYP 500 84.95 -0.4868532928
BLYP 500 85.1 -0.4868366096
BLYP 500 85.25 -0.4868199346
BLYP 500 85.4 -0.486803268
BLYP 500 85.55 -0.4867866098
BLYP 500 85.7 -0.4867699599
BLYP 500 85.85 -0.4867533183
BLYP 500 86 -0.486736685
BLYP 500 86.15 -0.48672006
BLYP 500 86.3 -0.4867034433
BLYP 500 86.45 -0.4866868349
BLYP 500 86.6 -0.4866702348
BLYP 500 86.75 -0.486653643
BLYP 500 86.9 -0.4866370595
BLYP 500 87.05 -0.4866204842
BLYP 500 87.2 -0.4866039173
BLYP 500 87.35 -0.4865873585
BLYP 500 87.5 -0.486570808
BLYP 500 87.65 -0.4865542658
BLYP 500 87.8 -0.4865377318
BLYP 500 87.95 -0.486521206
BLYP 500 88.1 -0.4865046885
BLYP 500 88.25 -0.4864881792
BLYP 500 88.4 -0.4864716781
BLYP 500 88.55 -0.4864551852
BLYP 500 88.7 -0.4864387005
BLYP 500 88.85 -0.486422224
BLYP 500 89 -0.4864057557
BLYP 500 89.15 -0.4863892956
BLYP 500 89.3 -0.4863728436
BLYP 500 89.45 -0.4863563999
BLYP 500 89.6 -0.4863399643
BLYP 500 89.75 -0.4863235368
BLYP 500 89.9 -0.4863071175
BLYP 500 90.05 -0.4862907064
BLYP 500 90.2 -0.4862743034
BLYP 500 90.35 -0.4862579085
BLYP 500 90.5 -0.4862415218
BLYP 500 90.65 -0.4862251431
BLYP 500 90.8 -0.4862087726
BLYP 500 90.95 -0.4861924103
BLYP 500 91.1 -0.486176056
BLYP 500 91.25 -0.4861597098
BLYP 500 91.4 -0.4861433717
BLYP 500 91.55 -0.4861270417
BLYP 500 91.7 -0.4861107197
BLYP 500 91.85 -0.4860944059
BLYP 500 92 -0.4860781001
BLYP 500 92.15 -0.4860618024
BLYP 500 92.3 -0.4860455127
BLYP 500 92.45 -0.4860292311
BLYP 500 92.6 -0.4860129575
BLYP 500 92.75 -0.4859966919
BLYP 500 92.9 -0.4859804344
BLYP 500 93.05 -0.485964185
BLYP 500 93.2 -0.4859479435
BLYP 500 93.35 -0.48593171
BLYP 500 93.5 -0.4859154846
BLYP 500 93.65 -0.4858992671
BLYP 500 93.8 -0.4858830577
BLYP 500 93.95 -0.4858668562
BLYP 500 94.1 -0.4858506627
BLYP 500 94.25 -0.4858344772
BLYP 500 94.4 -0.4858182997
BLYP 500 94.55 -0.4858021302
BLYP 500 94.7 -0.4857859685
BLYP 500 94.85 -0.4857698149
BLYP 500 95 -0.4857536692
BLYP 500 95.15 -0.4857375314
BLYP 500 95.3 -0.4857214016
BLYP 500 95.45 -0.4857052797
BLYP 500 95.6 -0.4856891657
BLYP 500 95.75 -0.4856730596
BLYP 500 95.9 -0.4856569615
BLYP 500 96.05 -0.4856408713
BLYP 500 96.2 -0.4856247889
BLYP 500 96.35 -0.4856087145
BLYP 500 96.5 -0.4855926479
BLYP 500 96.65 -0.4855765892
BLYP 500 96.8 -0.4855605384
BLYP 500 96.95 -0.4855444955
BLYP 500 97.1 -0.4855284604
BLYP 500 97.25 -0.4855124332
BLYP 500 97.4 -0.4854964138
BLYP 500 97.55 -0.4854804023
BLYP 500 97.7 -0.4854643986
BLYP 500 97.85 -0.4854484028
BLYP 500 98 -0.4854324148
BLYP 500 98.15 -0.4854164346
BLYP 500 98.3 -0.4854004622
BLYP 500 98.45 -0.4853844976
BLYP 500 98.6 -0.4853685409
BLYP 500 98.75 -0.4853525919
BLYP 500 98.9 -0.4853366508
BLYP 500 99.05 -0.4853207174
BLYP 500 99.2 -0.4853047918
BLYP 500 99.35 -0.485288874
BLYP 500 99.5 -0.4852729639
BLYP 500 99.65 -0.4852570616
BLYP 500 99.8 -0.4852411671
BLYP 500 99.95 -0.4852252803
BLYP 500 100.1 -0.4852094013
BLYP 500 100.25 -0.48519353
BLYP 500 100.4 -0.4851776664
BLYP 500 100.55 -0.4851618106
BLYP 500 100.7 -0.4851459625
BLYP 500 100.85 -0.4851301221
BLYP 500 101 -0.4851142895
BLYP 500 101.15 -0.4850984645
BLYP 500 101.3 -0.4850826472
BLYP 500 101.45 -0.4850668377
BLYP 500 101.6 -0.4850510358
BLYP 500 101.75 -0.4850352416
BLYP 500 101.9 -0.4850194551
BLYP 500 102.05 -0.4850036762
BLYP 500 102.2 -0.484987905
BLYP 500 102.35 -0.4849721415
BLYP 500 102.5 -0.4849563856
BLYP 500 102.65 -0.4849406374
BLYP 500 102.8 -0.4849248968
BLYP 500 102.95 -0.4849091639
BLYP 500 103.1 -0.4848934386
BLYP 500 103.25 -0.4848777209
BLYP 500 103.4 -0.4848620109
BLYP 500 103.55 -0.4848463084
BLYP 500 103.7 -0.4848306136
BLYP 500 103.85 -0.4848149263
BLYP 500 104 -0.4847992467
BLYP 500 104.15 -0.4847835747
BLYP 500 104.3 -0.4847679102
BLYP 500 104.45 -0.4847522533
BLYP 500 104.6 -0.484736604
BLYP 500 104.75 -0.4847209623
BLYP 500 104.9 -0.4847053281
BLYP 500 105.05 -0.4846897015
BLYP 500 105.2 -0.4846740824
BLYP 500 105.35 -0.4846584709
BLYP 500 105.5 -0.484642867
BLYP 500 105.65 -0.4846272705
BLYP 500 105.8 -0.4846116816
BLYP 500 105.95 -0.4845961002
BLYP 500 106.1 -0.4845805264
BLYP 500 106.25 -0.48456496
BLYP 500 106.4 -0.4845494012
BLYP 500 106.55 -0.4845338498
BLYP 500 106.7 -0.484518306
BLYP 500 106.85 -0.4845027696
BLYP 500 107 -0.4844872407
BLYP 500 107.15 -0.4844717194
BLYP 500 107.3 -0.4844562054
BLYP 500 107.45 -0.484440699
BLYP 500 107.6 -0.4844252
BLYP 500 107.75 -0.4844097085
BLYP 500 107.9 -0.4843942244
BLYP 500 108.05 -0.4843787478
BLYP 500 108.2 -0.4843632786
BLYP 500 108.35 -0.4843478168
BLYP 500 108.5 -0.4843323625
BLYP 500 108.65 -0.4843169156
BLYP 500 108.8 -0.4843014761
BLYP 500 108.95 -0.484286044
BLYP 500 109.1 -0.4842706194
BLYP 500 109.25 -0.4842552021
BLYP 500 109.4 -0.4842397922
BLYP 500 109.55 -0.4842243898
BLYP 500 109.7 -0.4842089947
BLYP 500 109.85 -0.484193607
BLYP 500 110 -0.4841782266
BLYP 500 110.15 -0.4841628537
BLYP 500 110.3 -0.4841474881
BLYP 500 110.45 -0.4841321298
BLYP 500 110.6 -0.4841167789
BLYP 500 110.75 -0.4841014354
BLYP 500 110.9 -0.4840860992
BLYP 500 111.05 -0.4840707703
BLYP 500 111.2 -0.4840554488
BLYP 500 111.35 -0.4840401346
BLYP 500 111.5 -0.4840248277
BLYP 500 111.65 -0.4840095281
BLYP 500 111.8 -0.4839942358
BLYP 500 111.95 -0.4839789509
BLYP 500 112.1 -0.4839636732
BLYP 500 112.25 -0.4839484029
BLYP 500 112.4 -0.4839331398
BLYP 500 112.55 -0.483917884
BLYP 500 112.7 -0.4839026355
BLYP 500 112.85 -0.4838873942
BLYP 500 113 -0.4838721602
BLYP 500 113.15 -0.4838569335
BLYP 500 113.3 -0.483841714
BLYP 500 113.45 -0.4838265018
BLYP 500 113.6 -0.4838112968
BLYP 500 113.75 -0.4837960991
BLYP 500 113.9 -0.4837809086
BLYP 500 114.05 -0.4837657253
BLYP 500 114.2 -0.4837505493
BLYP 500 114.35 -0.4837353804
BLYP 500 114.5 -0.4837202188
BLYP 500 114.65 -0.4837050644
BLYP 500 114.8 -0.4836899172
BLYP 500 114.95 -0.4836747772
BLYP 500 115.1 -0.4836596444
BLYP 500 115.25 -0.4836445187
BLYP 500 115.4 -0.4836294003
BLYP 500 115.55 -0.483614289
BLYP 500 115.7 -0.4835991849
BLYP 500 115.85 -0.4835840879
BLYP 500 116 -0.4835689982
BLYP 500 116.15 -0.4835539155
BLYP 500 116.3 -0.48353884
BLYP 500 116.45 -0.4835237717
BLYP 500 116.6 -0.4835087105
BLYP 500 116.75 -0.4834936564
BLYP 500 116.9 -0.4834786095
BLYP 500 117.05 -0.4834635697
BLYP 500 117.2 -0.483448537
BLYP 500 117.35 -0.4834335114
BLYP 500 117.5 -0.4834184929
BLYP 500 117.65 -0.4834034815
BLYP 500 117.8 -0.4833884773
BLYP 500 117.95 -0.4833734801
BLYP 500 118.1 -0.48335849
BLYP 500 118.25 -0.4833435069
BLYP 500 118.4 -0.483328531
BLYP 500 118.55 -0.4833135621
BLYP 500 118.7 -0.4832986003
BLYP 500 118.85 -0.4832836456
BLYP 500 119 -0.4832686979
BLYP 500 119.15 -0.4832537572
BLYP 500 119.3 -0.4832388236
BLYP 500 119.45 -0.4832238971
BLYP 500 119.6 -0.4832089775
BLYP 500 119.75 -0.483194065
BLYP 500 119.9 -0.4831791596
BLYP 500 120.05 -0.4831642611
BLYP 500 120.2 -0.4831493697
BLYP 500 120.35 -0.4831344852
BLYP 500 120.5 -0.4831196078
BLYP 500 120.65 -0.4831047374
BLYP 500 120.8 -0.4830898739
BLYP 500 120.95 -0.4830750175
BLYP 500 121.1 -0.483060168
BLYP 500 121.25 -0.4830453255
BLYP 500 121.4 -0.48303049
BLYP 500 121.55 -0.4830156615
BLYP 500 121.7 -0.4830008399
BLYP 500 121.85 -0.4829860252
BLYP 500 122 -0.4829712176
BLYP 500 122.15 -0.4829564168
BLYP 500 122.3 -0.4829416231
BLYP 500 122.45 -0.4829268362
BLYP 500 122.6 -0.4829120563
BLYP 500 122.75 -0.4828972833
BLYP 500 122.9 -0.4828825172
BLYP 500 123.05 -0.4828677581
BLYP 500 123.2 -0.4828530058
BLYP 500 123.35 -0.4828382605
BLYP 500 123.5 -0.4828235221
BLYP 500 123.65 -0.4828087905
BLYP 500 123.8 -0.4827940659
BLYP 500 123.95 -0.4827793481
BLYP 500 124.1 -0.4827646373
BLYP 500 124.25 -0.4827499333
BLYP 500 124.4 -0.4827352361
BLYP 500 124.55 -0.4827205459
BLYP 500 124.7 -0.4827058625
BLYP 500 124.85 -0.4826911859
BLYP 500 125 -0.4826765162
BLYP 500 125.15 -0.4826618534
BLYP 500 125.3 -0.4826471974
BLYP 500 125.45 -0.4826325482
BLYP 500 125.6 -0.4826179059
BLYP 500 125.75 -0.4826032704
BLYP 500 125.9 -0.4825886417
BLYP 500 126.05 -0.4825740198
BLYP 500 126.2 -0.4825594048
BLYP 500 126.35 -0.4825447965
BLYP 500 126.5 -0.4825301951
BLYP 500 126.65 -0.4825156004
BLYP 500 126.8 -0.4825010126
BLYP 500 126.95 -0.4824864315
BLYP 500 127.1 -0.4824718572
BLYP 500 127.25 -0.4824572897
BLYP 500 127.4 -0.4824427289
BLYP 500 127.55 -0.482428175
BLYP 500 127.7 -0.4824136278
BLYP 500 127.85 -0.4823990873
BLYP 500 128 -0.4823845536
BLYP 500 128.15 -0.4823700266
BLYP 500 128.3 -0.4823555064
BLYP 500 128.45 -0.482340993
BLYP 500 128.6 -0.4823264862
BLYP 500 128.75 -0.4823119862
BLYP 500 128.9 -0.4822974929
BLYP 500 129.05 -0.4822830064
BLYP 500 129.2 -0.4822685265
BLYP 500 129.35 -0.4822540534
BLYP 500 129.5 -0.4822395869
BLYP 500 129.65 -0.4822251272
BLYP 500 129.8 -0.4822106741
BLYP 500 129.95 -0.4821962278
BLYP 500 130.1 -0.4821817881
BLYP 500 130.25 -0.4821673551
BLYP 500 130.4 -0.4821529288
BLYP 500 130.55 -0.4821385091
BLYP 500 130.7 -0.4821240961
BLYP 500 130.85 -0.4821096898
BLYP 500 131 -0.4820952901
BLYP 500 131.15 -0.4820808971
BLYP 500 131.3 -0.4820665107
BLYP 500 131.45 -0.482052131
BLYP 500 131.6 -0.4820377579
BLYP 500 131.75 -0.4820233915
BLYP 500 131.9 -0.4820090316
BLYP 500 132.05 -0.4819946784
BLYP 500 132.2 -0.4819803318
BLYP 500 132.35 -0.4819659918
BLYP 500 132.5 -0.4819516585
BLYP 500 132.65 -0.4819373317
BLYP 500 132.8 -0.4819230115
BLYP 500 132.95 -0.4819086979
BLYP 500 133.1 -0.4818943909
BLYP 500 133.25 -0.4818800905
BLYP 500 133.4 -0.4818657967
BLYP 500 133.55 -0.4818515094
BLYP 500 133.7 -0.4818372287
BLYP 500 133.85 -0.4818229546
BLYP 500 134 -0.4818086871
BLYP 500 134.15 -0.4817944261
BLYP 500 134.3 -0.4817801716
BLYP 500 134.45 -0.4817659237
BLYP 500 134.6 -0.4817516823
BLYP 500 134.75 -0.4817374475
BLYP 500 134.9 -0.4817232192
BLYP 500 135.05 -0.4817089974
BLYP 500 135.2 -0.4816947822
BLYP 500 135.35 -0.4816805735
BLYP 500 135.5 -0.4816663713
BLYP 500 135.65 -0.4816521756
BLYP 500 135.8 -0.4816379863
BLYP 500 135.95 -0.4816238036
BLYP 500 136.1 -0.4816096274
BLYP 500 136.25 -0.4815954577
BLYP 500 136.4 -0.4815812945
BLYP 500 136.55 -0.4815671377
BLYP 500 136.7 -0.4815529875
BLYP 500 136.85 -0.4815388437
BLYP 500 137 -0.4815247063
BLYP 500 137.15 -0.4815105755
BLYP 500 137.3 -0.481496451
BLYP 500 137.45 -0.4814823331
BLYP 500 137.6 -0.4814682216
BLYP 500 137.75 -0.4814541165
BLYP 500 137.9 -0.4814400179
BLYP 500 138.05 -0.4814259257
BLYP 500 138.2 -0.4814118399
BLYP 500 138.35 -0.4813977605
BLYP 500 138.5 -0.4813836876
BLYP 500 138.65 -0.4813696211
BLYP 500 138.8 -0.481355561
BLYP 500 138.95 -0.4813415073
BLYP 500 139.1 -0.4813274601
BLYP 500 139.25 -0.4813134192
BLYP 500 139.4 -0.4812993847
BLYP 500 139.55 -0.4812853566
BLYP 500 139.7 -0.4812713349
BLYP 500 139.85 -0.4812573195
BLYP 500 140 -0.4812433106
BLYP 500 140.15 -0.481229308
BLYP 500 140.3 -0.4812153117
BLYP 500 140.45 -0.4812013219
BLYP 500 140.6 -0.4811873384
BLYP 500 140.75 -0.4811733612
BLYP 500 140.9 -0.4811593904
BLYP 500 141.05 -0.4811454259
BLYP 500 141.2 -0.4811314678
BLYP 500 141.35 -0.481117516
BLYP 500 141.5 -0.4811035706
BLYP 500 141.65 -0.4810896314
BLYP 500 141.8 -0.4810756986
BLYP 500 141.95 -0.4810617721
BLYP 500 142.1 -0.4810478519
BLYP 500 142.25 -0.481033938
BLYP 500 142.4 -0.4810200305
BLYP 500 142.55 -0.4810061292
BLYP 500 142.7 -0.4809922342
BLYP 500 142.85 -0.4809783455
BLYP 500 143 -0.4809644631
BLYP 500 143.15 -0.480950587
BLYP 500 143.3 -0.4809367171
BLYP 500 143.45 -0.4809228536
BLYP 500 143.6 -0.4809089962
BLYP 500 143.75 -0.4808951452
BLYP 500 143.9 -0.4808813004
BLYP 500 144.05 -0.4808674619
BLYP 500 144.2 -0.4808536296
BLYP 500 144.35 -0.4808398035
BLYP 500 144.5 -0.4808259837
BLYP 500 144.65 -0.4808121702
BLYP 500 144.8 -0.4807983629
BLYP 500 144.95 -0.4807845617
BLYP 500 145.1 -0.4807707669
BLYP 500 145.25 -0.4807569782
BLYP 500 145.4 -0.4807431958
BLYP 500 145.55 -0.4807294195
BLYP 500 145.7 -0.4807156495
BLYP 500 145.85 -0.4807018857
BLYP 500 146 -0.480688128
BLYP 500 146.15 -0.4806743766
BLYP 500 146.3 -0.4806606313
BLYP 500 146.45 -0.4806468923
BLYP 500 146.6 -0.4806331594
BLYP 500 146.75 -0.4806194327
BLYP 500 146.9 -0.4806057121
BLYP 500 147.05 -0.4805919977
BLYP 500 147.2 -0.4805782895
BLYP 500 147.35 -0.4805645875
BLYP 500 147.5 -0.4805508915
BLYP 500 147.65 -0.4805372018
BLYP 500 147.8 -0.4805235182
BLYP 500 147.95 -0.4805098407
BLYP 500 148.1 -0.4804961694
BLYP 500 148.25 -0.4804825042
BLYP 500 148.4 -0.4804688451
BLYP 500 148.55 -0.4804551921
BLYP 500 148.7 -0.4804415453
BLYP 500 148.85 -0.4804279046
BLYP 500 149 -0.48041427
BLYP 500 149.15 -0.4804006415
BLYP 500 149.3 -0.4803870191
BLYP 500 149.45 -0.4803734028
BLYP 500 149.6 -0.4803597926
BLYP 500 149.75 -0.4803461884
BLYP 500 149.9 -0.4803325904
BLYP 500 150.05 -0.4803189984
BLYP 500 150.2 -0.4803054125
BLYP 500 150.35 -0.4802918327
BLYP 500 150.5 -0.480278259
BLYP 500 150.65 -0.4802646913
BLYP 500 150.8 -0.4802511297
BLYP 500 150.95 -0.4802375741
BLYP 500 151.1 -0.4802240246
BLYP 500 151.25 -0.4802104811
BLYP 500 151.4 -0.4801969437
BLYP 500 151.55 -0.4801834123
BLYP 500 151.7 -0.480169887
BLYP 500 151.85 -0.4801563676
BLYP 500 152 -0.4801428543
BLYP 500 152.15 -0.480129347
BLYP 500 152.3 -0.4801158458
BLYP 500 152.45 -0.4801023505
BLYP 500 152.6 -0.4800888613
BLYP 500 152.75 -0.480075378
BLYP 500 152.9 -0.4800619008
BLYP 500 153.05 -0.4800484296
BLYP 500 153.2 -0.4800349643
BLYP 500 153.35 -0.480021505
BLYP 500 153.5 -0.4800080518
BLYP 500 153.65 -0.4799946044
BLYP 500 153.8 -0.4799811631
BLYP 500 153.95 -0.4799677278
BLYP 500 154.1 -0.4799542984
BLYP 500 154.25 -0.4799408749
BLYP 500 154.4 -0.4799274575
BLYP 500 154.55 -0.4799140459
BLYP 500 154.7 -0.4799006404
BLYP 500 154.85 -0.4798872408
BLYP 500 155 -0.4798738471
BLYP 500 155.15 -0.4798604593
BLYP 500 155.3 -0.4798470775
BLYP 500 155.45 -0.4798337016
BLYP 500 155.6 -0.4798203317
BLYP 500 155.75 -0.4798069676
BLYP 500 155.9 -0.4797936095
BLYP 500 156.05 -0.4797802573
BLYP 500 156.2 -0.479766911
BLYP 500 156.35 -0.4797535706
BLYP 500 156.5 -0.4797402361
BLYP 500 156.65 -0.4797269075
BLYP 500 156.8 -0.4797135848
BLYP 500 156.95 -0.479700268
BLYP 500 157.1 -0.4796869571
BLYP 500 157.25 -0.479673652
BLYP 500 157.4 -0.4796603529
BLYP 500 157.55 -0.4796470596
BLYP 500 157.7 -0.4796337721
BLYP 500 157.85 -0.4796204905
BLYP 500 158 -0.4796072148
BLYP 500 158.15 -0.479593945
BLYP 500 158.3 -0.479580681
BLYP 500 158.45 -0.4795674228
BLYP 500 158.6 -0.4795541705
BLYP 500 158.75 -0.479540924
BLYP 500 158.9 -0.4795276834
BLYP 500 159.05 -0.4795144486
BLYP 500 159.2 -0.4795012196
BLYP 500 159.35 -0.4794879964
BLYP 500 159.5 -0.4794747791
BLYP 500 159.65 -0.4794615676
BLYP 500 159.8 -0.4794483618
BLYP 500 159.95 -0.4794351619
BLYP 500 160.1 -0.4794219678
BLYP 500 160.25 -0.4794087795
BLYP 500 160.4 -0.479395597
BLYP 500 160.55 -0.4793824203
BLYP 500 160.7 -0.4793692494
BLYP 500 160.85 -0.4793560842
BLYP 500 161 -0.4793429248
BLYP 500 161.15 -0.4793297712
BLYP 500 161.3 -0.4793166234
BLYP 500 161.45 -0.4793034814
BLYP 500 161.6 -0.4792903451
BLYP 500 161.75 -0.4792772145
BLYP 500 161.9 -0.4792640898
BLYP 500 162.05 -0.4792509707
BLYP 500 162.2 -0.4792378574
BLYP 500 162.35 -0.4792247499
BLYP 500 162.5 -0.4792116481
BLYP 500 162.65 -0.4791985521
BLYP 500 162.8 -0.4791854617
BLYP 500 162.95 -0.4791723771
BLYP 500 163.1 -0.4791592982
BLYP 500 163.25 -0.4791462251
BLYP 500 163.4 -0.4791331576
BLYP 500 163.55 -0.4791200959
BLYP 500 163.7 -0.4791070399
BLYP 500 163.85 -0.4790939896
BLYP 500 164 -0.4790809449
BLYP 500 164.15 -0.479067906
BLYP 500 164.3 -0.4790548728
BLYP 500 164.45 -0.4790418452
BLYP 500 164.6 -0.4790288234
BLYP 500 164.75 -0.4790158072
BLYP 500 164.9 -0.4790027967
BLYP 500 165.05 -0.4789897919
BLYP 500 165.2 -0.4789767927
BLYP 500 165.35 -0.4789637992
BLYP 500 165.5 -0.4789508114
BLYP 500 165.65 -0.4789378292
BLYP 500 165.8 -0.4789248527
BLYP 500 165.95 -0.4789118818
BLYP 500 166.1 -0.4788989166
BLYP 500 166.25 -0.478885957
BLYP 500 166.4 -0.4788730031
BLYP 500 166.55 -0.4788600547
BLYP 500 166.7 -0.4788471121
BLYP 500 166.85 -0.478834175
BLYP 500 167 -0.4788212436
BLYP 500 167.15 -0.4788083177
BLYP 500 167.3 -0.4787953975
BLYP 500 167.45 -0.478782483
BLYP 500 167.6 -0.478769574
BLYP 500 167.75 -0.4787566706
BLYP 500 167.9 -0.4787437728
BLYP 500 168.05 -0.4787308806
BLYP 500 168.2 -0.478717994
BLYP 500 168.35 -0.478705113
BLYP 500 168.5 -0.4786922376
BLYP 500 168.65 -0.4786793678
BLYP 500 168.8 -0.4786665035
BLYP 500 168.95 -0.4786536448
BLYP 500 169.1 -0.4786407917
BLYP 500 169.25 -0.4786279441
BLYP 500 169.4 -0.4786151021
BLYP 500 169.55 -0.4786022657
BLYP 500 169.7 -0.4785894348
BLYP 500 169.85 -0.4785766095
BLYP 500 170 -0.4785637897
BLYP 500 170.15 -0.4785509755
BLYP 500 170.3 -0.4785381668
BLYP 500 170.45 -0.4785253636
BLYP 500 170.6 -0.478512566
BLYP 500 170.75 -0.4784997738
BLYP 500 170.9 -0.4784869873
BLYP 500 171.05 -0.4784742062
BLYP 500 171.2 -0.4784614306
BLYP 500 171.35 -0.4784486606
BLYP 500 171.5 -0.4784358961
BLYP 500 171.65 -0.4784231371
BLYP 500 171.8 -0.4784103835
BLYP 500 171.95 -0.4783976355
BLYP 500 172.1 -0.478384893
BLYP 500 172.25 -0.4783721559
BLYP 500 172.4 -0.4783594244
BLYP 500 172.55 -0.4783466983
BLYP 500 172.7 -0.4783339777
BLYP 500 172.85 -0.4783212626
BLYP 500 173 -0.478308553
BLYP 500 173.15 -0.4782958488
BLYP 500 173.3 -0.4782831501
BLYP 500 173.45 -0.4782704568
BLYP 500 173.6 -0.478257769
BLYP 500 173.75 -0.4782450867
BLYP 500 173.9 -0.4782324098
BLYP 500 174.05 -0.4782197384
BLYP 500 174.2 -0.4782070724
BLYP 500 174.35 -0.4781944118
BLYP 500 174.5 -0.4781817567
BLYP 500 174.65 -0.478169107
BLYP 500 174.8 -0.4781564627
BLYP 500 174.95 -0.4781438238
BLYP 500 175.1 -0.4781311904
BLYP 500 175.25 -0.4781185624
BLYP 500 175.4 -0.4781059398
BLYP 500 175.55 -0.4780933226
BLYP 500 175.7 -0.4780807108
BLYP 500 175.85 -0.4780681044
BLYP 500 176 -0.4780555035
BLYP 500 176.15 -0.4780429079
BLYP 500 176.3 -0.4780303177
BLYP 500 176.45 -0.4780177329
BLYP 500 176.6 -0.4780051534
BLYP 500 176.75 -0.4779925794
BLYP 500 176.9 -0.4779800107
BLYP 500 177.05 -0.4779674474
BLYP 500 177.2 -0.4779548895
BLYP 500 177.35 -0.4779423369
BLYP 500 177.5 -0.4779297897
BLYP 500 177.65 -0.4779172479
BLYP 500 177.8 -0.4779047114
BLYP 500 177.95 -0.4778921803
BLYP 500 178.1 -0.4778796545
BLYP 500 178.25 -0.477867134
BLYP 500 178.4 -0.4778546189
BLYP 500 178.55 -0.4778421092
BLYP 500 178.7 -0.4778296047
BLYP 500 178.85 -0.4778171056
BLYP 500 179 -0.4778046119
BLYP 500 179.15 -0.4777921234
BLYP 500 179.3 -0.4777796403
BLYP 500 179.45 -0.4777671625
BLYP 500 179.6 -0.47775469
BLYP 500 179.75 -0.4777422228
BLYP 500 179.9 -0.4777297609
BLYP 500 180.05 -0.4777173043
BLYP 500 180.2 -0.477704853
BLYP 500 180.35 -0.477692407
BLYP 500 180.5 -0.4776799663
BLYP 500 180.65 -0.4776675308
BLYP 500 180.8 -0.4776551007
BLYP 500 180.95 -0.4776426758
BLYP 500 181.1 -0.4776302563
BLYP 500 181.25 -0.477617842
BLYP 500 181.4 -0.4776054329
BLYP 500 181.55 -0.4775930291
BLYP 500 181.7 -0.4775806306
BLYP 500 181.85 -0.4775682374
BLYP 500 182 -0.4775558494
BLYP 500 182.15 -0.4775434666
BLYP 500 182.3 -0.4775310891
BLYP 500 182.45 -0.4775187169
BLYP 500 182.6 -0.4775063499
BLYP 500 182.75 -0.4774939881
BLYP 500 182.9 -0.4774816316
BLYP 500 183.05 -0.4774692803
BLYP 500 183.2 -0.4774569342
BLYP 500 183.35 -0.4774445933
BLYP 500 183.5 -0.4774322577
BLYP 500 183.65 -0.4774199273
BLYP 500 183.8 -0.4774076021
BLYP 500 183.95 -0.4773952821
BLYP 500 184.1 -0.4773829673
BLYP 500 184.25 -0.4773706577
BLYP 500 184.4 -0.4773583533
BLYP 500 184.55 -0.4773460542
BLYP 500 184.7 -0.4773337602
BLYP 500 184.85 -0.4773214714
BLYP 500 185 -0.4773091877
BLYP 500 185.15 -0.4772969093
BLYP 500 185.3 -0.4772846361
BLYP 500 185.45 -0.477272368
BLYP 500 185.6 -0.4772601051
BLYP 500 185.75 -0.4772478473
BLYP 500 185.9 -0.4772355947
BLYP 500 186.05 -0.4772233473
BLYP 500 186.2 -0.4772111051
BLYP 500 186.35 -0.477198868
BLYP 500 186.5 -0.477186636
BLYP 500 186.65 -0.4771744092
BLYP 500 186.8 -0.4771621876
BLYP 500 186.95 -0.4771499711
BLYP 500 187.1 -0.4771377597
BLYP 500 187.25 -0.4771255535
BLYP 500 187.4 -0.4771133524
BLYP 500 187.55 -0.4771011564
BLYP 500 187.7 -0.4770889655
BLYP 500 187.85 -0.4770767798
BLYP 500 188 -0.4770645992
BLYP 500 188.15 -0.4770524237
BLYP 500 188.3 -0.4770402533
BLYP 500 188.45 -0.477028088
BLYP 500 188.6 -0.4770159278
BLYP 500 188.75 -0.4770037727
BLYP 500 188.9 -0.4769916228
BLYP 500 189.05 -0.4769794779
BLYP 500 189.2 -0.4769673381
BLYP 500 189.35 -0.4769552034
BLYP 500 189.5 -0.4769430737
BLYP 500 189.65 -0.4769309492
BLYP 500 189.8 -0.4769188297
BLYP 500 189.95 -0.4769067153
BLYP 500 190.1 -0.476894606
BLYP 500 190.25 -0.4768825018
BLYP 500 190.4 -0.4768704026
BLYP 500 190.55 -0.4768583085
BLYP 500 190.7 -0.4768462194
BLYP 500 190.85 -0.4768341354
BLYP 500 191 -0.4768220564
BLYP 500 191.15 -0.4768099825
BLYP 500 191.3 -0.4767979136
BLYP 500 191.45 -0.4767858498
BLYP 500 191.6 -0.476773791
BLYP 500 191.75 -0.4767617372
BLYP 500 191.9 -0.4767496885
BLYP 500 192.05 -0.4767376448
BLYP 500 192.2 -0.4767256061
BLYP 500 192.35 -0.4767135724
BLYP 500 192.5 -0.4767015438
BLYP 500 192.65 -0.4766895202
BLYP 500 192.8 -0.4766775016
BLYP 500 192.95 -0.476665488
BLYP 500 193.1 -0.4766534793
BLYP 500 193.25 -0.4766414757
BLYP 500 193.4 -0.4766294771
BLYP 500 193.55 -0.4766174835
BLYP 500 193.7 -0.4766054949
BLYP 500 193.85 -0.4765935113
BLYP 500 194 -0.4765815326
BLYP 500 194.15 -0.476569559
BLYP 500 194.3 -0.4765575903
BLYP 500 194.45 -0.4765456266
BLYP 500 194.6 -0.4765336679
BLYP 500 194.75 -0.4765217141
BLYP 500 194.9 -0.4765097653
BLYP 500 195.05 -0.4764978214
BLYP 500 195.2 -0.4764858826
BLYP 500 195.35 -0.4764739486
BLYP 500 195.5 -0.4764620197
BLYP 500 195.65 -0.4764500956
BLYP 500 195.8 -0.4764381766
BLYP 500 195.95 -0.4764262624
BLYP 500 196.1 -0.4764143532
BLYP 500 196.25 -0.476402449
BLYP 500 196.4 -0.4763905496
BLYP 500 196.55 -0.4763786552
BLYP 500 196.7 -0.4763667658
BLYP 500 196.85 -0.4763548812
BLYP 500 197 -0.4763430016
BLYP 500 197.15 -0.4763311269
BLYP 500 197.3 -0.4763192571
BLYP 500 197.45 -0.4763073922
BLYP 500 197.6 -0.4762955322
BLYP 500 197.75 -0.4762836772
BLYP 500 197.9 -0.476271827
BLYP 500 198.05 -0.4762599817
BLYP 500 198.2 -0.4762481413
BLYP 500 198.35 -0.4762363059
BLYP 500 198.5 -0.4762244753
BLYP 500 198.65 -0.4762126495
BLYP 500 198.8 -0.4762008287
BLYP 500 198.95 -0.4761890128
BLYP 500 199.1 -0.4761772017
BLYP 500 199.25 -0.4761653955
BLYP 500 199.4 -0.4761535941
BLYP 500 199.55 -0.4761417977
BLYP 500 199.7 -0.4761300061
BLYP 500 199.85 -0.4761182193
BLYP 500 200 -0.4761064374
