Functional Exponent Coefficient Energy
BLYP 10 -100 -48.9556079607
BLYP 10 -99.85 -48.8528537767
BLYP 10 -99.7 -48.7501392395
BLYP 10 -99.55 -48.6474644445
BLYP 10 -99.4 -48.5448294872
BLYP 10 -99.25 -48.4422344631
BLYP 10 -99.1 -48.3396794683
BLYP 10 -98.95 -48.2371645989
BLYP 10 -98.8 -48.1346899512
BLYP 10 -98.65 -48.0322556219
BLYP 10 -98.5 -47.9298617077
BLYP 10 -98.35 -47.8275083058
BLYP 10 -98.2 -47.7251955133
BLYP 10 -98.05 -47.6229234277
BLYP 10 -97.9 -47.5206921469
BLYP 10 -97.75 -47.4185017686
BLYP 10 -97.6 -47.3163523912
BLYP 10 -97.45 -47.2142441129
BLYP 10 -97.3 -47.1121770325
BLYP 10 -97.15 -47.0101512488
BLYP 10 -97 -46.9081668608
BLYP 10 -96.85 -46.8062239679
BLYP 10 -96.7 -46.7043226697
BLYP 10 -96.55 -46.6024630658
BLYP 10 -96.4 -46.5006452564
BLYP 10 -96.25 -46.3988693416
BLYP 10 -96.1 -46.297135422
BLYP 10 -95.95 -46.1954435982
BLYP 10 -95.8 -46.0937939712
BLYP 10 -95.65 -45.992186642
BLYP 10 -95.5 -45.8906217123
BLYP 10 -95.35 -45.7890992835
BLYP 10 -95.2 -45.6876194575
BLYP 10 -95.05 -45.5861823365
BLYP 10 -94.9 -45.4847880228
BLYP 10 -94.75 -45.383436619
BLYP 10 -94.6 -45.2821282278
BLYP 10 -94.45 -45.1808629524
BLYP 10 -94.3 -45.0796408961
BLYP 10 -94.15 -44.9784621623
BLYP 10 -94 -44.8773268548
BLYP 10 -93.85 -44.7762350776
BLYP 10 -93.7 -44.6751869351
BLYP 10 -93.55 -44.5741825316
BLYP 10 -93.4 -44.4732219719
BLYP 10 -93.25 -44.372305361
BLYP 10 -93.1 -44.2714328041
BLYP 10 -92.95 -44.1706044066
BLYP 10 -92.8 -44.0698202743
BLYP 10 -92.65 -43.969080513
BLYP 10 -92.5 -43.868385229
BLYP 10 -92.35 -43.7677345287
BLYP 10 -92.2 -43.6671285188
BLYP 10 -92.05 -43.5665673062
BLYP 10 -91.9 -43.4660509981
BLYP 10 -91.75 -43.3655797019
BLYP 10 -91.6 -43.2651535252
BLYP 10 -91.45 -43.164772576
BLYP 10 -91.3 -43.0644369624
BLYP 10 -91.15 -42.964146793
BLYP 10 -91 -42.8639021762
BLYP 10 -90.85 -42.7637032211
BLYP 10 -90.7 -42.6635500368
BLYP 10 -90.55 -42.5634427328
BLYP 10 -90.4 -42.4633814187
BLYP 10 -90.25 -42.3633662044
BLYP 10 -90.1 -42.2633972002
BLYP 10 -89.95 -42.1634745164
BLYP 10 -89.8 -42.0635982639
BLYP 10 -89.65 -41.9637685534
BLYP 10 -89.5 -41.8639854964
BLYP 10 -89.35 -41.7642492042
BLYP 10 -89.2 -41.6645597885
BLYP 10 -89.05 -41.5649173614
BLYP 10 -88.9 -41.4653220351
BLYP 10 -88.75 -41.3657739222
BLYP 10 -88.6 -41.2662731353
BLYP 10 -88.45 -41.1668197877
BLYP 10 -88.3 -41.0674139925
BLYP 10 -88.15 -40.9680558633
BLYP 10 -88 -40.8687455141
BLYP 10 -87.85 -40.7694830588
BLYP 10 -87.7 -40.6702686119
BLYP 10 -87.55 -40.5711022881
BLYP 10 -87.4 -40.4719842022
BLYP 10 -87.25 -40.3729144694
BLYP 10 -87.1 -40.2738932052
BLYP 10 -86.95 -40.1749205254
BLYP 10 -86.8 -40.0759965459
BLYP 10 -86.65 -39.977121383
BLYP 10 -86.5 -39.8782951533
BLYP 10 -86.35 -39.7795179736
BLYP 10 -86.2 -39.680789961
BLYP 10 -86.05 -39.5821112331
BLYP 10 -85.9 -39.4834819073
BLYP 10 -85.75 -39.3849021017
BLYP 10 -85.6 -39.2863719346
BLYP 10 -85.45 -39.1878915244
BLYP 10 -85.3 -39.0894609901
BLYP 10 -85.15 -38.9910804507
BLYP 10 -85 -38.8927500257
BLYP 10 -84.85 -38.7944698349
BLYP 10 -84.7 -38.6962399983
BLYP 10 -84.55 -38.598060643
BLYP 10 -84.4 -38.4999318964
BLYP 10 -84.25 -38.401853866
BLYP 10 -84.1 -38.3038266727
BLYP 10 -83.95 -38.2058504379
BLYP 10 -83.8 -38.1079252832
BLYP 10 -83.65 -38.0100513305
BLYP 10 -83.5 -37.9122287023
BLYP 10 -83.35 -37.814457521
BLYP 10 -83.2 -37.7167379096
BLYP 10 -83.05 -37.6190699913
BLYP 10 -82.9 -37.5214538896
BLYP 10 -82.75 -37.4238897285
BLYP 10 -82.6 -37.3263776321
BLYP 10 -82.45 -37.2289177248
BLYP 10 -82.3 -37.1315101314
BLYP 10 -82.15 -37.0341549771
BLYP 10 -82 -36.9368523872
BLYP 10 -81.85 -36.8396024876
BLYP 10 -81.7 -36.7424054044
BLYP 10 -81.55 -36.6452612639
BLYP 10 -81.4 -36.548170193
BLYP 10 -81.25 -36.4511323186
BLYP 10 -81.1 -36.3541477683
BLYP 10 -80.95 -36.2572166698
BLYP 10 -80.8 -36.1603391513
BLYP 10 -80.65 -36.0635153413
BLYP 10 -80.5 -35.9667453686
BLYP 10 -80.35 -35.8700293624
BLYP 10 -80.2 -35.7733674525
BLYP 10 -80.05 -35.6767597688
BLYP 10 -79.9 -35.5802064419
BLYP 10 -79.75 -35.4837076028
BLYP 10 -79.6 -35.3872633828
BLYP 10 -79.45 -35.2908739142
BLYP 10 -79.3 -35.1945393296
BLYP 10 -79.15 -35.0982597631
BLYP 10 -79 -35.0020353502
BLYP 10 -78.85 -34.9058662295
BLYP 10 -78.7 -34.8097525538
BLYP 10 -78.55 -34.7136950846
BLYP 10 -78.4 -34.6176933469
BLYP 10 -78.25 -34.5217474458
BLYP 10 -78.1 -34.4258575095
BLYP 10 -77.95 -34.3300236691
BLYP 10 -77.8 -34.2342460577
BLYP 10 -77.65 -34.138524809
BLYP 10 -77.5 -34.0428600578
BLYP 10 -77.35 -33.9472519392
BLYP 10 -77.2 -33.8517005892
BLYP 10 -77.05 -33.7562061438
BLYP 10 -76.9 -33.6607687399
BLYP 10 -76.75 -33.5653885147
BLYP 10 -76.6 -33.4700656059
BLYP 10 -76.45 -33.3748001514
BLYP 10 -76.3 -33.2795922897
BLYP 10 -76.15 -33.1844421598
BLYP 10 -76 -33.089349901
BLYP 10 -75.85 -32.9943156531
BLYP 10 -75.7 -32.8993395561
BLYP 10 -75.55 -32.8044217506
BLYP 10 -75.4 -32.7095623778
BLYP 10 -75.25 -32.6147615789
BLYP 10 -75.1 -32.5200194958
BLYP 10 -74.95 -32.4253362709
BLYP 10 -74.8 -32.3307120467
BLYP 10 -74.65 -32.2361469664
BLYP 10 -74.5 -32.1416411736
BLYP 10 -74.35 -32.0471948122
BLYP 10 -74.2 -31.9528080267
BLYP 10 -74.05 -31.8584809619
BLYP 10 -73.9 -31.7642137632
BLYP 10 -73.75 -31.6700065763
BLYP 10 -73.6 -31.5758595474
BLYP 10 -73.45 -31.4817728231
BLYP 10 -73.3 -31.3877465507
BLYP 10 -73.15 -31.2937808776
BLYP 10 -73 -31.1998759518
BLYP 10 -72.85 -31.106031922
BLYP 10 -72.7 -31.012248937
BLYP 10 -72.55 -30.9185271464
BLYP 10 -72.4 -30.8248667
BLYP 10 -72.25 -30.7312677483
BLYP 10 -72.1 -30.6377304421
BLYP 10 -71.95 -30.5442549328
BLYP 10 -71.8 -30.4508413724
BLYP 10 -71.65 -30.3574899133
BLYP 10 -71.5 -30.2642007082
BLYP 10 -71.35 -30.1709739108
BLYP 10 -71.2 -30.0778096748
BLYP 10 -71.05 -29.9847081548
BLYP 10 -70.9 -29.8916695058
BLYP 10 -70.75 -29.7986938834
BLYP 10 -70.6 -29.7057814438
BLYP 10 -70.45 -29.6129323436
BLYP 10 -70.3 -29.5201467404
BLYP 10 -70.15 -29.4274247922
BLYP 10 -70 -29.3347666579
BLYP 10 -69.85 -29.2421724971
BLYP 10 -69.7 -29.1496424706
BLYP 10 -69.55 -29.0571767403
BLYP 10 -69.4 -28.9647754696
BLYP 10 -69.25 -28.8724388241
BLYP 10 -69.1 -28.7801669722
BLYP 10 -68.95 -28.6879600866
BLYP 10 -68.8 -28.5958183457
BLYP 10 -68.65 -28.5037419353
BLYP 10 -68.5 -28.4117310405
BLYP 10 -68.35 -28.3197858192
BLYP 10 -68.2 -28.2279064135
BLYP 10 -68.05 -28.1360929687
BLYP 10 -67.9 -28.0443456363
BLYP 10 -67.75 -27.9526645728
BLYP 10 -67.6 -27.8610499387
BLYP 10 -67.45 -27.7695018975
BLYP 10 -67.3 -27.6780206147
BLYP 10 -67.15 -27.5866062579
BLYP 10 -67 -27.4952589958
BLYP 10 -66.85 -27.4039789984
BLYP 10 -66.7 -27.3127664367
BLYP 10 -66.55 -27.2216214828
BLYP 10 -66.4 -27.1305443093
BLYP 10 -66.25 -27.03953509
BLYP 10 -66.1 -26.9485939992
BLYP 10 -65.95 -26.8577212122
BLYP 10 -65.8 -26.7669169049
BLYP 10 -65.65 -26.676181254
BLYP 10 -65.5 -26.585514437
BLYP 10 -65.35 -26.4949166322
BLYP 10 -65.2 -26.4043880185
BLYP 10 -65.05 -26.3139287757
BLYP 10 -64.9 -26.2235390845
BLYP 10 -64.75 -26.1332191261
BLYP 10 -64.6 -26.0429690828
BLYP 10 -64.45 -25.9527891375
BLYP 10 -64.3 -25.862679474
BLYP 10 -64.15 -25.7726402769
BLYP 10 -64 -25.6826717317
BLYP 10 -63.85 -25.5927740247
BLYP 10 -63.7 -25.5029473432
BLYP 10 -63.55 -25.4131918752
BLYP 10 -63.4 -25.3235078097
BLYP 10 -63.25 -25.2338953367
BLYP 10 -63.1 -25.144354647
BLYP 10 -62.95 -25.0548859324
BLYP 10 -62.8 -24.9654893859
BLYP 10 -62.65 -24.8761652014
BLYP 10 -62.5 -24.7869135737
BLYP 10 -62.35 -24.6977346992
BLYP 10 -62.2 -24.6086287754
BLYP 10 -62.05 -24.5195960012
BLYP 10 -61.9 -24.4306365774
BLYP 10 -61.75 -24.3417507073
BLYP 10 -61.6 -24.2529385987
BLYP 10 -61.45 -24.1642004707
BLYP 10 -61.3 -24.0755370579
BLYP 10 -61.15 -23.9869483958
BLYP 10 -61 -23.8984343373
BLYP 10 -60.85 -23.8099950744
BLYP 10 -60.7 -23.7216308072
BLYP 10 -60.55 -23.6333417395
BLYP 10 -60.4 -23.5451280774
BLYP 10 -60.25 -23.4569900287
BLYP 10 -60.1 -23.3689278028
BLYP 10 -59.95 -23.2809416105
BLYP 10 -59.8 -23.1930316639
BLYP 10 -59.65 -23.1051981766
BLYP 10 -59.5 -23.0174413632
BLYP 10 -59.35 -22.9297614397
BLYP 10 -59.2 -22.8421586233
BLYP 10 -59.05 -22.7546331328
BLYP 10 -58.9 -22.6671851878
BLYP 10 -58.75 -22.5798150094
BLYP 10 -58.6 -22.4925228202
BLYP 10 -58.45 -22.4053088437
BLYP 10 -58.3 -22.3181733052
BLYP 10 -58.15 -22.231116431
BLYP 10 -58 -22.144138449
BLYP 10 -57.85 -22.0572395883
BLYP 10 -57.7 -21.9704200796
BLYP 10 -57.55 -21.8836801552
BLYP 10 -57.4 -21.7970200487
BLYP 10 -57.25 -21.7104399959
BLYP 10 -57.1 -21.6239402346
BLYP 10 -56.95 -21.5375210215
BLYP 10 -56.8 -21.4511827107
BLYP 10 -56.65 -21.3649254116
BLYP 10 -56.5 -21.2787493614
BLYP 10 -56.35 -21.1926548026
BLYP 10 -56.2 -21.1066419798
BLYP 10 -56.05 -21.0207111403
BLYP 10 -55.9 -20.9348625331
BLYP 10 -55.75 -20.8490964099
BLYP 10 -55.6 -20.7634130246
BLYP 10 -55.45 -20.6778126346
BLYP 10 -55.3 -20.5922955015
BLYP 10 -55.15 -20.5068618969
BLYP 10 -55 -20.4215123886
BLYP 10 -54.85 -20.3362470607
BLYP 10 -54.7 -20.2510660653
BLYP 10 -54.55 -20.1659696574
BLYP 10 -54.4 -20.0809580948
BLYP 10 -54.25 -19.9960316386
BLYP 10 -54.1 -19.9111905525
BLYP 10 -53.95 -19.8264351036
BLYP 10 -53.8 -19.7417655617
BLYP 10 -53.65 -19.6571822162
BLYP 10 -53.5 -19.5726853485
BLYP 10 -53.35 -19.4882751984
BLYP 10 -53.2 -19.4039520424
BLYP 10 -53.05 -19.3197161599
BLYP 10 -52.9 -19.2355678327
BLYP 10 -52.75 -19.1515073447
BLYP 10 -52.6 -19.0675349813
BLYP 10 -52.45 -18.9836510282
BLYP 10 -52.3 -18.8998558124
BLYP 10 -52.15 -18.8161496887
BLYP 10 -52 -18.7325328811
BLYP 10 -51.85 -18.6490056918
BLYP 10 -51.7 -18.5655684228
BLYP 10 -51.55 -18.4822213778
BLYP 10 -51.4 -18.398964863
BLYP 10 -51.25 -18.3157991865
BLYP 10 -51.1 -18.232724659
BLYP 10 -50.95 -18.1497415934
BLYP 10 -50.8 -18.0668503049
BLYP 10 -50.65 -17.9840511113
BLYP 10 -50.5 -17.9013443327
BLYP 10 -50.35 -17.8187302918
BLYP 10 -50.2 -17.7362093137
BLYP 10 -50.05 -17.6537817261
BLYP 10 -49.9 -17.571447859
BLYP 10 -49.75 -17.4892080453
BLYP 10 -49.6 -17.4070626204
BLYP 10 -49.45 -17.3250119222
BLYP 10 -49.3 -17.2430562913
BLYP 10 -49.15 -17.1611960712
BLYP 10 -49 -17.0794316081
BLYP 10 -48.85 -16.997763251
BLYP 10 -48.7 -16.9161913524
BLYP 10 -48.55 -16.8347162683
BLYP 10 -48.4 -16.7533383594
BLYP 10 -48.25 -16.6720579934
BLYP 10 -48.1 -16.5908755493
BLYP 10 -47.95 -16.5097914265
BLYP 10 -47.8 -16.428806058
BLYP 10 -47.65 -16.3479198636
BLYP 10 -47.5 -16.2671331747
BLYP 10 -47.35 -16.1864464178
BLYP 10 -47.2 -16.1058603068
BLYP 10 -47.05 -16.0253750432
BLYP 10 -46.9 -15.9449907963
BLYP 10 -46.75 -15.8647079246
BLYP 10 -46.6 -15.7845268289
BLYP 10 -46.45 -15.7044479401
BLYP 10 -46.3 -15.6244717554
BLYP 10 -46.15 -15.544598895
BLYP 10 -46 -15.4648297574
BLYP 10 -45.85 -15.3851645764
BLYP 10 -45.7 -15.3056037026
BLYP 10 -45.55 -15.2261475387
BLYP 10 -45.4 -15.1467965066
BLYP 10 -45.25 -15.0675510378
BLYP 10 -45.1 -14.9884115697
BLYP 10 -44.95 -14.9093785445
BLYP 10 -44.8 -14.8304524084
BLYP 10 -44.65 -14.7516336121
BLYP 10 -44.5 -14.6729226103
BLYP 10 -44.35 -14.5943198619
BLYP 10 -44.2 -14.5158258301
BLYP 10 -44.05 -14.4374409824
BLYP 10 -43.9 -14.3591657905
BLYP 10 -43.75 -14.2810007309
BLYP 10 -43.6 -14.2029462843
BLYP 10 -43.45 -14.125002936
BLYP 10 -43.3 -14.047171176
BLYP 10 -43.15 -13.969451499
BLYP 10 -43 -13.8918444045
BLYP 10 -42.85 -13.8143503966
BLYP 10 -42.7 -13.7369699847
BLYP 10 -42.55 -13.6597036828
BLYP 10 -42.4 -13.58255201
BLYP 10 -42.25 -13.5055154905
BLYP 10 -42.1 -13.4285946539
BLYP 10 -41.95 -13.3517900346
BLYP 10 -41.8 -13.2751021726
BLYP 10 -41.65 -13.1985316132
BLYP 10 -41.5 -13.122078907
BLYP 10 -41.35 -13.0457446103
BLYP 10 -41.2 -12.9695292847
BLYP 10 -41.05 -12.8934334978
BLYP 10 -40.9 -12.8174578226
BLYP 10 -40.75 -12.741602838
BLYP 10 -40.6 -12.6658691288
BLYP 10 -40.45 -12.5902572856
BLYP 10 -40.3 -12.5147679053
BLYP 10 -40.15 -12.4394015905
BLYP 10 -40 -12.3641589502
BLYP 10 -39.85 -12.2890405997
BLYP 10 -39.7 -12.2140471603
BLYP 10 -39.55 -12.13917926
BLYP 10 -39.4 -12.0644375333
BLYP 10 -39.25 -11.9898226209
BLYP 10 -39.1 -11.9153351705
BLYP 10 -38.95 -11.8409758363
BLYP 10 -38.8 -11.7667452796
BLYP 10 -38.65 -11.6926441681
BLYP 10 -38.5 -11.618673177
BLYP 10 -38.35 -11.5448329881
BLYP 10 -38.2 -11.4711242908
BLYP 10 -38.05 -11.3975477813
BLYP 10 -37.9 -11.3241041634
BLYP 10 -37.75 -11.2507941482
BLYP 10 -37.6 -11.1776184544
BLYP 10 -37.45 -11.1045778081
BLYP 10 -37.3 -11.0316729434
BLYP 10 -37.15 -10.9589046018
BLYP 10 -37 -10.886273533
BLYP 10 -36.85 -10.8137804945
BLYP 10 -36.7 -10.7414262519
BLYP 10 -36.55 -10.669211579
BLYP 10 -36.4 -10.5971372578
BLYP 10 -36.25 -10.5252040787
BLYP 10 -36.1 -10.4534128405
BLYP 10 -35.95 -10.3817643506
BLYP 10 -35.8 -10.3102594251
BLYP 10 -35.65 -10.2388988889
BLYP 10 -35.5 -10.1676835755
BLYP 10 -35.35 -10.0966143278
BLYP 10 -35.2 -10.0256919974
BLYP 10 -35.05 -9.9549174452
BLYP 10 -34.9 -9.8842915416
BLYP 10 -34.75 -9.813815166
BLYP 10 -34.6 -9.7434892078
BLYP 10 -34.45 -9.6733145657
BLYP 10 -34.3 -9.6032921501
BLYP 10 -34.15 -9.533422884
BLYP 10 -34 -9.4637076895
BLYP 10 -33.85 -9.3941475047
BLYP 10 -33.7 -9.324743278
BLYP 10 -33.55 -9.2554959684
BLYP 10 -33.4 -9.1864065448
BLYP 10 -33.25 -9.1174759871
BLYP 10 -33.1 -9.0487052856
BLYP 10 -32.95 -8.9800954415
BLYP 10 -32.8 -8.9116474668
BLYP 10 -32.65 -8.8433623845
BLYP 10 -32.5 -8.7752412289
BLYP 10 -32.35 -8.7072850453
BLYP 10 -32.2 -8.6394948906
BLYP 10 -32.05 -8.5718718331
BLYP 10 -31.9 -8.5044169526
BLYP 10 -31.75 -8.437131341
BLYP 10 -31.6 -8.3700161016
BLYP 10 -31.45 -8.3030723501
BLYP 10 -31.3 -8.2363012142
BLYP 10 -31.15 -8.1697038339
BLYP 10 -31 -8.1032813614
BLYP 10 -30.85 -8.0370349617
BLYP 10 -30.7 -7.9709658122
BLYP 10 -30.55 -7.9050751034
BLYP 10 -30.4 -7.8393640383
BLYP 10 -30.25 -7.7738338333
BLYP 10 -30.1 -7.7084857179
BLYP 10 -29.95 -7.6433209346
BLYP 10 -29.8 -7.5783407398
BLYP 10 -29.65 -7.5135464035
BLYP 10 -29.5 -7.4489392156
BLYP 10 -29.35 -7.3845204729
BLYP 10 -29.2 -7.3202914807
BLYP 10 -29.05 -7.2562535646
BLYP 10 -28.9 -7.1924080649
BLYP 10 -28.75 -7.128756341
BLYP 10 -28.6 -7.0652997698
BLYP 10 -28.45 -7.002039723
BLYP 10 -28.3 -6.9389775988
BLYP 10 -28.15 -6.8761148102
BLYP 10 -28 -6.8134527857
BLYP 10 -27.85 -6.7509929689
BLYP 10 -27.7 -6.688736819
BLYP 10 -27.55 -6.6266858105
BLYP 10 -27.4 -6.5648414337
BLYP 10 -27.25 -6.5032051946
BLYP 10 -27.1 -6.4417786153
BLYP 10 -26.95 -6.3805632338
BLYP 10 -26.8 -6.3195606044
BLYP 10 -26.65 -6.2587722978
BLYP 10 -26.5 -6.1981999012
BLYP 10 -26.35 -6.1378450184
BLYP 10 -26.2 -6.077709273
BLYP 10 -26.05 -6.017794312
BLYP 10 -25.9 -5.9581017787
BLYP 10 -25.75 -5.8986333437
BLYP 10 -25.6 -5.8393906998
BLYP 10 -25.45 -5.7803755526
BLYP 10 -25.3 -5.7215896215
BLYP 10 -25.15 -5.6630346478
BLYP 10 -25 -5.6047123905
BLYP 10 -24.85 -5.5466246263
BLYP 10 -24.7 -5.48877315
BLYP 10 -24.55 -5.4311597741
BLYP 10 -24.4 -5.3737863296
BLYP 10 -24.25 -5.3166546658
BLYP 10 -24.1 -5.259766657
BLYP 10 -23.95 -5.2031241867
BLYP 10 -23.8 -5.1467291556
BLYP 10 -23.65 -5.0905834863
BLYP 10 -23.5 -5.0346891204
BLYP 10 -23.35 -4.9790480178
BLYP 10 -23.2 -4.9236621573
BLYP 10 -23.05 -4.8685335365
BLYP 10 -22.9 -4.8136641719
BLYP 10 -22.75 -4.7590560989
BLYP 10 -22.6 -4.7047113734
BLYP 10 -22.45 -4.6506320661
BLYP 10 -22.3 -4.5968202746
BLYP 10 -22.15 -4.5432781046
BLYP 10 -22 -4.4900076852
BLYP 10 -21.85 -4.4370111644
BLYP 10 -21.7 -4.3842907091
BLYP 10 -21.55 -4.3318485044
BLYP 10 -21.4 -4.2796867541
BLYP 10 -21.25 -4.2278076806
BLYP 10 -21.1 -4.1762135259
BLYP 10 -20.95 -4.1249065479
BLYP 10 -20.8 -4.0738890228
BLYP 10 -20.65 -4.0231632444
BLYP 10 -20.5 -3.9727315242
BLYP 10 -20.35 -3.9225961911
BLYP 10 -20.2 -3.8727595914
BLYP 10 -20.05 -3.8232240875
BLYP 10 -19.9 -3.773992058
BLYP 10 -19.75 -3.7250658978
BLYP 10 -19.6 -3.6764480172
BLYP 10 -19.45 -3.6281408417
BLYP 10 -19.3 -3.5801468113
BLYP 10 -19.15 -3.5324683801
BLYP 10 -19 -3.4851080156
BLYP 10 -18.85 -3.4380682049
BLYP 10 -18.7 -3.3913514364
BLYP 10 -18.55 -3.3449602143
BLYP 10 -18.4 -3.2988970584
BLYP 10 -18.25 -3.253164492
BLYP 10 -18.1 -3.2077650497
BLYP 10 -17.95 -3.1627012751
BLYP 10 -17.8 -3.1179757193
BLYP 10 -17.65 -3.0735909395
BLYP 10 -17.5 -3.0295494983
BLYP 10 -17.35 -2.9858539624
BLYP 10 -17.2 -2.9425069013
BLYP 10 -17.05 -2.899510886
BLYP 10 -16.9 -2.8568684876
BLYP 10 -16.75 -2.8145822761
BLYP 10 -16.6 -2.7726548185
BLYP 10 -16.45 -2.731088677
BLYP 10 -16.3 -2.689886408
BLYP 10 -16.15 -2.6490505595
BLYP 10 -16 -2.6085836695
BLYP 10 -15.85 -2.5684882643
BLYP 10 -15.7 -2.5287668556
BLYP 10 -15.55 -2.489421939
BLYP 10 -15.4 -2.4504559914
BLYP 10 -15.25 -2.4118714684
BLYP 10 -15.1 -2.373670802
BLYP 10 -14.95 -2.3358563977
BLYP 10 -14.8 -2.2984306321
BLYP 10 -14.65 -2.2613958493
BLYP 10 -14.5 -2.2247543587
BLYP 10 -14.35 -2.1885084311
BLYP 10 -14.2 -2.152660296
BLYP 10 -14.05 -2.1172121379
BLYP 10 -13.9 -2.0821660927
BLYP 10 -13.75 -2.0475242443
BLYP 10 -13.6 -2.0132886208
BLYP 10 -13.45 -1.9794611903
BLYP 10 -13.3 -1.9460438574
BLYP 10 -13.15 -1.9130384585
BLYP 10 -13 -1.8804467581
BLYP 10 -12.85 -1.8482704441
BLYP 10 -12.7 -1.8165111235
BLYP 10 -12.55 -1.7851703177
BLYP 10 -12.4 -1.7542494583
BLYP 10 -12.25 -1.7237498819
BLYP 10 -12.1 -1.6936728255
BLYP 10 -11.95 -1.6640194219
BLYP 10 -11.8 -1.6347906945
BLYP 10 -11.65 -1.6059875527
BLYP 10 -11.5 -1.5776107867
BLYP 10 -11.35 -1.5496610628
BLYP 10 -11.2 -1.5221389187
BLYP 10 -11.05 -1.495044758
BLYP 10 -10.9 -1.4683788462
BLYP 10 -10.75 -1.4421413055
BLYP 10 -10.6 -1.4163321104
BLYP 10 -10.45 -1.3909510832
BLYP 10 -10.3 -1.3659978898
BLYP 10 -10.15 -1.3414720354
BLYP 10 -10 -1.3173728606
BLYP 10 -9.85 -1.2936995378
BLYP 10 -9.7 -1.2704510679
BLYP 10 -9.55 -1.2476262768
BLYP 10 -9.4 -1.225223813
BLYP 10 -9.25 -1.2032421446
BLYP 10 -9.1 -1.1816795577
BLYP 10 -8.95 -1.1605341543
BLYP 10 -8.8 -1.1398038511
BLYP 10 -8.65 -1.1194863787
BLYP 10 -8.5 -1.0995792808
BLYP 10 -8.35 -1.0800799145
BLYP 10 -8.2 -1.060985451
BLYP 10 -8.05 -1.0422928758
BLYP 10 -7.9 -1.0239989913
BLYP 10 -7.75 -1.0061004177
BLYP 10 -7.6 -0.9885935966
BLYP 10 -7.45 -0.9714747931
BLYP 10 -7.3 -0.9547400998
BLYP 10 -7.15 -0.9383854411
BLYP 10 -7 -0.9224065772
BLYP 10 -6.85 -0.9067991097
BLYP 10 -6.7 -0.8915584867
BLYP 10 -6.55 -0.8766800092
BLYP 10 -6.4 -0.8621588371
BLYP 10 -6.25 -0.8479899964
BLYP 10 -6.1 -0.834168386
BLYP 10 -5.95 -0.8206887858
BLYP 10 -5.8 -0.8075458641
BLYP 10 -5.65 -0.7947341858
BLYP 10 -5.5 -0.7822482212
BLYP 10 -5.35 -0.7700823539
BLYP 10 -5.2 -0.7582308905
BLYP 10 -5.05 -0.7466880686
BLYP 10 -4.9 -0.7354480663
BLYP 10 -4.75 -0.724505011
BLYP 10 -4.6 -0.7138529886
BLYP 10 -4.45 -0.7034860526
BLYP 10 -4.3 -0.6933982324
BLYP 10 -4.15 -0.683583543
BLYP 10 -4 -0.674035993
BLYP 10 -3.85 -0.6647495934
BLYP 10 -3.7 -0.6557183658
BLYP 10 -3.55 -0.6469363502
BLYP 10 -3.4 -0.6383976134
BLYP 10 -3.25 -0.6300962556
BLYP 10 -3.1 -0.6220264181
BLYP 10 -2.95 -0.61418229
BLYP 10 -2.8 -0.6065581146
BLYP 10 -2.65 -0.5991481955
BLYP 10 -2.5 -0.5919469022
BLYP 10 -2.35 -0.5849486757
BLYP 10 -2.2 -0.5781480328
BLYP 10 -2.05 -0.5715395716
BLYP 10 -1.9 -0.5651179746
BLYP 10 -1.75 -0.5588780132
BLYP 10 -1.6 -0.5528145506
BLYP 10 -1.45 -0.5469225448
BLYP 10 -1.3 -0.5411970517
BLYP 10 -1.15 -0.5356332266
BLYP 10 -1 -0.5302263264
BLYP 10 -0.85 -0.5249717114
BLYP 10 -0.7 -0.519864846
BLYP 10 -0.55 -0.5149013
BLYP 10 -0.4 -0.510076749
BLYP 10 -0.25 -0.5053869747
BLYP 10 -0.1 -0.5008278653
BLYP 10 0.05 -0.4963954148
BLYP 10 0.2 -0.4920857228
BLYP 10 0.35 -0.4878949942
BLYP 10 0.5 -0.4838195377
BLYP 10 0.65 -0.4798557655
BLYP 10 0.8 -0.4760001918
BLYP 10 0.95 -0.4722494311
BLYP 10 1.1 -0.4686001977
BLYP 10 1.25 -0.4650493031
BLYP 10 1.4 -0.4615936551
BLYP 10 1.55 -0.4582302556
BLYP 10 1.7 -0.454956199
BLYP 10 1.85 -0.45176867
BLYP 10 2 -0.4486649422
BLYP 10 2.15 -0.4456423752
BLYP 10 2.3 -0.4426984135
BLYP 10 2.45 -0.4398305837
BLYP 10 2.6 -0.4370364929
BLYP 10 2.75 -0.4343138264
BLYP 10 2.9 -0.4316603453
BLYP 10 3.05 -0.4290738852
BLYP 10 3.2 -0.4265523531
BLYP 10 3.35 -0.4240937262
BLYP 10 3.5 -0.4216960494
BLYP 10 3.65 -0.4193574332
BLYP 10 3.8 -0.4170760519
BLYP 10 3.95 -0.4148501416
BLYP 10 4.1 -0.4126779983
BLYP 10 4.25 -0.4105579756
BLYP 10 4.4 -0.4084884835
BLYP 10 4.55 -0.406467986
BLYP 10 4.7 -0.4044949994
BLYP 10 4.85 -0.402568091
BLYP 10 5 -0.4006858768
BLYP 10 5.15 -0.39884702
BLYP 10 5.3 -0.3970502297
BLYP 10 5.45 -0.395294259
BLYP 10 5.6 -0.3935779035
BLYP 10 5.75 -0.3918999997
BLYP 10 5.9 -0.390259424
BLYP 10 6.05 -0.3886550907
BLYP 10 6.2 -0.3870859511
BLYP 10 6.35 -0.3855509916
BLYP 10 6.5 -0.3840492331
BLYP 10 6.65 -0.3825797291
BLYP 10 6.8 -0.3811415646
BLYP 10 6.95 -0.3797338551
BLYP 10 7.1 -0.378355745
BLYP 10 7.25 -0.3770064065
BLYP 10 7.4 -0.3756850384
BLYP 10 7.55 -0.3743908651
BLYP 10 7.7 -0.3731231349
BLYP 10 7.85 -0.3718811195
BLYP 10 8 -0.3706641125
BLYP 10 8.15 -0.3694714289
BLYP 10 8.3 -0.3683024044
BLYP 10 8.45 -0.3671563944
BLYP 10 8.6 -0.3660327736
BLYP 10 8.75 -0.3649309355
BLYP 10 8.9 -0.3638502919
BLYP 10 9.05 -0.3627902723
BLYP 10 9.2 -0.3617503236
BLYP 10 9.35 -0.3607299094
BLYP 10 9.5 -0.3597285098
BLYP 10 9.65 -0.3587456205
BLYP 10 9.8 -0.357780753
BLYP 10 9.95 -0.3568334336
BLYP 10 10.1 -0.3559032031
BLYP 10 10.25 -0.3549896165
BLYP 10 10.4 -0.3540922425
BLYP 10 10.55 -0.3532106631
BLYP 10 10.7 -0.352344473
BLYP 10 10.85 -0.3514932795
BLYP 10 11 -0.350656702
BLYP 10 11.15 -0.3498343716
BLYP 10 11.3 -0.3490259305
BLYP 10 11.45 -0.3482310322
BLYP 10 11.6 -0.3474493404
BLYP 10 11.75 -0.3466805295
BLYP 10 11.9 -0.3459242834
BLYP 10 12.05 -0.3451802958
BLYP 10 12.2 -0.3444482698
BLYP 10 12.35 -0.3437279172
BLYP 10 12.5 -0.3430189586
BLYP 10 12.65 -0.3423211231
BLYP 10 12.8 -0.3416341478
BLYP 10 12.95 -0.3409577775
BLYP 10 13.1 -0.3402917648
BLYP 10 13.25 -0.3396358695
BLYP 10 13.4 -0.3389898584
BLYP 10 13.55 -0.3383535054
BLYP 10 13.7 -0.3377265906
BLYP 10 13.85 -0.337108901
BLYP 10 14 -0.3365002292
BLYP 10 14.15 -0.3359003742
BLYP 10 14.3 -0.3353091406
BLYP 10 14.45 -0.3347263386
BLYP 10 14.6 -0.3341517838
BLYP 10 14.75 -0.333585297
BLYP 10 14.9 -0.3330267039
BLYP 10 15.05 -0.3324758354
BLYP 10 15.2 -0.3319325267
BLYP 10 15.35 -0.3313966179
BLYP 10 15.5 -0.3308679533
BLYP 10 15.65 -0.3303463816
BLYP 10 15.8 -0.3298317554
BLYP 10 15.95 -0.3293239316
BLYP 10 16.1 -0.3288227706
BLYP 10 16.25 -0.3283281368
BLYP 10 16.4 -0.3278398982
BLYP 10 16.55 -0.3273579261
BLYP 10 16.7 -0.3268820954
BLYP 10 16.85 -0.3264122842
BLYP 10 17 -0.3259483738
BLYP 10 17.15 -0.3254902484
BLYP 10 17.3 -0.3250377955
BLYP 10 17.45 -0.3245909051
BLYP 10 17.6 -0.3241494705
BLYP 10 17.75 -0.3237133872
BLYP 10 17.9 -0.3232825536
BLYP 10 18.05 -0.3228568707
BLYP 10 18.2 -0.3224362417
BLYP 10 18.35 -0.3220205724
BLYP 10 18.5 -0.321609771
BLYP 10 18.65 -0.3212037476
BLYP 10 18.8 -0.3208024149
BLYP 10 18.95 -0.3204056874
BLYP 10 19.1 -0.3200134818
BLYP 10 19.25 -0.3196257168
BLYP 10 19.4 -0.319242313
BLYP 10 19.55 -0.3188631929
BLYP 10 19.7 -0.3184882808
BLYP 10 19.85 -0.3181175028
BLYP 10 20 -0.3177507867
BLYP 10 20.15 -0.3173880619
BLYP 10 20.3 -0.3170292596
BLYP 10 20.45 -0.3166743124
BLYP 10 20.6 -0.3163231546
BLYP 10 20.75 -0.3159757219
BLYP 10 20.9 -0.3156319513
BLYP 10 21.05 -0.3152917816
BLYP 10 21.2 -0.3149551525
BLYP 10 21.35 -0.3146220055
BLYP 10 21.5 -0.3142922829
BLYP 10 21.65 -0.3139659288
BLYP 10 21.8 -0.313642888
BLYP 10 21.95 -0.3133231069
BLYP 10 22.1 -0.3130065329
BLYP 10 22.25 -0.3126931144
BLYP 10 22.4 -0.3123828012
BLYP 10 22.55 -0.3120755439
BLYP 10 22.7 -0.3117712943
BLYP 10 22.85 -0.3114700052
BLYP 10 23 -0.3111716303
BLYP 10 23.15 -0.3108761243
BLYP 10 23.3 -0.3105834429
BLYP 10 23.45 -0.3102935427
BLYP 10 23.6 -0.3100063811
BLYP 10 23.75 -0.3097219165
BLYP 10 23.9 -0.3094401081
BLYP 10 24.05 -0.3091609158
BLYP 10 24.2 -0.3088843005
BLYP 10 24.35 -0.3086102238
BLYP 10 24.5 -0.308338648
BLYP 10 24.65 -0.3080695363
BLYP 10 24.8 -0.3078028525
BLYP 10 24.95 -0.3075385612
BLYP 10 25.1 -0.3072766275
BLYP 10 25.25 -0.3070170175
BLYP 10 25.4 -0.3067596977
BLYP 10 25.55 -0.3065046353
BLYP 10 25.7 -0.3062517982
BLYP 10 25.85 -0.3060011549
BLYP 10 26 -0.3057526743
BLYP 10 26.15 -0.3055063263
BLYP 10 26.3 -0.305262081
BLYP 10 26.45 -0.3050199091
BLYP 10 26.6 -0.3047797821
BLYP 10 26.75 -0.3045416717
BLYP 10 26.9 -0.3043055504
BLYP 10 27.05 -0.3040713911
BLYP 10 27.2 -0.3038391671
BLYP 10 27.35 -0.3036088523
BLYP 10 27.5 -0.303380421
BLYP 10 27.65 -0.3031538482
BLYP 10 27.8 -0.3029291089
BLYP 10 27.95 -0.302706179
BLYP 10 28.1 -0.3024850346
BLYP 10 28.25 -0.3022656522
BLYP 10 28.4 -0.3020480088
BLYP 10 28.55 -0.3018320819
BLYP 10 28.7 -0.3016178491
BLYP 10 28.85 -0.3014052886
BLYP 10 29 -0.3011943791
BLYP 10 29.15 -0.3009850993
BLYP 10 29.3 -0.3007774287
BLYP 10 29.45 -0.3005713468
BLYP 10 29.6 -0.3003668335
BLYP 10 29.75 -0.3001638693
BLYP 10 29.9 -0.2999624348
BLYP 10 30.05 -0.299762511
BLYP 10 30.2 -0.2995640791
BLYP 10 30.35 -0.2993671208
BLYP 10 30.5 -0.299171618
BLYP 10 30.65 -0.2989775529
BLYP 10 30.8 -0.298784908
BLYP 10 30.95 -0.2985936662
BLYP 10 31.1 -0.2984038105
BLYP 10 31.25 -0.2982153243
BLYP 10 31.4 -0.2980281912
BLYP 10 31.55 -0.2978423951
BLYP 10 31.7 -0.2976579202
BLYP 10 31.85 -0.2974747508
BLYP 10 32 -0.2972928716
BLYP 10 32.15 -0.2971122676
BLYP 10 32.3 -0.2969329238
BLYP 10 32.45 -0.2967548257
BLYP 10 32.6 -0.2965779588
BLYP 10 32.75 -0.296402309
BLYP 10 32.9 -0.2962278623
BLYP 10 33.05 -0.296054605
BLYP 10 33.2 -0.2958825236
BLYP 10 33.35 -0.2957116048
BLYP 10 33.5 -0.2955418354
BLYP 10 33.65 -0.2953732026
BLYP 10 33.8 -0.2952056937
BLYP 10 33.95 -0.2950392961
BLYP 10 34.1 -0.2948739975
BLYP 10 34.25 -0.2947097858
BLYP 10 34.4 -0.294546649
BLYP 10 34.55 -0.2943845754
BLYP 10 34.7 -0.2942235533
BLYP 10 34.85 -0.2940635713
BLYP 10 35 -0.2939046182
BLYP 10 35.15 -0.2937466828
BLYP 10 35.3 -0.2935897542
BLYP 10 35.45 -0.2934338217
BLYP 10 35.6 -0.2932788747
BLYP 10 35.75 -0.2931249026
BLYP 10 35.9 -0.2929718951
BLYP 10 36.05 -0.2928198422
BLYP 10 36.2 -0.2926687338
BLYP 10 36.35 -0.2925185599
BLYP 10 36.5 -0.292369311
BLYP 10 36.65 -0.2922209773
BLYP 10 36.8 -0.2920735495
BLYP 10 36.95 -0.2919270182
BLYP 10 37.1 -0.2917813742
BLYP 10 37.25 -0.2916366085
BLYP 10 37.4 -0.2914927121
BLYP 10 37.55 -0.2913496761
BLYP 10 37.7 -0.291207492
BLYP 10 37.85 -0.2910661511
BLYP 10 38 -0.290925645
BLYP 10 38.15 -0.2907859653
BLYP 10 38.3 -0.2906471039
BLYP 10 38.45 -0.2905090526
BLYP 10 38.6 -0.2903718033
BLYP 10 38.75 -0.2902353483
BLYP 10 38.9 -0.2900996797
BLYP 10 39.05 -0.2899647899
BLYP 10 39.2 -0.2898306712
BLYP 10 39.35 -0.2896973161
BLYP 10 39.5 -0.2895647174
BLYP 10 39.65 -0.2894328677
BLYP 10 39.8 -0.2893017599
BLYP 10 39.95 -0.2891713867
BLYP 10 40.1 -0.2890417413
BLYP 10 40.25 -0.2889128168
BLYP 10 40.4 -0.2887846063
BLYP 10 40.55 -0.288657103
BLYP 10 40.7 -0.2885303004
BLYP 10 40.85 -0.2884041919
BLYP 10 41 -0.288278771
BLYP 10 41.15 -0.2881540313
BLYP 10 41.3 -0.2880299666
BLYP 10 41.45 -0.2879065706
BLYP 10 41.6 -0.2877838371
BLYP 10 41.75 -0.28766176
BLYP 10 41.9 -0.2875403335
BLYP 10 42.05 -0.2874195515
BLYP 10 42.2 -0.2872994083
BLYP 10 42.35 -0.2871798979
BLYP 10 42.5 -0.2870610149
BLYP 10 42.65 -0.2869427534
BLYP 10 42.8 -0.286825108
BLYP 10 42.95 -0.2867080732
BLYP 10 43.1 -0.2865916435
BLYP 10 43.25 -0.2864758136
BLYP 10 43.4 -0.2863605782
BLYP 10 43.55 -0.286245932
BLYP 10 43.7 -0.28613187
BLYP 10 43.85 -0.2860183869
BLYP 10 44 -0.2859054779
BLYP 10 44.15 -0.2857931377
BLYP 10 44.3 -0.2856813617
BLYP 10 44.45 -0.2855701448
BLYP 10 44.6 -0.2854594823
BLYP 10 44.75 -0.2853493695
BLYP 10 44.9 -0.2852398016
BLYP 10 45.05 -0.2851307741
BLYP 10 45.2 -0.2850222822
BLYP 10 45.35 -0.2849143216
BLYP 10 45.5 -0.2848068878
BLYP 10 45.65 -0.2846999762
BLYP 10 45.8 -0.2845935826
BLYP 10 45.95 -0.2844877026
BLYP 10 46.1 -0.2843823319
BLYP 10 46.25 -0.2842774664
BLYP 10 46.4 -0.2841731018
BLYP 10 46.55 -0.2840692341
BLYP 10 46.7 -0.2839658591
BLYP 10 46.85 -0.2838629728
BLYP 10 47 -0.2837605713
BLYP 10 47.15 -0.2836586505
BLYP 10 47.3 -0.2835572067
BLYP 10 47.45 -0.2834562359
BLYP 10 47.6 -0.2833557343
BLYP 10 47.75 -0.2832556982
BLYP 10 47.9 -0.2831561238
BLYP 10 48.05 -0.2830570075
BLYP 10 48.2 -0.2829583455
BLYP 10 48.35 -0.2828601344
BLYP 10 48.5 -0.2827623706
BLYP 10 48.65 -0.2826650504
BLYP 10 48.8 -0.2825681705
BLYP 10 48.95 -0.2824717274
BLYP 10 49.1 -0.2823757176
BLYP 10 49.25 -0.2822801378
BLYP 10 49.4 -0.2821849847
BLYP 10 49.55 -0.282090255
BLYP 10 49.7 -0.2819959453
BLYP 10 49.85 -0.2819020525
BLYP 10 50 -0.2818085734
BLYP 10 50.15 -0.2817155048
BLYP 10 50.3 -0.2816228436
BLYP 10 50.45 -0.2815305866
BLYP 10 50.6 -0.2814387308
BLYP 10 50.75 -0.2813472733
BLYP 10 50.9 -0.2812562109
BLYP 10 51.05 -0.2811655408
BLYP 10 51.2 -0.2810752599
BLYP 10 51.35 -0.2809853654
BLYP 10 51.5 -0.2808958544
BLYP 10 51.65 -0.2808067241
BLYP 10 51.8 -0.2807179716
BLYP 10 51.95 -0.2806295942
BLYP 10 52.1 -0.2805415891
BLYP 10 52.25 -0.2804539535
BLYP 10 52.4 -0.2803666848
BLYP 10 52.55 -0.2802797803
BLYP 10 52.7 -0.2801932373
BLYP 10 52.85 -0.2801070532
BLYP 10 53 -0.2800212255
BLYP 10 53.15 -0.2799357515
BLYP 10 53.3 -0.2798506287
BLYP 10 53.45 -0.2797658546
BLYP 10 53.6 -0.2796814267
BLYP 10 53.75 -0.2795973426
BLYP 10 53.9 -0.2795135997
BLYP 10 54.05 -0.2794301957
BLYP 10 54.2 -0.2793471282
BLYP 10 54.35 -0.2792643948
BLYP 10 54.5 -0.2791819932
BLYP 10 54.65 -0.279099921
BLYP 10 54.8 -0.2790181759
BLYP 10 54.95 -0.2789367557
BLYP 10 55.1 -0.2788556581
BLYP 10 55.25 -0.2787748809
BLYP 10 55.4 -0.2786944218
BLYP 10 55.55 -0.2786142787
BLYP 10 55.7 -0.2785344493
BLYP 10 55.85 -0.2784549316
BLYP 10 56 -0.2783757234
BLYP 10 56.15 -0.2782968226
BLYP 10 56.3 -0.2782182271
BLYP 10 56.45 -0.2781399349
BLYP 10 56.6 -0.2780619438
BLYP 10 56.75 -0.2779842519
BLYP 10 56.9 -0.2779068571
BLYP 10 57.05 -0.2778297575
BLYP 10 57.2 -0.2777529511
BLYP 10 57.35 -0.2776764359
BLYP 10 57.5 -0.27760021
BLYP 10 57.65 -0.2775242715
BLYP 10 57.8 -0.2774486184
BLYP 10 57.95 -0.277373249
BLYP 10 58.1 -0.2772981612
BLYP 10 58.25 -0.2772233534
BLYP 10 58.4 -0.2771488235
BLYP 10 58.55 -0.2770745699
BLYP 10 58.7 -0.2770005908
BLYP 10 58.85 -0.2769268843
BLYP 10 59 -0.2768534486
BLYP 10 59.15 -0.2767802821
BLYP 10 59.3 -0.276707383
BLYP 10 59.45 -0.2766347496
BLYP 10 59.6 -0.2765623801
BLYP 10 59.75 -0.276490273
BLYP 10 59.9 -0.2764184265
BLYP 10 60.05 -0.2763468389
BLYP 10 60.2 -0.2762755086
BLYP 10 60.35 -0.2762044341
BLYP 10 60.5 -0.2761336136
BLYP 10 60.65 -0.2760630456
BLYP 10 60.8 -0.2759927285
BLYP 10 60.95 -0.2759226608
BLYP 10 61.1 -0.2758528408
BLYP 10 61.25 -0.275783267
BLYP 10 61.4 -0.2757139379
BLYP 10 61.55 -0.275644852
BLYP 10 61.7 -0.2755760078
BLYP 10 61.85 -0.2755074037
BLYP 10 62 -0.2754390384
BLYP 10 62.15 -0.2753709103
BLYP 10 62.3 -0.275303018
BLYP 10 62.45 -0.2752353601
BLYP 10 62.6 -0.2751679351
BLYP 10 62.75 -0.2751007416
BLYP 10 62.9 -0.2750337782
BLYP 10 63.05 -0.2749670435
BLYP 10 63.2 -0.2749005362
BLYP 10 63.35 -0.2748342548
BLYP 10 63.5 -0.2747681981
BLYP 10 63.65 -0.2747023646
BLYP 10 63.8 -0.2746367531
BLYP 10 63.95 -0.2745713622
BLYP 10 64.1 -0.2745061906
BLYP 10 64.25 -0.274441237
BLYP 10 64.4 -0.2743765002
BLYP 10 64.55 -0.2743119788
BLYP 10 64.7 -0.2742476715
BLYP 10 64.85 -0.2741835772
BLYP 10 65 -0.2741196946
BLYP 10 65.15 -0.2740560224
BLYP 10 65.3 -0.2739925594
BLYP 10 65.45 -0.2739293044
BLYP 10 65.6 -0.2738662562
BLYP 10 65.75 -0.2738034136
BLYP 10 65.9 -0.2737407754
BLYP 10 66.05 -0.2736783404
BLYP 10 66.2 -0.2736161075
BLYP 10 66.35 -0.2735540755
BLYP 10 66.5 -0.2734922433
BLYP 10 66.65 -0.2734306097
BLYP 10 66.8 -0.2733691736
BLYP 10 66.95 -0.2733079339
BLYP 10 67.1 -0.2732468894
BLYP 10 67.25 -0.2731860391
BLYP 10 67.4 -0.2731253818
BLYP 10 67.55 -0.2730649165
BLYP 10 67.7 -0.2730046421
BLYP 10 67.85 -0.2729445576
BLYP 10 68 -0.2728846618
BLYP 10 68.15 -0.2728249538
BLYP 10 68.3 -0.2727654324
BLYP 10 68.45 -0.2727060967
BLYP 10 68.6 -0.2726469456
BLYP 10 68.75 -0.2725879781
BLYP 10 68.9 -0.2725291932
BLYP 10 69.05 -0.2724705899
BLYP 10 69.2 -0.2724121671
BLYP 10 69.35 -0.272353924
BLYP 10 69.5 -0.2722958595
BLYP 10 69.65 -0.2722379727
BLYP 10 69.8 -0.2721802625
BLYP 10 69.95 -0.2721227281
BLYP 10 70.1 -0.2720653684
BLYP 10 70.25 -0.2720081826
BLYP 10 70.4 -0.2719511697
BLYP 10 70.55 -0.2718943288
BLYP 10 70.7 -0.2718376589
BLYP 10 70.85 -0.2717811592
BLYP 10 71 -0.2717248287
BLYP 10 71.15 -0.2716686665
BLYP 10 71.3 -0.2716126718
BLYP 10 71.45 -0.2715568437
BLYP 10 71.6 -0.2715011812
BLYP 10 71.75 -0.2714456835
BLYP 10 71.9 -0.2713903497
BLYP 10 72.05 -0.271335179
BLYP 10 72.2 -0.2712801705
BLYP 10 72.35 -0.2712253234
BLYP 10 72.5 -0.2711706368
BLYP 10 72.65 -0.27111611
BLYP 10 72.8 -0.2710617419
BLYP 10 72.95 -0.271007532
BLYP 10 73.1 -0.2709534792
BLYP 10 73.25 -0.2708995828
BLYP 10 73.4 -0.2708458421
BLYP 10 73.55 -0.2707922562
BLYP 10 73.7 -0.2707388243
BLYP 10 73.85 -0.2706855456
BLYP 10 74 -0.2706324193
BLYP 10 74.15 -0.2705794447
BLYP 10 74.3 -0.2705266211
BLYP 10 74.45 -0.2704739475
BLYP 10 74.6 -0.2704214233
BLYP 10 74.75 -0.2703690478
BLYP 10 74.9 -0.2703168201
BLYP 10 75.05 -0.2702647396
BLYP 10 75.2 -0.2702128054
BLYP 10 75.35 -0.2701610169
BLYP 10 75.5 -0.2701093733
BLYP 10 75.65 -0.2700578739
BLYP 10 75.8 -0.2700065181
BLYP 10 75.95 -0.269955305
BLYP 10 76.1 -0.2699042339
BLYP 10 76.25 -0.2698533043
BLYP 10 76.4 -0.2698025153
BLYP 10 76.55 -0.2697518663
BLYP 10 76.7 -0.2697013565
BLYP 10 76.85 -0.2696509854
BLYP 10 77 -0.2696007522
BLYP 10 77.15 -0.2695506563
BLYP 10 77.3 -0.269500697
BLYP 10 77.45 -0.2694508735
BLYP 10 77.6 -0.2694011854
BLYP 10 77.75 -0.2693516319
BLYP 10 77.9 -0.2693022123
BLYP 10 78.05 -0.269252926
BLYP 10 78.2 -0.2692037724
BLYP 10 78.35 -0.2691547509
BLYP 10 78.5 -0.2691058607
BLYP 10 78.65 -0.2690571013
BLYP 10 78.8 -0.2690084721
BLYP 10 78.95 -0.2689599724
BLYP 10 79.1 -0.2689116016
BLYP 10 79.25 -0.2688633592
BLYP 10 79.4 -0.2688152444
BLYP 10 79.55 -0.2687672567
BLYP 10 79.7 -0.2687193955
BLYP 10 79.85 -0.2686716602
BLYP 10 80 -0.2686240502
BLYP 10 80.15 -0.268576565
BLYP 10 80.3 -0.2685292038
BLYP 10 80.45 -0.2684819663
BLYP 10 80.6 -0.2684348517
BLYP 10 80.75 -0.2683878595
BLYP 10 80.9 -0.2683409892
BLYP 10 81.05 -0.2682942402
BLYP 10 81.2 -0.2682476118
BLYP 10 81.35 -0.2682011037
BLYP 10 81.5 -0.2681547151
BLYP 10 81.65 -0.2681084456
BLYP 10 81.8 -0.2680622946
BLYP 10 81.95 -0.2680162616
BLYP 10 82.1 -0.267970346
BLYP 10 82.25 -0.2679245473
BLYP 10 82.4 -0.267878865
BLYP 10 82.55 -0.2678332985
BLYP 10 82.7 -0.2677878474
BLYP 10 82.85 -0.267742511
BLYP 10 83 -0.2676972889
BLYP 10 83.15 -0.2676521805
BLYP 10 83.3 -0.2676071854
BLYP 10 83.45 -0.2675623031
BLYP 10 83.6 -0.267517533
BLYP 10 83.75 -0.2674728746
BLYP 10 83.9 -0.2674283274
BLYP 10 84.05 -0.267383891
BLYP 10 84.2 -0.2673395648
BLYP 10 84.35 -0.2672953484
BLYP 10 84.5 -0.2672512412
BLYP 10 84.65 -0.2672072429
BLYP 10 84.8 -0.2671633528
BLYP 10 84.95 -0.2671195706
BLYP 10 85.1 -0.2670758957
BLYP 10 85.25 -0.2670323277
BLYP 10 85.4 -0.2669888662
BLYP 10 85.55 -0.2669455106
BLYP 10 85.7 -0.2669022605
BLYP 10 85.85 -0.2668591154
BLYP 10 86 -0.2668160749
BLYP 10 86.15 -0.2667731385
BLYP 10 86.3 -0.2667303058
BLYP 10 86.45 -0.2666875764
BLYP 10 86.6 -0.2666449497
BLYP 10 86.75 -0.2666024253
BLYP 10 86.9 -0.2665600029
BLYP 10 87.05 -0.2665176819
BLYP 10 87.2 -0.266475462
BLYP 10 87.35 -0.2664333426
BLYP 10 87.5 -0.2663913234
BLYP 10 87.65 -0.266349404
BLYP 10 87.8 -0.2663075839
BLYP 10 87.95 -0.2662658628
BLYP 10 88.1 -0.2662242401
BLYP 10 88.25 -0.2661827155
BLYP 10 88.4 -0.2661412885
BLYP 10 88.55 -0.2660999589
BLYP 10 88.7 -0.266058726
BLYP 10 88.85 -0.2660175897
BLYP 10 89 -0.2659765494
BLYP 10 89.15 -0.2659356047
BLYP 10 89.3 -0.2658947552
BLYP 10 89.45 -0.2658540006
BLYP 10 89.6 -0.2658133404
BLYP 10 89.75 -0.2657727743
BLYP 10 89.9 -0.2657323018
BLYP 10 90.05 -0.2656919226
BLYP 10 90.2 -0.2656516362
BLYP 10 90.35 -0.2656114424
BLYP 10 90.5 -0.2655713406
BLYP 10 90.65 -0.2655313306
BLYP 10 90.8 -0.265491412
BLYP 10 90.95 -0.2654515843
BLYP 10 91.1 -0.2654118472
BLYP 10 91.25 -0.2653722004
BLYP 10 91.4 -0.2653326434
BLYP 10 91.55 -0.265293176
BLYP 10 91.7 -0.2652537976
BLYP 10 91.85 -0.2652145081
BLYP 10 92 -0.265175307
BLYP 10 92.15 -0.265136194
BLYP 10 92.3 -0.2650971686
BLYP 10 92.45 -0.2650582307
BLYP 10 92.6 -0.2650193797
BLYP 10 92.75 -0.2649806154
BLYP 10 92.9 -0.2649419374
BLYP 10 93.05 -0.2649033454
BLYP 10 93.2 -0.264864839
BLYP 10 93.35 -0.2648264179
BLYP 10 93.5 -0.2647880818
BLYP 10 93.65 -0.2647498303
BLYP 10 93.8 -0.2647116631
BLYP 10 93.95 -0.2646735798
BLYP 10 94.1 -0.2646355802
BLYP 10 94.25 -0.2645976638
BLYP 10 94.4 -0.2645598305
BLYP 10 94.55 -0.2645220798
BLYP 10 94.7 -0.2644844115
BLYP 10 94.85 -0.2644468252
BLYP 10 95 -0.2644093206
BLYP 10 95.15 -0.2643718974
BLYP 10 95.3 -0.2643345553
BLYP 10 95.45 -0.264297294
BLYP 10 95.6 -0.264260113
BLYP 10 95.75 -0.2642230122
BLYP 10 95.9 -0.2641859912
BLYP 10 96.05 -0.2641490497
BLYP 10 96.2 -0.2641121873
BLYP 10 96.35 -0.2640754038
BLYP 10 96.5 -0.2640386989
BLYP 10 96.65 -0.2640020722
BLYP 10 96.8 -0.2639655235
BLYP 10 96.95 -0.2639290524
BLYP 10 97.1 -0.2638926588
BLYP 10 97.25 -0.2638563422
BLYP 10 97.4 -0.2638201023
BLYP 10 97.55 -0.263783939
BLYP 10 97.7 -0.2637478518
BLYP 10 97.85 -0.2637118406
BLYP 10 98 -0.2636759049
BLYP 10 98.15 -0.2636400446
BLYP 10 98.3 -0.2636042594
BLYP 10 98.45 -0.2635685489
BLYP 10 98.6 -0.2635329129
BLYP 10 98.75 -0.2634973512
BLYP 10 98.9 -0.2634618633
BLYP 10 99.05 -0.2634264492
BLYP 10 99.2 -0.2633911084
BLYP 10 99.35 -0.2633558407
BLYP 10 99.5 -0.2633206458
BLYP 10 99.65 -0.2632855235
BLYP 10 99.8 -0.2632504736
BLYP 10 99.95 -0.2632154956
BLYP 10 100.1 -0.2631805894
BLYP 10 100.25 -0.2631457548
BLYP 10 100.4 -0.2631109913
BLYP 10 100.55 -0.2630762989
BLYP 10 100.7 -0.2630416771
BLYP 10 100.85 -0.2630071259
BLYP 10 101 -0.2629726448
BLYP 10 101.15 -0.2629382337
BLYP 10 101.3 -0.2629038923
BLYP 10 101.45 -0.2628696203
BLYP 10 101.6 -0.2628354175
BLYP 10 101.75 -0.2628012836
BLYP 10 101.9 -0.2627672185
BLYP 10 102.05 -0.2627332218
BLYP 10 102.2 -0.2626992932
BLYP 10 102.35 -0.2626654327
BLYP 10 102.5 -0.2626316398
BLYP 10 102.65 -0.2625979144
BLYP 10 102.8 -0.2625642562
BLYP 10 102.95 -0.262530665
BLYP 10 103.1 -0.2624971406
BLYP 10 103.25 -0.2624636827
BLYP 10 103.4 -0.262430291
BLYP 10 103.55 -0.2623969654
BLYP 10 103.7 -0.2623637056
BLYP 10 103.85 -0.2623305113
BLYP 10 104 -0.2622973824
BLYP 10 104.15 -0.2622643186
BLYP 10 104.3 -0.2622313196
BLYP 10 104.45 -0.2621983853
BLYP 10 104.6 -0.2621655154
BLYP 10 104.75 -0.2621327097
BLYP 10 104.9 -0.262099968
BLYP 10 105.05 -0.26206729
BLYP 10 105.2 -0.2620346755
BLYP 10 105.35 -0.2620021244
BLYP 10 105.5 -0.2619696363
BLYP 10 105.65 -0.261937211
BLYP 10 105.8 -0.2619048484
BLYP 10 105.95 -0.2618725482
BLYP 10 106.1 -0.2618403102
BLYP 10 106.25 -0.2618081342
BLYP 10 106.4 -0.2617760199
BLYP 10 106.55 -0.2617439672
BLYP 10 106.7 -0.2617119759
BLYP 10 106.85 -0.2616800457
BLYP 10 107 -0.2616481765
BLYP 10 107.15 -0.2616163679
BLYP 10 107.3 -0.2615846199
BLYP 10 107.45 -0.2615529321
BLYP 10 107.6 -0.2615213045
BLYP 10 107.75 -0.2614897368
BLYP 10 107.9 -0.2614582287
BLYP 10 108.05 -0.2614267802
BLYP 10 108.2 -0.2613953909
BLYP 10 108.35 -0.2613640607
BLYP 10 108.5 -0.2613327894
BLYP 10 108.65 -0.2613015768
BLYP 10 108.8 -0.2612704226
BLYP 10 108.95 -0.2612393268
BLYP 10 109.1 -0.261208289
BLYP 10 109.25 -0.2611773092
BLYP 10 109.4 -0.2611463871
BLYP 10 109.55 -0.2611155225
BLYP 10 109.7 -0.2610847152
BLYP 10 109.85 -0.261053965
BLYP 10 110 -0.2610232718
BLYP 10 110.15 -0.2609926353
BLYP 10 110.3 -0.2609620554
BLYP 10 110.45 -0.2609315318
BLYP 10 110.6 -0.2609010645
BLYP 10 110.75 -0.2608706532
BLYP 10 110.9 -0.2608402976
BLYP 10 111.05 -0.2608099978
BLYP 10 111.2 -0.2607797533
BLYP 10 111.35 -0.2607495641
BLYP 10 111.5 -0.2607194301
BLYP 10 111.65 -0.2606893509
BLYP 10 111.8 -0.2606593265
BLYP 10 111.95 -0.2606293566
BLYP 10 112.1 -0.260599441
BLYP 10 112.25 -0.2605695797
BLYP 10 112.4 -0.2605397724
BLYP 10 112.55 -0.2605100189
BLYP 10 112.7 -0.2604803191
BLYP 10 112.85 -0.2604506728
BLYP 10 113 -0.2604210798
BLYP 10 113.15 -0.26039154
BLYP 10 113.3 -0.2603620531
BLYP 10 113.45 -0.260332619
BLYP 10 113.6 -0.2603032376
BLYP 10 113.75 -0.2602739087
BLYP 10 113.9 -0.260244632
BLYP 10 114.05 -0.2602154075
BLYP 10 114.2 -0.2601862349
BLYP 10 114.35 -0.2601571142
BLYP 10 114.5 -0.260128045
BLYP 10 114.65 -0.2600990274
BLYP 10 114.8 -0.260070061
BLYP 10 114.95 -0.2600411458
BLYP 10 115.1 -0.2600122816
BLYP 10 115.25 -0.2599834682
BLYP 10 115.4 -0.2599547054
BLYP 10 115.55 -0.2599259932
BLYP 10 115.7 -0.2598973313
BLYP 10 115.85 -0.2598687195
BLYP 10 116 -0.2598401578
BLYP 10 116.15 -0.259811646
BLYP 10 116.3 -0.2597831838
BLYP 10 116.45 -0.2597547713
BLYP 10 116.6 -0.2597264081
BLYP 10 116.75 -0.2596980942
BLYP 10 116.9 -0.2596698293
BLYP 10 117.05 -0.2596416135
BLYP 10 117.2 -0.2596134464
BLYP 10 117.35 -0.2595853279
BLYP 10 117.5 -0.259557258
BLYP 10 117.65 -0.2595292364
BLYP 10 117.8 -0.2595012631
BLYP 10 117.95 -0.2594733379
BLYP 10 118.1 -0.2594454606
BLYP 10 118.25 -0.2594176311
BLYP 10 118.4 -0.2593898492
BLYP 10 118.55 -0.2593621148
BLYP 10 118.7 -0.2593344277
BLYP 10 118.85 -0.2593067878
BLYP 10 119 -0.2592791949
BLYP 10 119.15 -0.2592516489
BLYP 10 119.3 -0.2592241496
BLYP 10 119.45 -0.2591966969
BLYP 10 119.6 -0.2591692906
BLYP 10 119.75 -0.2591419306
BLYP 10 119.9 -0.2591146168
BLYP 10 120.05 -0.259087349
BLYP 10 120.2 -0.2590601271
BLYP 10 120.35 -0.2590329509
BLYP 10 120.5 -0.2590058203
BLYP 10 120.65 -0.2589787352
BLYP 10 120.8 -0.2589516954
BLYP 10 120.95 -0.2589247008
BLYP 10 121.1 -0.2588977513
BLYP 10 121.25 -0.2588708466
BLYP 10 121.4 -0.2588439868
BLYP 10 121.55 -0.2588171716
BLYP 10 121.7 -0.2587904009
BLYP 10 121.85 -0.2587636747
BLYP 10 122 -0.2587369926
BLYP 10 122.15 -0.2587103547
BLYP 10 122.3 -0.2586837608
BLYP 10 122.45 -0.2586572108
BLYP 10 122.6 -0.2586307045
BLYP 10 122.75 -0.2586042417
BLYP 10 122.9 -0.2585778225
BLYP 10 123.05 -0.2585514466
BLYP 10 123.2 -0.2585251139
BLYP 10 123.35 -0.2584988243
BLYP 10 123.5 -0.2584725777
BLYP 10 123.65 -0.2584463739
BLYP 10 123.8 -0.2584202129
BLYP 10 123.95 -0.2583940944
BLYP 10 124.1 -0.2583680183
BLYP 10 124.25 -0.2583419847
BLYP 10 124.4 -0.2583159932
BLYP 10 124.55 -0.2582900438
BLYP 10 124.7 -0.2582641364
BLYP 10 124.85 -0.2582382709
BLYP 10 125 -0.258212447
BLYP 10 125.15 -0.2581866648
BLYP 10 125.3 -0.2581609241
BLYP 10 125.45 -0.2581352247
BLYP 10 125.6 -0.2581095666
BLYP 10 125.75 -0.2580839496
BLYP 10 125.9 -0.2580583736
BLYP 10 126.05 -0.2580328386
BLYP 10 126.2 -0.2580073442
BLYP 10 126.35 -0.2579818906
BLYP 10 126.5 -0.2579564775
BLYP 10 126.65 -0.2579311048
BLYP 10 126.8 -0.2579057724
BLYP 10 126.95 -0.2578804802
BLYP 10 127.1 -0.2578552281
BLYP 10 127.25 -0.257830016
BLYP 10 127.4 -0.2578048437
BLYP 10 127.55 -0.2577797112
BLYP 10 127.7 -0.2577546183
BLYP 10 127.85 -0.2577295649
BLYP 10 128 -0.2577045509
BLYP 10 128.15 -0.2576795762
BLYP 10 128.3 -0.2576546407
BLYP 10 128.45 -0.2576297442
BLYP 10 128.6 -0.2576048868
BLYP 10 128.75 -0.2575800681
BLYP 10 128.9 -0.2575552882
BLYP 10 129.05 -0.257530547
BLYP 10 129.2 -0.2575058443
BLYP 10 129.35 -0.25748118
BLYP 10 129.5 -0.257456554
BLYP 10 129.65 -0.2574319662
BLYP 10 129.8 -0.2574074165
BLYP 10 129.95 -0.2573829048
BLYP 10 130.1 -0.257358431
BLYP 10 130.25 -0.257333995
BLYP 10 130.4 -0.2573095966
BLYP 10 130.55 -0.2572852358
BLYP 10 130.7 -0.2572609125
BLYP 10 130.85 -0.2572366266
BLYP 10 131 -0.2572123779
BLYP 10 131.15 -0.2571881664
BLYP 10 131.3 -0.2571639919
BLYP 10 131.45 -0.2571398544
BLYP 10 131.6 -0.2571157538
BLYP 10 131.75 -0.2570916899
BLYP 10 131.9 -0.2570676626
BLYP 10 132.05 -0.2570436719
BLYP 10 132.2 -0.2570197177
BLYP 10 132.35 -0.2569957998
BLYP 10 132.5 -0.2569719182
BLYP 10 132.65 -0.2569480727
BLYP 10 132.8 -0.2569242633
BLYP 10 132.95 -0.2569004899
BLYP 10 133.1 -0.2568767523
BLYP 10 133.25 -0.2568530505
BLYP 10 133.4 -0.2568293843
BLYP 10 133.55 -0.2568057537
BLYP 10 133.7 -0.2567821586
BLYP 10 133.85 -0.2567585989
BLYP 10 134 -0.2567350745
BLYP 10 134.15 -0.2567115852
BLYP 10 134.3 -0.2566881311
BLYP 10 134.45 -0.2566647119
BLYP 10 134.6 -0.2566413277
BLYP 10 134.75 -0.2566179783
BLYP 10 134.9 -0.2565946636
BLYP 10 135.05 -0.2565713835
BLYP 10 135.2 -0.256548138
BLYP 10 135.35 -0.2565249269
BLYP 10 135.5 -0.2565017502
BLYP 10 135.65 -0.2564786077
BLYP 10 135.8 -0.2564554994
BLYP 10 135.95 -0.2564324252
BLYP 10 136.1 -0.256409385
BLYP 10 136.25 -0.2563863787
BLYP 10 136.4 -0.2563634062
BLYP 10 136.55 -0.2563404674
BLYP 10 136.7 -0.2563175622
BLYP 10 136.85 -0.2562946906
BLYP 10 137 -0.2562718525
BLYP 10 137.15 -0.2562490477
BLYP 10 137.3 -0.2562262762
BLYP 10 137.45 -0.2562035379
BLYP 10 137.6 -0.2561808327
BLYP 10 137.75 -0.2561581606
BLYP 10 137.9 -0.2561355213
BLYP 10 138.05 -0.256112915
BLYP 10 138.2 -0.2560903413
BLYP 10 138.35 -0.2560678004
BLYP 10 138.5 -0.2560452921
BLYP 10 138.65 -0.2560228162
BLYP 10 138.8 -0.2560003728
BLYP 10 138.95 -0.2559779617
BLYP 10 139.1 -0.2559555829
BLYP 10 139.25 -0.2559332363
BLYP 10 139.4 -0.2559109218
BLYP 10 139.55 -0.2558886392
BLYP 10 139.7 -0.2558663886
BLYP 10 139.85 -0.2558441699
BLYP 10 140 -0.2558219829
BLYP 10 140.15 -0.2557998276
BLYP 10 140.3 -0.2557777038
BLYP 10 140.45 -0.2557556116
BLYP 10 140.6 -0.2557335509
BLYP 10 140.75 -0.2557115215
BLYP 10 140.9 -0.2556895234
BLYP 10 141.05 -0.2556675564
BLYP 10 141.2 -0.2556456206
BLYP 10 141.35 -0.2556237159
BLYP 10 141.5 -0.2556018421
BLYP 10 141.65 -0.2555799992
BLYP 10 141.8 -0.2555581871
BLYP 10 141.95 -0.2555364057
BLYP 10 142.1 -0.255514655
BLYP 10 142.25 -0.2554929348
BLYP 10 142.4 -0.2554712451
BLYP 10 142.55 -0.2554495859
BLYP 10 142.7 -0.255427957
BLYP 10 142.85 -0.2554063584
BLYP 10 143 -0.2553847899
BLYP 10 143.15 -0.2553632516
BLYP 10 143.3 -0.2553417433
BLYP 10 143.45 -0.255320265
BLYP 10 143.6 -0.2552988165
BLYP 10 143.75 -0.2552773979
BLYP 10 143.9 -0.255256009
BLYP 10 144.05 -0.2552346498
BLYP 10 144.2 -0.2552133202
BLYP 10 144.35 -0.2551920201
BLYP 10 144.5 -0.2551707494
BLYP 10 144.65 -0.2551495081
BLYP 10 144.8 -0.2551282962
BLYP 10 144.95 -0.2551071134
BLYP 10 145.1 -0.2550859598
BLYP 10 145.25 -0.2550648353
BLYP 10 145.4 -0.2550437398
BLYP 10 145.55 -0.2550226732
BLYP 10 145.7 -0.2550016355
BLYP 10 145.85 -0.2549806266
BLYP 10 146 -0.2549596464
BLYP 10 146.15 -0.2549386949
BLYP 10 146.3 -0.254917772
BLYP 10 146.45 -0.2548968776
BLYP 10 146.6 -0.2548760116
BLYP 10 146.75 -0.254855174
BLYP 10 146.9 -0.2548343647
BLYP 10 147.05 -0.2548135837
BLYP 10 147.2 -0.2547928308
BLYP 10 147.35 -0.254772106
BLYP 10 147.5 -0.2547514093
BLYP 10 147.65 -0.2547307405
BLYP 10 147.8 -0.2547100997
BLYP 10 147.95 -0.2546894866
BLYP 10 148.1 -0.2546689014
BLYP 10 148.25 -0.2546483438
BLYP 10 148.4 -0.2546278139
BLYP 10 148.55 -0.2546073115
BLYP 10 148.7 -0.2545868366
BLYP 10 148.85 -0.2545663891
BLYP 10 149 -0.254545969
BLYP 10 149.15 -0.2545255763
BLYP 10 149.3 -0.2545052107
BLYP 10 149.45 -0.2544848723
BLYP 10 149.6 -0.254464561
BLYP 10 149.75 -0.2544442768
BLYP 10 149.9 -0.2544240195
BLYP 10 150.05 -0.2544037892
BLYP 10 150.2 -0.2543835857
BLYP 10 150.35 -0.2543634089
BLYP 10 150.5 -0.2543432589
BLYP 10 150.65 -0.2543231356
BLYP 10 150.8 -0.2543030388
BLYP 10 150.95 -0.2542829686
BLYP 10 151.1 -0.2542629248
BLYP 10 151.25 -0.2542429074
BLYP 10 151.4 -0.2542229164
BLYP 10 151.55 -0.2542029517
BLYP 10 151.7 -0.2541830131
BLYP 10 151.85 -0.2541631008
BLYP 10 152 -0.2541432145
BLYP 10 152.15 -0.2541233543
BLYP 10 152.3 -0.25410352
BLYP 10 152.45 -0.2540837116
BLYP 10 152.6 -0.2540639291
BLYP 10 152.75 -0.2540441724
BLYP 10 152.9 -0.2540244414
BLYP 10 153.05 -0.2540047361
BLYP 10 153.2 -0.2539850564
BLYP 10 153.35 -0.2539654023
BLYP 10 153.5 -0.2539457736
BLYP 10 153.65 -0.2539261704
BLYP 10 153.8 -0.2539065925
BLYP 10 153.95 -0.25388704
BLYP 10 154.1 -0.2538675127
BLYP 10 154.25 -0.2538480106
BLYP 10 154.4 -0.2538285336
BLYP 10 154.55 -0.2538090818
BLYP 10 154.7 -0.2537896549
BLYP 10 154.85 -0.253770253
BLYP 10 155 -0.253750876
BLYP 10 155.15 -0.2537315239
BLYP 10 155.3 -0.2537121966
BLYP 10 155.45 -0.253692894
BLYP 10 155.6 -0.2536736161
BLYP 10 155.75 -0.2536543628
BLYP 10 155.9 -0.253635134
BLYP 10 156.05 -0.2536159298
BLYP 10 156.2 -0.2535967501
BLYP 10 156.35 -0.2535775947
BLYP 10 156.5 -0.2535584637
BLYP 10 156.65 -0.2535393569
BLYP 10 156.8 -0.2535202744
BLYP 10 156.95 -0.2535012161
BLYP 10 157.1 -0.2534821819
BLYP 10 157.25 -0.2534631718
BLYP 10 157.4 -0.2534441857
BLYP 10 157.55 -0.2534252235
BLYP 10 157.7 -0.2534062852
BLYP 10 157.85 -0.2533873708
BLYP 10 158 -0.2533684802
BLYP 10 158.15 -0.2533496134
BLYP 10 158.3 -0.2533307702
BLYP 10 158.45 -0.2533119507
BLYP 10 158.6 -0.2532931547
BLYP 10 158.75 -0.2532743823
BLYP 10 158.9 -0.2532556333
BLYP 10 159.05 -0.2532369078
BLYP 10 159.2 -0.2532182057
BLYP 10 159.35 -0.2531995269
BLYP 10 159.5 -0.2531808713
BLYP 10 159.65 -0.253162239
BLYP 10 159.8 -0.2531436298
BLYP 10 159.95 -0.2531250437
BLYP 10 160.1 -0.2531064807
BLYP 10 160.25 -0.2530879407
BLYP 10 160.4 -0.2530694237
BLYP 10 160.55 -0.2530509296
BLYP 10 160.7 -0.2530324583
BLYP 10 160.85 -0.2530140099
BLYP 10 161 -0.2529955842
BLYP 10 161.15 -0.2529771812
BLYP 10 161.3 -0.2529588009
BLYP 10 161.45 -0.2529404431
BLYP 10 161.6 -0.252922108
BLYP 10 161.75 -0.2529037953
BLYP 10 161.9 -0.2528855051
BLYP 10 162.05 -0.2528672373
BLYP 10 162.2 -0.2528489919
BLYP 10 162.35 -0.2528307688
BLYP 10 162.5 -0.2528125679
BLYP 10 162.65 -0.2527943893
BLYP 10 162.8 -0.2527762328
BLYP 10 162.95 -0.2527580984
BLYP 10 163.1 -0.2527399861
BLYP 10 163.25 -0.2527218958
BLYP 10 163.4 -0.2527038275
BLYP 10 163.55 -0.2526857811
BLYP 10 163.7 -0.2526677566
BLYP 10 163.85 -0.2526497539
BLYP 10 164 -0.252631773
BLYP 10 164.15 -0.2526138139
BLYP 10 164.3 -0.2525958764
BLYP 10 164.45 -0.2525779606
BLYP 10 164.6 -0.2525600663
BLYP 10 164.75 -0.2525421936
BLYP 10 164.9 -0.2525243424
BLYP 10 165.05 -0.2525065127
BLYP 10 165.2 -0.2524887044
BLYP 10 165.35 -0.2524709174
BLYP 10 165.5 -0.2524531518
BLYP 10 165.65 -0.2524354074
BLYP 10 165.8 -0.2524176842
BLYP 10 165.95 -0.2523999822
BLYP 10 166.1 -0.2523823014
BLYP 10 166.25 -0.2523646416
BLYP 10 166.4 -0.2523470029
BLYP 10 166.55 -0.2523293852
BLYP 10 166.7 -0.2523117885
BLYP 10 166.85 -0.2522942126
BLYP 10 167 -0.2522766577
BLYP 10 167.15 -0.2522591235
BLYP 10 167.3 -0.2522416101
BLYP 10 167.45 -0.2522241175
BLYP 10 167.6 -0.2522066455
BLYP 10 167.75 -0.2521891942
BLYP 10 167.9 -0.2521717635
BLYP 10 168.05 -0.2521543533
BLYP 10 168.2 -0.2521369637
BLYP 10 168.35 -0.2521195945
BLYP 10 168.5 -0.2521022458
BLYP 10 168.65 -0.2520849174
BLYP 10 168.8 -0.2520676094
BLYP 10 168.95 -0.2520503217
BLYP 10 169.1 -0.2520330543
BLYP 10 169.25 -0.252015807
BLYP 10 169.4 -0.25199858
BLYP 10 169.55 -0.251981373
BLYP 10 169.7 -0.2519641862
BLYP 10 169.85 -0.2519470194
BLYP 10 170 -0.2519298726
BLYP 10 170.15 -0.2519127457
BLYP 10 170.3 -0.2518956388
BLYP 10 170.45 -0.2518785518
BLYP 10 170.6 -0.2518614846
BLYP 10 170.75 -0.2518444372
BLYP 10 170.9 -0.2518274095
BLYP 10 171.05 -0.2518104016
BLYP 10 171.2 -0.2517934133
BLYP 10 171.35 -0.2517764447
BLYP 10 171.5 -0.2517594956
BLYP 10 171.65 -0.2517425662
BLYP 10 171.8 -0.2517256563
BLYP 10 171.95 -0.2517087658
BLYP 10 172.1 -0.2516918949
BLYP 10 172.25 -0.2516750433
BLYP 10 172.4 -0.251658211
BLYP 10 172.55 -0.2516413981
BLYP 10 172.7 -0.2516246044
BLYP 10 172.85 -0.25160783
BLYP 10 173 -0.2515910748
BLYP 10 173.15 -0.2515743387
BLYP 10 173.3 -0.2515576217
BLYP 10 173.45 -0.2515409238
BLYP 10 173.6 -0.251524245
BLYP 10 173.75 -0.2515075851
BLYP 10 173.9 -0.2514909442
BLYP 10 174.05 -0.2514743222
BLYP 10 174.2 -0.2514577191
BLYP 10 174.35 -0.2514411349
BLYP 10 174.5 -0.2514245694
BLYP 10 174.65 -0.2514080227
BLYP 10 174.8 -0.2513914948
BLYP 10 174.95 -0.2513749855
BLYP 10 175.1 -0.2513584949
BLYP 10 175.25 -0.2513420229
BLYP 10 175.4 -0.2513255695
BLYP 10 175.55 -0.2513091346
BLYP 10 175.7 -0.2512927182
BLYP 10 175.85 -0.2512763203
BLYP 10 176 -0.2512599408
BLYP 10 176.15 -0.2512435797
BLYP 10 176.3 -0.251227237
BLYP 10 176.45 -0.2512109126
BLYP 10 176.6 -0.2511946064
BLYP 10 176.75 -0.2511783185
BLYP 10 176.9 -0.2511620488
BLYP 10 177.05 -0.2511457973
BLYP 10 177.2 -0.2511295639
BLYP 10 177.35 -0.2511133487
BLYP 10 177.5 -0.2510971515
BLYP 10 177.65 -0.2510809723
BLYP 10 177.8 -0.2510648111
BLYP 10 177.95 -0.2510486678
BLYP 10 178.1 -0.2510325425
BLYP 10 178.25 -0.2510164351
BLYP 10 178.4 -0.2510003455
BLYP 10 178.55 -0.2509842737
BLYP 10 178.7 -0.2509682197
BLYP 10 178.85 -0.2509521834
BLYP 10 179 -0.2509361649
BLYP 10 179.15 -0.250920164
BLYP 10 179.3 -0.2509041808
BLYP 10 179.45 -0.2508882152
BLYP 10 179.6 -0.2508722671
BLYP 10 179.75 -0.2508563366
BLYP 10 179.9 -0.2508404235
BLYP 10 180.05 -0.250824528
BLYP 10 180.2 -0.2508086498
BLYP 10 180.35 -0.2507927891
BLYP 10 180.5 -0.2507769457
BLYP 10 180.65 -0.2507611197
BLYP 10 180.8 -0.2507453109
BLYP 10 180.95 -0.2507295195
BLYP 10 181.1 -0.2507137452
BLYP 10 181.25 -0.2506979881
BLYP 10 181.4 -0.2506822482
BLYP 10 181.55 -0.2506665254
BLYP 10 181.7 -0.2506508198
BLYP 10 181.85 -0.2506351311
BLYP 10 182 -0.2506194595
BLYP 10 182.15 -0.2506038049
BLYP 10 182.3 -0.2505881673
BLYP 10 182.45 -0.2505725466
BLYP 10 182.6 -0.2505569428
BLYP 10 182.75 -0.2505413558
BLYP 10 182.9 -0.2505257857
BLYP 10 183.05 -0.2505102324
BLYP 10 183.2 -0.2504946958
BLYP 10 183.35 -0.250479176
BLYP 10 183.5 -0.2504636729
BLYP 10 183.65 -0.2504481864
BLYP 10 183.8 -0.2504327166
BLYP 10 183.95 -0.2504172634
BLYP 10 184.1 -0.2504018267
BLYP 10 184.25 -0.2503864066
BLYP 10 184.4 -0.250371003
BLYP 10 184.55 -0.2503556159
BLYP 10 184.7 -0.2503402453
BLYP 10 184.85 -0.250324891
BLYP 10 185 -0.2503095531
BLYP 10 185.15 -0.2502942316
BLYP 10 185.3 -0.2502789264
BLYP 10 185.45 -0.2502636375
BLYP 10 185.6 -0.2502483649
BLYP 10 185.75 -0.2502331085
BLYP 10 185.9 -0.2502178683
BLYP 10 186.05 -0.2502026442
BLYP 10 186.2 -0.2501874363
BLYP 10 186.35 -0.2501722445
BLYP 10 186.5 -0.2501570688
BLYP 10 186.65 -0.2501419091
BLYP 10 186.8 -0.2501267654
BLYP 10 186.95 -0.2501116377
BLYP 10 187.1 -0.250096526
BLYP 10 187.25 -0.2500814302
BLYP 10 187.4 -0.2500663503
BLYP 10 187.55 -0.2500512862
BLYP 10 187.7 -0.250036238
BLYP 10 187.85 -0.2500212056
BLYP 10 188 -0.250006189
BLYP 10 188.15 -0.2499911881
BLYP 10 188.3 -0.2499762029
BLYP 10 188.45 -0.2499612334
BLYP 10 188.6 -0.2499462796
BLYP 10 188.75 -0.2499313414
BLYP 10 188.9 -0.2499164188
BLYP 10 189.05 -0.2499015118
BLYP 10 189.2 -0.2498866203
BLYP 10 189.35 -0.2498717443
BLYP 10 189.5 -0.2498568838
BLYP 10 189.65 -0.2498420387
BLYP 10 189.8 -0.2498272091
BLYP 10 189.95 -0.2498123949
BLYP 10 190.1 -0.2497975961
BLYP 10 190.25 -0.2497828125
BLYP 10 190.4 -0.2497680443
BLYP 10 190.55 -0.2497532914
BLYP 10 190.7 -0.2497385537
BLYP 10 190.85 -0.2497238313
BLYP 10 191 -0.2497091241
BLYP 10 191.15 -0.249694432
BLYP 10 191.3 -0.2496797551
BLYP 10 191.45 -0.2496650933
BLYP 10 191.6 -0.2496504465
BLYP 10 191.75 -0.2496358149
BLYP 10 191.9 -0.2496211982
BLYP 10 192.05 -0.2496065966
BLYP 10 192.2 -0.2495920099
BLYP 10 192.35 -0.2495774382
BLYP 10 192.5 -0.2495628814
BLYP 10 192.65 -0.2495483396
BLYP 10 192.8 -0.2495338125
BLYP 10 192.95 -0.2495193003
BLYP 10 193.1 -0.249504803
BLYP 10 193.25 -0.2494903204
BLYP 10 193.4 -0.2494758526
BLYP 10 193.55 -0.2494613995
BLYP 10 193.7 -0.2494469611
BLYP 10 193.85 -0.2494325374
BLYP 10 194 -0.2494181283
BLYP 10 194.15 -0.2494037339
BLYP 10 194.3 -0.249389354
BLYP 10 194.45 -0.2493749888
BLYP 10 194.6 -0.249360638
BLYP 10 194.75 -0.2493463018
BLYP 10 194.9 -0.2493319801
BLYP 10 195.05 -0.2493176729
BLYP 10 195.2 -0.2493033801
BLYP 10 195.35 -0.2492891017
BLYP 10 195.5 -0.2492748377
BLYP 10 195.65 -0.2492605881
BLYP 10 195.8 -0.2492463528
BLYP 10 195.95 -0.2492321318
BLYP 10 196.1 -0.2492179251
BLYP 10 196.25 -0.2492037327
BLYP 10 196.4 -0.2491895545
BLYP 10 196.55 -0.2491753905
BLYP 10 196.7 -0.2491612407
BLYP 10 196.85 -0.249147105
BLYP 10 197 -0.2491329835
BLYP 10 197.15 -0.2491188761
BLYP 10 197.3 -0.2491047828
BLYP 10 197.45 -0.2490907035
BLYP 10 197.6 -0.2490766383
BLYP 10 197.75 -0.249062587
BLYP 10 197.9 -0.2490485498
BLYP 10 198.05 -0.2490345265
BLYP 10 198.2 -0.2490205171
BLYP 10 198.35 -0.2490065217
BLYP 10 198.5 -0.2489925401
BLYP 10 198.65 -0.2489785724
BLYP 10 198.8 -0.2489646185
BLYP 10 198.95 -0.2489506785
BLYP 10 199.1 -0.2489367522
BLYP 10 199.25 -0.2489228397
BLYP 10 199.4 -0.2489089409
BLYP 10 199.55 -0.2488950558
BLYP 10 199.7 -0.2488811844
BLYP 10 199.85 -0.2488673267
BLYP 10 200 -0.2488534827
