Functional Exponent Coefficient Energy
BLYP 250 -100 -0.5655731774
BLYP 250 -99.85 -0.5654067696
BLYP 250 -99.7 -0.5652406729
BLYP 250 -99.55 -0.5650748867
BLYP 250 -99.4 -0.56490941
BLYP 250 -99.25 -0.5647442421
BLYP 250 -99.1 -0.5645793822
BLYP 250 -98.95 -0.5644148294
BLYP 250 -98.8 -0.564250583
BLYP 250 -98.65 -0.5640866421
BLYP 250 -98.5 -0.5639230059
BLYP 250 -98.35 -0.5637596737
BLYP 250 -98.2 -0.5635966447
BLYP 250 -98.05 -0.563433918
BLYP 250 -97.9 -0.5632714928
BLYP 250 -97.75 -0.5631093685
BLYP 250 -97.6 -0.5629475442
BLYP 250 -97.45 -0.562786019
BLYP 250 -97.3 -0.5626247923
BLYP 250 -97.15 -0.5624638633
BLYP 250 -97 -0.5623032312
BLYP 250 -96.85 -0.5621428951
BLYP 250 -96.7 -0.5619828544
BLYP 250 -96.55 -0.5618231083
BLYP 250 -96.4 -0.5616636561
BLYP 250 -96.25 -0.5615044968
BLYP 250 -96.1 -0.5613456299
BLYP 250 -95.95 -0.5611870545
BLYP 250 -95.8 -0.5610287699
BLYP 250 -95.65 -0.5608707753
BLYP 250 -95.5 -0.56071307
BLYP 250 -95.35 -0.5605556533
BLYP 250 -95.2 -0.5603985243
BLYP 250 -95.05 -0.5602416824
BLYP 250 -94.9 -0.5600851268
BLYP 250 -94.75 -0.5599288568
BLYP 250 -94.6 -0.5597728716
BLYP 250 -94.45 -0.5596171705
BLYP 250 -94.3 -0.5594617528
BLYP 250 -94.15 -0.5593066178
BLYP 250 -94 -0.5591517646
BLYP 250 -93.85 -0.5589971927
BLYP 250 -93.7 -0.5588429013
BLYP 250 -93.55 -0.5586888896
BLYP 250 -93.4 -0.5585351569
BLYP 250 -93.25 -0.5583817026
BLYP 250 -93.1 -0.5582285259
BLYP 250 -92.95 -0.5580756261
BLYP 250 -92.8 -0.5579230025
BLYP 250 -92.65 -0.5577706544
BLYP 250 -92.5 -0.5576185811
BLYP 250 -92.35 -0.5574667819
BLYP 250 -92.2 -0.5573152561
BLYP 250 -92.05 -0.5571640029
BLYP 250 -91.9 -0.5570130218
BLYP 250 -91.75 -0.556862312
BLYP 250 -91.6 -0.5567118729
BLYP 250 -91.45 -0.5565617036
BLYP 250 -91.3 -0.5564118036
BLYP 250 -91.15 -0.5562621722
BLYP 250 -91 -0.5561128087
BLYP 250 -90.85 -0.5559637124
BLYP 250 -90.7 -0.5558148826
BLYP 250 -90.55 -0.5556663187
BLYP 250 -90.4 -0.5555180199
BLYP 250 -90.25 -0.5553699857
BLYP 250 -90.1 -0.5552222154
BLYP 250 -89.95 -0.5550747082
BLYP 250 -89.8 -0.5549274635
BLYP 250 -89.65 -0.5547804807
BLYP 250 -89.5 -0.5546337591
BLYP 250 -89.35 -0.5544872981
BLYP 250 -89.2 -0.5543410969
BLYP 250 -89.05 -0.554195155
BLYP 250 -88.9 -0.5540494716
BLYP 250 -88.75 -0.5539040462
BLYP 250 -88.6 -0.5537588781
BLYP 250 -88.45 -0.5536139666
BLYP 250 -88.3 -0.5534693111
BLYP 250 -88.15 -0.553324911
BLYP 250 -88 -0.5531807656
BLYP 250 -87.85 -0.5530368743
BLYP 250 -87.7 -0.5528932364
BLYP 250 -87.55 -0.5527498513
BLYP 250 -87.4 -0.5526067185
BLYP 250 -87.25 -0.5524638371
BLYP 250 -87.1 -0.5523212067
BLYP 250 -86.95 -0.5521788267
BLYP 250 -86.8 -0.5520366962
BLYP 250 -86.65 -0.5518948149
BLYP 250 -86.5 -0.551753182
BLYP 250 -86.35 -0.5516117969
BLYP 250 -86.2 -0.551470659
BLYP 250 -86.05 -0.5513297677
BLYP 250 -85.9 -0.5511891224
BLYP 250 -85.75 -0.5510487225
BLYP 250 -85.6 -0.5509085674
BLYP 250 -85.45 -0.5507686564
BLYP 250 -85.3 -0.5506289889
BLYP 250 -85.15 -0.5504895644
BLYP 250 -85 -0.5503503823
BLYP 250 -84.85 -0.5502114419
BLYP 250 -84.7 -0.5500727427
BLYP 250 -84.55 -0.549934284
BLYP 250 -84.4 -0.5497960653
BLYP 250 -84.25 -0.549658086
BLYP 250 -84.1 -0.5495203455
BLYP 250 -83.95 -0.5493828432
BLYP 250 -83.8 -0.5492455785
BLYP 250 -83.65 -0.5491085508
BLYP 250 -83.5 -0.5489717596
BLYP 250 -83.35 -0.5488352043
BLYP 250 -83.2 -0.5486988843
BLYP 250 -83.05 -0.5485627989
BLYP 250 -82.9 -0.5484269478
BLYP 250 -82.75 -0.5482913302
BLYP 250 -82.6 -0.5481559456
BLYP 250 -82.45 -0.5480207934
BLYP 250 -82.3 -0.5478858731
BLYP 250 -82.15 -0.5477511841
BLYP 250 -82 -0.5476167258
BLYP 250 -81.85 -0.5474824977
BLYP 250 -81.7 -0.5473484992
BLYP 250 -81.55 -0.5472147297
BLYP 250 -81.4 -0.5470811888
BLYP 250 -81.25 -0.5469478758
BLYP 250 -81.1 -0.5468147901
BLYP 250 -80.95 -0.5466819313
BLYP 250 -80.8 -0.5465492988
BLYP 250 -80.65 -0.546416892
BLYP 250 -80.5 -0.5462847104
BLYP 250 -80.35 -0.5461527535
BLYP 250 -80.2 -0.5460210206
BLYP 250 -80.05 -0.5458895113
BLYP 250 -79.9 -0.545758225
BLYP 250 -79.75 -0.5456271612
BLYP 250 -79.6 -0.5454963193
BLYP 250 -79.45 -0.5453656989
BLYP 250 -79.3 -0.5452352993
BLYP 250 -79.15 -0.54510512
BLYP 250 -79 -0.5449751605
BLYP 250 -78.85 -0.5448454203
BLYP 250 -78.7 -0.5447158989
BLYP 250 -78.55 -0.5445865957
BLYP 250 -78.4 -0.5444575102
BLYP 250 -78.25 -0.5443286418
BLYP 250 -78.1 -0.5441999902
BLYP 250 -77.95 -0.5440715546
BLYP 250 -77.8 -0.5439433347
BLYP 250 -77.65 -0.5438153299
BLYP 250 -77.5 -0.5436875396
BLYP 250 -77.35 -0.5435599635
BLYP 250 -77.2 -0.5434326009
BLYP 250 -77.05 -0.5433054513
BLYP 250 -76.9 -0.5431785143
BLYP 250 -76.75 -0.5430517893
BLYP 250 -76.6 -0.5429252759
BLYP 250 -76.45 -0.5427989735
BLYP 250 -76.3 -0.5426728816
BLYP 250 -76.15 -0.5425469997
BLYP 250 -76 -0.5424213274
BLYP 250 -75.85 -0.5422958641
BLYP 250 -75.7 -0.5421706093
BLYP 250 -75.55 -0.5420455626
BLYP 250 -75.4 -0.5419207234
BLYP 250 -75.25 -0.5417960912
BLYP 250 -75.1 -0.5416716656
BLYP 250 -74.95 -0.5415474461
BLYP 250 -74.8 -0.5414234321
BLYP 250 -74.65 -0.5412996233
BLYP 250 -74.5 -0.541176019
BLYP 250 -74.35 -0.5410526189
BLYP 250 -74.2 -0.5409294225
BLYP 250 -74.05 -0.5408064292
BLYP 250 -73.9 -0.5406836386
BLYP 250 -73.75 -0.5405610501
BLYP 250 -73.6 -0.5404386635
BLYP 250 -73.45 -0.5403164781
BLYP 250 -73.3 -0.5401944934
BLYP 250 -73.15 -0.5400727091
BLYP 250 -73 -0.5399511247
BLYP 250 -72.85 -0.5398297396
BLYP 250 -72.7 -0.5397085534
BLYP 250 -72.55 -0.5395875656
BLYP 250 -72.4 -0.5394667758
BLYP 250 -72.25 -0.5393461836
BLYP 250 -72.1 -0.5392257884
BLYP 250 -71.95 -0.5391055897
BLYP 250 -71.8 -0.5389855872
BLYP 250 -71.65 -0.5388657804
BLYP 250 -71.5 -0.5387461688
BLYP 250 -71.35 -0.5386267519
BLYP 250 -71.2 -0.5385075294
BLYP 250 -71.05 -0.5383885007
BLYP 250 -70.9 -0.5382696654
BLYP 250 -70.75 -0.5381510231
BLYP 250 -70.6 -0.5380325732
BLYP 250 -70.45 -0.5379143155
BLYP 250 -70.3 -0.5377962493
BLYP 250 -70.15 -0.5376783743
BLYP 250 -70 -0.53756069
BLYP 250 -69.85 -0.537443196
BLYP 250 -69.7 -0.5373258918
BLYP 250 -69.55 -0.5372087771
BLYP 250 -69.4 -0.5370918512
BLYP 250 -69.25 -0.536975114
BLYP 250 -69.1 -0.5368585648
BLYP 250 -68.95 -0.5367422032
BLYP 250 -68.8 -0.5366260289
BLYP 250 -68.65 -0.5365100414
BLYP 250 -68.5 -0.5363942402
BLYP 250 -68.35 -0.536278625
BLYP 250 -68.2 -0.5361631952
BLYP 250 -68.05 -0.5360479505
BLYP 250 -67.9 -0.5359328905
BLYP 250 -67.75 -0.5358180147
BLYP 250 -67.6 -0.5357033227
BLYP 250 -67.45 -0.5355888141
BLYP 250 -67.3 -0.5354744885
BLYP 250 -67.15 -0.5353603454
BLYP 250 -67 -0.5352463844
BLYP 250 -66.85 -0.5351326051
BLYP 250 -66.7 -0.5350190071
BLYP 250 -66.55 -0.53490559
BLYP 250 -66.4 -0.5347923533
BLYP 250 -66.25 -0.5346792967
BLYP 250 -66.1 -0.5345664197
BLYP 250 -65.95 -0.534453722
BLYP 250 -65.8 -0.534341203
BLYP 250 -65.65 -0.5342288625
BLYP 250 -65.5 -0.5341167
BLYP 250 -65.35 -0.5340047151
BLYP 250 -65.2 -0.5338929074
BLYP 250 -65.05 -0.5337812765
BLYP 250 -64.9 -0.533669822
BLYP 250 -64.75 -0.5335585434
BLYP 250 -64.6 -0.5334474405
BLYP 250 -64.45 -0.5333365128
BLYP 250 -64.3 -0.5332257598
BLYP 250 -64.15 -0.5331151813
BLYP 250 -64 -0.5330047768
BLYP 250 -63.85 -0.5328945459
BLYP 250 -63.7 -0.5327844882
BLYP 250 -63.55 -0.5326746033
BLYP 250 -63.4 -0.5325648909
BLYP 250 -63.25 -0.5324553505
BLYP 250 -63.1 -0.5323459818
BLYP 250 -62.95 -0.5322367844
BLYP 250 -62.8 -0.5321277579
BLYP 250 -62.65 -0.5320189019
BLYP 250 -62.5 -0.531910216
BLYP 250 -62.35 -0.5318016998
BLYP 250 -62.2 -0.531693353
BLYP 250 -62.05 -0.5315851752
BLYP 250 -61.9 -0.531477166
BLYP 250 -61.75 -0.531369325
BLYP 250 -61.6 -0.5312616519
BLYP 250 -61.45 -0.5311541462
BLYP 250 -61.3 -0.5310468077
BLYP 250 -61.15 -0.5309396358
BLYP 250 -61 -0.5308326303
BLYP 250 -60.85 -0.5307257908
BLYP 250 -60.7 -0.5306191169
BLYP 250 -60.55 -0.5305126082
BLYP 250 -60.4 -0.5304062644
BLYP 250 -60.25 -0.5303000851
BLYP 250 -60.1 -0.5301940699
BLYP 250 -59.95 -0.5300882185
BLYP 250 -59.8 -0.5299825306
BLYP 250 -59.65 -0.5298770056
BLYP 250 -59.5 -0.5297716434
BLYP 250 -59.35 -0.5296664434
BLYP 250 -59.2 -0.5295614054
BLYP 250 -59.05 -0.5294565291
BLYP 250 -58.9 -0.5293518139
BLYP 250 -58.75 -0.5292472597
BLYP 250 -58.6 -0.529142866
BLYP 250 -58.45 -0.5290386324
BLYP 250 -58.3 -0.5289345587
BLYP 250 -58.15 -0.5288306445
BLYP 250 -58 -0.5287268893
BLYP 250 -57.85 -0.5286232929
BLYP 250 -57.7 -0.528519855
BLYP 250 -57.55 -0.5284165751
BLYP 250 -57.4 -0.5283134529
BLYP 250 -57.25 -0.5282104881
BLYP 250 -57.1 -0.5281076803
BLYP 250 -56.95 -0.5280050292
BLYP 250 -56.8 -0.5279025345
BLYP 250 -56.65 -0.5278001957
BLYP 250 -56.5 -0.5276980126
BLYP 250 -56.35 -0.5275959848
BLYP 250 -56.2 -0.5274941119
BLYP 250 -56.05 -0.5273923937
BLYP 250 -55.9 -0.5272908298
BLYP 250 -55.75 -0.5271894198
BLYP 250 -55.6 -0.5270881634
BLYP 250 -55.45 -0.5269870603
BLYP 250 -55.3 -0.5268861102
BLYP 250 -55.15 -0.5267853127
BLYP 250 -55 -0.5266846674
BLYP 250 -54.85 -0.5265841741
BLYP 250 -54.7 -0.5264838324
BLYP 250 -54.55 -0.526383642
BLYP 250 -54.4 -0.5262836026
BLYP 250 -54.25 -0.5261837138
BLYP 250 -54.1 -0.5260839752
BLYP 250 -53.95 -0.5259843867
BLYP 250 -53.8 -0.5258849478
BLYP 250 -53.65 -0.5257856582
BLYP 250 -53.5 -0.5256865177
BLYP 250 -53.35 -0.5255875258
BLYP 250 -53.2 -0.5254886822
BLYP 250 -53.05 -0.5253899867
BLYP 250 -52.9 -0.525291439
BLYP 250 -52.75 -0.5251930386
BLYP 250 -52.6 -0.5250947853
BLYP 250 -52.45 -0.5249966787
BLYP 250 -52.3 -0.5248987186
BLYP 250 -52.15 -0.5248009046
BLYP 250 -52 -0.5247032364
BLYP 250 -51.85 -0.5246057138
BLYP 250 -51.7 -0.5245083363
BLYP 250 -51.55 -0.5244111037
BLYP 250 -51.4 -0.5243140156
BLYP 250 -51.25 -0.5242170718
BLYP 250 -51.1 -0.524120272
BLYP 250 -50.95 -0.5240236157
BLYP 250 -50.8 -0.5239271028
BLYP 250 -50.65 -0.5238307329
BLYP 250 -50.5 -0.5237345058
BLYP 250 -50.35 -0.523638421
BLYP 250 -50.2 -0.5235424783
BLYP 250 -50.05 -0.5234466775
BLYP 250 -49.9 -0.5233510181
BLYP 250 -49.75 -0.5232554999
BLYP 250 -49.6 -0.5231601226
BLYP 250 -49.45 -0.5230648859
BLYP 250 -49.3 -0.5229697895
BLYP 250 -49.15 -0.5228748331
BLYP 250 -49 -0.5227800163
BLYP 250 -48.85 -0.522685339
BLYP 250 -48.7 -0.5225908008
BLYP 250 -48.55 -0.5224964013
BLYP 250 -48.4 -0.5224021404
BLYP 250 -48.25 -0.5223080177
BLYP 250 -48.1 -0.5222140329
BLYP 250 -47.95 -0.5221201858
BLYP 250 -47.8 -0.5220264759
BLYP 250 -47.65 -0.5219329032
BLYP 250 -47.5 -0.5218394672
BLYP 250 -47.35 -0.5217461676
BLYP 250 -47.2 -0.5216530043
BLYP 250 -47.05 -0.5215599768
BLYP 250 -46.9 -0.5214670849
BLYP 250 -46.75 -0.5213743284
BLYP 250 -46.6 -0.5212817069
BLYP 250 -46.45 -0.5211892201
BLYP 250 -46.3 -0.5210968678
BLYP 250 -46.15 -0.5210046497
BLYP 250 -46 -0.5209125655
BLYP 250 -45.85 -0.5208206149
BLYP 250 -45.7 -0.5207287976
BLYP 250 -45.55 -0.5206371134
BLYP 250 -45.4 -0.520545562
BLYP 250 -45.25 -0.5204541431
BLYP 250 -45.1 -0.5203628564
BLYP 250 -44.95 -0.5202717016
BLYP 250 -44.8 -0.5201806785
BLYP 250 -44.65 -0.5200897868
BLYP 250 -44.5 -0.5199990263
BLYP 250 -44.35 -0.5199083965
BLYP 250 -44.2 -0.5198178974
BLYP 250 -44.05 -0.5197275285
BLYP 250 -43.9 -0.5196372897
BLYP 250 -43.75 -0.5195471806
BLYP 250 -43.6 -0.519457201
BLYP 250 -43.45 -0.5193673506
BLYP 250 -43.3 -0.5192776292
BLYP 250 -43.15 -0.5191880365
BLYP 250 -43 -0.5190985721
BLYP 250 -42.85 -0.5190092359
BLYP 250 -42.7 -0.5189200276
BLYP 250 -42.55 -0.5188309469
BLYP 250 -42.4 -0.5187419936
BLYP 250 -42.25 -0.5186531673
BLYP 250 -42.1 -0.5185644678
BLYP 250 -41.95 -0.5184758949
BLYP 250 -41.8 -0.5183874484
BLYP 250 -41.65 -0.5182991278
BLYP 250 -41.5 -0.518210933
BLYP 250 -41.35 -0.5181228638
BLYP 250 -41.2 -0.5180349197
BLYP 250 -41.05 -0.5179471007
BLYP 250 -40.9 -0.5178594065
BLYP 250 -40.75 -0.5177718367
BLYP 250 -40.6 -0.5176843911
BLYP 250 -40.45 -0.5175970695
BLYP 250 -40.3 -0.5175098717
BLYP 250 -40.15 -0.5174227973
BLYP 250 -40 -0.5173358461
BLYP 250 -39.85 -0.5172490178
BLYP 250 -39.7 -0.5171623123
BLYP 250 -39.55 -0.5170757292
BLYP 250 -39.4 -0.5169892683
BLYP 250 -39.25 -0.5169029294
BLYP 250 -39.1 -0.5168167121
BLYP 250 -38.95 -0.5167306164
BLYP 250 -38.8 -0.5166446418
BLYP 250 -38.65 -0.5165587882
BLYP 250 -38.5 -0.5164730552
BLYP 250 -38.35 -0.5163874428
BLYP 250 -38.2 -0.5163019506
BLYP 250 -38.05 -0.5162165783
BLYP 250 -37.9 -0.5161313258
BLYP 250 -37.75 -0.5160461927
BLYP 250 -37.6 -0.5159611789
BLYP 250 -37.45 -0.5158762841
BLYP 250 -37.3 -0.515791508
BLYP 250 -37.15 -0.5157068505
BLYP 250 -37 -0.5156223112
BLYP 250 -36.85 -0.51553789
BLYP 250 -36.7 -0.5154535866
BLYP 250 -36.55 -0.5153694007
BLYP 250 -36.4 -0.5152853321
BLYP 250 -36.25 -0.5152013806
BLYP 250 -36.1 -0.515117546
BLYP 250 -35.95 -0.515033828
BLYP 250 -35.8 -0.5149502263
BLYP 250 -35.65 -0.5148667408
BLYP 250 -35.5 -0.5147833712
BLYP 250 -35.35 -0.5147001172
BLYP 250 -35.2 -0.5146169787
BLYP 250 -35.05 -0.5145339554
BLYP 250 -34.9 -0.5144510471
BLYP 250 -34.75 -0.5143682535
BLYP 250 -34.6 -0.5142855744
BLYP 250 -34.45 -0.5142030096
BLYP 250 -34.3 -0.5141205588
BLYP 250 -34.15 -0.5140382219
BLYP 250 -34 -0.5139559985
BLYP 250 -33.85 -0.5138738885
BLYP 250 -33.7 -0.5137918917
BLYP 250 -33.55 -0.5137100077
BLYP 250 -33.4 -0.5136282365
BLYP 250 -33.25 -0.5135465777
BLYP 250 -33.1 -0.5134650311
BLYP 250 -32.95 -0.5133835966
BLYP 250 -32.8 -0.5133022738
BLYP 250 -32.65 -0.5132210626
BLYP 250 -32.5 -0.5131399628
BLYP 250 -32.35 -0.513058974
BLYP 250 -32.2 -0.5129780962
BLYP 250 -32.05 -0.512897329
BLYP 250 -31.9 -0.5128166723
BLYP 250 -31.75 -0.5127361258
BLYP 250 -31.6 -0.5126556894
BLYP 250 -31.45 -0.5125753627
BLYP 250 -31.3 -0.5124951456
BLYP 250 -31.15 -0.5124150379
BLYP 250 -31 -0.5123350393
BLYP 250 -30.85 -0.5122551497
BLYP 250 -30.7 -0.5121753688
BLYP 250 -30.55 -0.5120956964
BLYP 250 -30.4 -0.5120161322
BLYP 250 -30.25 -0.5119366761
BLYP 250 -30.1 -0.5118573279
BLYP 250 -29.95 -0.5117780874
BLYP 250 -29.8 -0.5116989542
BLYP 250 -29.65 -0.5116199283
BLYP 250 -29.5 -0.5115410094
BLYP 250 -29.35 -0.5114621973
BLYP 250 -29.2 -0.5113834917
BLYP 250 -29.05 -0.5113048926
BLYP 250 -28.9 -0.5112263996
BLYP 250 -28.75 -0.5111480126
BLYP 250 -28.6 -0.5110697313
BLYP 250 -28.45 -0.5109915556
BLYP 250 -28.3 -0.5109134852
BLYP 250 -28.15 -0.5108355199
BLYP 250 -28 -0.5107576596
BLYP 250 -27.85 -0.5106799039
BLYP 250 -27.7 -0.5106022528
BLYP 250 -27.55 -0.510524706
BLYP 250 -27.4 -0.5104472633
BLYP 250 -27.25 -0.5103699245
BLYP 250 -27.1 -0.5102926894
BLYP 250 -26.95 -0.5102155578
BLYP 250 -26.8 -0.5101385295
BLYP 250 -26.65 -0.5100616043
BLYP 250 -26.5 -0.509984782
BLYP 250 -26.35 -0.5099080623
BLYP 250 -26.2 -0.5098314452
BLYP 250 -26.05 -0.5097549303
BLYP 250 -25.9 -0.5096785176
BLYP 250 -25.75 -0.5096022067
BLYP 250 -25.6 -0.5095259975
BLYP 250 -25.45 -0.5094498898
BLYP 250 -25.3 -0.5093738835
BLYP 250 -25.15 -0.5092979782
BLYP 250 -25 -0.5092221738
BLYP 250 -24.85 -0.5091464702
BLYP 250 -24.7 -0.5090708671
BLYP 250 -24.55 -0.5089953643
BLYP 250 -24.4 -0.5089199616
BLYP 250 -24.25 -0.5088446589
BLYP 250 -24.1 -0.5087694559
BLYP 250 -23.95 -0.5086943524
BLYP 250 -23.8 -0.5086193484
BLYP 250 -23.65 -0.5085444434
BLYP 250 -23.5 -0.5084696375
BLYP 250 -23.35 -0.5083949304
BLYP 250 -23.2 -0.5083203218
BLYP 250 -23.05 -0.5082458117
BLYP 250 -22.9 -0.5081713998
BLYP 250 -22.75 -0.5080970859
BLYP 250 -22.6 -0.5080228698
BLYP 250 -22.45 -0.5079487514
BLYP 250 -22.3 -0.5078747305
BLYP 250 -22.15 -0.5078008068
BLYP 250 -22 -0.5077269803
BLYP 250 -21.85 -0.5076532506
BLYP 250 -21.7 -0.5075796177
BLYP 250 -21.55 -0.5075060813
BLYP 250 -21.4 -0.5074326412
BLYP 250 -21.25 -0.5073592974
BLYP 250 -21.1 -0.5072860495
BLYP 250 -20.95 -0.5072128974
BLYP 250 -20.8 -0.5071398409
BLYP 250 -20.65 -0.5070668799
BLYP 250 -20.5 -0.5069940141
BLYP 250 -20.35 -0.5069212434
BLYP 250 -20.2 -0.5068485676
BLYP 250 -20.05 -0.5067759865
BLYP 250 -19.9 -0.5067034999
BLYP 250 -19.75 -0.5066311077
BLYP 250 -19.6 -0.5065588096
BLYP 250 -19.45 -0.5064866056
BLYP 250 -19.3 -0.5064144954
BLYP 250 -19.15 -0.5063424788
BLYP 250 -19 -0.5062705556
BLYP 250 -18.85 -0.5061987258
BLYP 250 -18.7 -0.5061269891
BLYP 250 -18.55 -0.5060553453
BLYP 250 -18.4 -0.5059837942
BLYP 250 -18.25 -0.5059123357
BLYP 250 -18.1 -0.5058409697
BLYP 250 -17.95 -0.5057696959
BLYP 250 -17.8 -0.5056985141
BLYP 250 -17.65 -0.5056274242
BLYP 250 -17.5 -0.505556426
BLYP 250 -17.35 -0.5054855194
BLYP 250 -17.2 -0.5054147041
BLYP 250 -17.05 -0.5053439801
BLYP 250 -16.9 -0.505273347
BLYP 250 -16.75 -0.5052028049
BLYP 250 -16.6 -0.5051323533
BLYP 250 -16.45 -0.5050619924
BLYP 250 -16.3 -0.5049917217
BLYP 250 -16.15 -0.5049215412
BLYP 250 -16 -0.5048514508
BLYP 250 -15.85 -0.5047814501
BLYP 250 -15.7 -0.5047115392
BLYP 250 -15.55 -0.5046417177
BLYP 250 -15.4 -0.5045719856
BLYP 250 -15.25 -0.5045023426
BLYP 250 -15.1 -0.5044327887
BLYP 250 -14.95 -0.5043633236
BLYP 250 -14.8 -0.5042939471
BLYP 250 -14.65 -0.5042246592
BLYP 250 -14.5 -0.5041554596
BLYP 250 -14.35 -0.5040863481
BLYP 250 -14.2 -0.5040173247
BLYP 250 -14.05 -0.5039483891
BLYP 250 -13.9 -0.5038795412
BLYP 250 -13.75 -0.5038107809
BLYP 250 -13.6 -0.5037421079
BLYP 250 -13.45 -0.5036735221
BLYP 250 -13.3 -0.5036050233
BLYP 250 -13.15 -0.5035366114
BLYP 250 -13 -0.5034682862
BLYP 250 -12.85 -0.5034000476
BLYP 250 -12.7 -0.5033318954
BLYP 250 -12.55 -0.5032638294
BLYP 250 -12.4 -0.5031958494
BLYP 250 -12.25 -0.5031279554
BLYP 250 -12.1 -0.5030601472
BLYP 250 -11.95 -0.5029924245
BLYP 250 -11.8 -0.5029247873
BLYP 250 -11.65 -0.5028572354
BLYP 250 -11.5 -0.5027897686
BLYP 250 -11.35 -0.5027223868
BLYP 250 -11.2 -0.5026550898
BLYP 250 -11.05 -0.5025878774
BLYP 250 -10.9 -0.5025207496
BLYP 250 -10.75 -0.5024537061
BLYP 250 -10.6 -0.5023867468
BLYP 250 -10.45 -0.5023198715
BLYP 250 -10.3 -0.5022530801
BLYP 250 -10.15 -0.5021863725
BLYP 250 -10 -0.5021197484
BLYP 250 -9.85 -0.5020532078
BLYP 250 -9.7 -0.5019867504
BLYP 250 -9.55 -0.5019203762
BLYP 250 -9.4 -0.5018540849
BLYP 250 -9.25 -0.5017878764
BLYP 250 -9.1 -0.5017217506
BLYP 250 -8.95 -0.5016557073
BLYP 250 -8.8 -0.5015897464
BLYP 250 -8.65 -0.5015238677
BLYP 250 -8.5 -0.5014580711
BLYP 250 -8.35 -0.5013923564
BLYP 250 -8.2 -0.5013267235
BLYP 250 -8.05 -0.5012611721
BLYP 250 -7.9 -0.5011957023
BLYP 250 -7.75 -0.5011303138
BLYP 250 -7.6 -0.5010650064
BLYP 250 -7.45 -0.5009997801
BLYP 250 -7.3 -0.5009346346
BLYP 250 -7.15 -0.5008695699
BLYP 250 -7 -0.5008045858
BLYP 250 -6.85 -0.5007396822
BLYP 250 -6.7 -0.5006748588
BLYP 250 -6.55 -0.5006101156
BLYP 250 -6.4 -0.5005454524
BLYP 250 -6.25 -0.500480869
BLYP 250 -6.1 -0.5004163654
BLYP 250 -5.95 -0.5003519414
BLYP 250 -5.8 -0.5002875967
BLYP 250 -5.65 -0.5002233314
BLYP 250 -5.5 -0.5001591452
BLYP 250 -5.35 -0.5000950381
BLYP 250 -5.2 -0.5000310098
BLYP 250 -5.05 -0.4999670602
BLYP 250 -4.9 -0.4999031892
BLYP 250 -4.75 -0.4998393966
BLYP 250 -4.6 -0.4997756824
BLYP 250 -4.45 -0.4997120463
BLYP 250 -4.3 -0.4996484882
BLYP 250 -4.15 -0.499585008
BLYP 250 -4 -0.4995216055
BLYP 250 -3.85 -0.4994582807
BLYP 250 -3.7 -0.4993950333
BLYP 250 -3.55 -0.4993318632
BLYP 250 -3.4 -0.4992687703
BLYP 250 -3.25 -0.4992057545
BLYP 250 -3.1 -0.4991428155
BLYP 250 -2.95 -0.4990799534
BLYP 250 -2.8 -0.4990171679
BLYP 250 -2.65 -0.4989544589
BLYP 250 -2.5 -0.4988918262
BLYP 250 -2.35 -0.4988292698
BLYP 250 -2.2 -0.4987667894
BLYP 250 -2.05 -0.4987043851
BLYP 250 -1.9 -0.4986420565
BLYP 250 -1.75 -0.4985798037
BLYP 250 -1.6 -0.4985176264
BLYP 250 -1.45 -0.4984555245
BLYP 250 -1.3 -0.4983934979
BLYP 250 -1.15 -0.4983315464
BLYP 250 -1 -0.49826967
BLYP 250 -0.85 -0.4982078685
BLYP 250 -0.7 -0.4981461417
BLYP 250 -0.55 -0.4980844896
BLYP 250 -0.4 -0.4980229119
BLYP 250 -0.25 -0.4979614086
BLYP 250 -0.1 -0.4978999795
BLYP 250 0.05 -0.4978386246
BLYP 250 0.2 -0.4977773436
BLYP 250 0.35 -0.4977161364
BLYP 250 0.5 -0.497655003
BLYP 250 0.65 -0.4975939431
BLYP 250 0.8 -0.4975329567
BLYP 250 0.95 -0.4974720436
BLYP 250 1.1 -0.4974112036
BLYP 250 1.25 -0.4973504368
BLYP 250 1.4 -0.4972897429
BLYP 250 1.55 -0.4972291218
BLYP 250 1.7 -0.4971685734
BLYP 250 1.85 -0.4971080975
BLYP 250 2 -0.4970476941
BLYP 250 2.15 -0.4969873629
BLYP 250 2.3 -0.496927104
BLYP 250 2.45 -0.496866917
BLYP 250 2.6 -0.496806802
BLYP 250 2.75 -0.4967467588
BLYP 250 2.9 -0.4966867873
BLYP 250 3.05 -0.4966268873
BLYP 250 3.2 -0.4965670588
BLYP 250 3.35 -0.4965073015
BLYP 250 3.5 -0.4964476154
BLYP 250 3.65 -0.4963880004
BLYP 250 3.8 -0.4963284562
BLYP 250 3.95 -0.4962689829
BLYP 250 4.1 -0.4962095803
BLYP 250 4.25 -0.4961502482
BLYP 250 4.4 -0.4960909866
BLYP 250 4.55 -0.4960317953
BLYP 250 4.7 -0.4959726741
BLYP 250 4.85 -0.4959136231
BLYP 250 5 -0.4958546419
BLYP 250 5.15 -0.4957957307
BLYP 250 5.3 -0.4957368891
BLYP 250 5.45 -0.4956781171
BLYP 250 5.6 -0.4956194146
BLYP 250 5.75 -0.4955607814
BLYP 250 5.9 -0.4955022174
BLYP 250 6.05 -0.4954437226
BLYP 250 6.2 -0.4953852967
BLYP 250 6.35 -0.4953269397
BLYP 250 6.5 -0.4952686515
BLYP 250 6.65 -0.4952104319
BLYP 250 6.8 -0.4951522808
BLYP 250 6.95 -0.4950941982
BLYP 250 7.1 -0.4950361838
BLYP 250 7.25 -0.4949782375
BLYP 250 7.4 -0.4949203593
BLYP 250 7.55 -0.4948625491
BLYP 250 7.7 -0.4948048066
BLYP 250 7.85 -0.4947471319
BLYP 250 8 -0.4946895247
BLYP 250 8.15 -0.494631985
BLYP 250 8.3 -0.4945745127
BLYP 250 8.45 -0.4945171076
BLYP 250 8.6 -0.4944597696
BLYP 250 8.75 -0.4944024986
BLYP 250 8.9 -0.4943452945
BLYP 250 9.05 -0.4942881572
BLYP 250 9.2 -0.4942310866
BLYP 250 9.35 -0.4941740825
BLYP 250 9.5 -0.4941171449
BLYP 250 9.65 -0.4940602735
BLYP 250 9.8 -0.4940034684
BLYP 250 9.95 -0.4939467294
BLYP 250 10.1 -0.4938900564
BLYP 250 10.25 -0.4938334493
BLYP 250 10.4 -0.4937769079
BLYP 250 10.55 -0.4937204322
BLYP 250 10.7 -0.493664022
BLYP 250 10.85 -0.4936076772
BLYP 250 11 -0.4935513978
BLYP 250 11.15 -0.4934951836
BLYP 250 11.3 -0.4934390345
BLYP 250 11.45 -0.4933829504
BLYP 250 11.6 -0.4933269311
BLYP 250 11.75 -0.4932709766
BLYP 250 11.9 -0.4932150868
BLYP 250 12.05 -0.4931592616
BLYP 250 12.2 -0.4931035008
BLYP 250 12.35 -0.4930478043
BLYP 250 12.5 -0.492992172
BLYP 250 12.65 -0.4929366039
BLYP 250 12.8 -0.4928810998
BLYP 250 12.95 -0.4928256596
BLYP 250 13.1 -0.4927702832
BLYP 250 13.25 -0.4927149705
BLYP 250 13.4 -0.4926597213
BLYP 250 13.55 -0.4926045357
BLYP 250 13.7 -0.4925494134
BLYP 250 13.85 -0.4924943544
BLYP 250 14 -0.4924393585
BLYP 250 14.15 -0.4923844257
BLYP 250 14.3 -0.4923295558
BLYP 250 14.45 -0.4922747488
BLYP 250 14.6 -0.4922200045
BLYP 250 14.75 -0.4921653229
BLYP 250 14.9 -0.4921107038
BLYP 250 15.05 -0.4920561471
BLYP 250 15.2 -0.4920016527
BLYP 250 15.35 -0.4919472206
BLYP 250 15.5 -0.4918928505
BLYP 250 15.65 -0.4918385425
BLYP 250 15.8 -0.4917842964
BLYP 250 15.95 -0.4917301121
BLYP 250 16.1 -0.4916759895
BLYP 250 16.25 -0.4916219285
BLYP 250 16.4 -0.491567929
BLYP 250 16.55 -0.4915139908
BLYP 250 16.7 -0.491460114
BLYP 250 16.85 -0.4914062984
BLYP 250 17 -0.4913525439
BLYP 250 17.15 -0.4912988503
BLYP 250 17.3 -0.4912452176
BLYP 250 17.45 -0.4911916458
BLYP 250 17.6 -0.4911381346
BLYP 250 17.75 -0.491084684
BLYP 250 17.9 -0.4910312939
BLYP 250 18.05 -0.4909779642
BLYP 250 18.2 -0.4909246948
BLYP 250 18.35 -0.4908714856
BLYP 250 18.5 -0.4908183364
BLYP 250 18.65 -0.4907652473
BLYP 250 18.8 -0.490712218
BLYP 250 18.95 -0.4906592486
BLYP 250 19.1 -0.4906063388
BLYP 250 19.25 -0.4905534887
BLYP 250 19.4 -0.490500698
BLYP 250 19.55 -0.4904479668
BLYP 250 19.7 -0.4903952948
BLYP 250 19.85 -0.4903426821
BLYP 250 20 -0.4902901285
BLYP 250 20.15 -0.4902376339
BLYP 250 20.3 -0.4901851982
BLYP 250 20.45 -0.4901328214
BLYP 250 20.6 -0.4900805032
BLYP 250 20.75 -0.4900282437
BLYP 250 20.9 -0.4899760428
BLYP 250 21.05 -0.4899239003
BLYP 250 21.2 -0.4898718161
BLYP 250 21.35 -0.4898197902
BLYP 250 21.5 -0.4897678224
BLYP 250 21.65 -0.4897159127
BLYP 250 21.8 -0.489664061
BLYP 250 21.95 -0.4896122671
BLYP 250 22.1 -0.489560531
BLYP 250 22.25 -0.4895088526
BLYP 250 22.4 -0.4894572318
BLYP 250 22.55 -0.4894056685
BLYP 250 22.7 -0.4893541626
BLYP 250 22.85 -0.489302714
BLYP 250 23 -0.4892513227
BLYP 250 23.15 -0.4891999884
BLYP 250 23.3 -0.4891487112
BLYP 250 23.45 -0.4890974909
BLYP 250 23.6 -0.4890463275
BLYP 250 23.75 -0.4889952209
BLYP 250 23.9 -0.4889441709
BLYP 250 24.05 -0.4888931775
BLYP 250 24.2 -0.4888422406
BLYP 250 24.35 -0.48879136
BLYP 250 24.5 -0.4887405358
BLYP 250 24.65 -0.4886897678
BLYP 250 24.8 -0.4886390559
BLYP 250 24.95 -0.4885884
BLYP 250 25.1 -0.4885378001
BLYP 250 25.25 -0.488487256
BLYP 250 25.4 -0.4884367677
BLYP 250 25.55 -0.4883863351
BLYP 250 25.7 -0.488335958
BLYP 250 25.85 -0.4882856364
BLYP 250 26 -0.4882353703
BLYP 250 26.15 -0.4881851595
BLYP 250 26.3 -0.4881350038
BLYP 250 26.45 -0.4880849034
BLYP 250 26.6 -0.488034858
BLYP 250 26.75 -0.4879848675
BLYP 250 26.9 -0.4879349319
BLYP 250 27.05 -0.4878850511
BLYP 250 27.2 -0.487835225
BLYP 250 27.35 -0.4877854536
BLYP 250 27.5 -0.4877357366
BLYP 250 27.65 -0.4876860741
BLYP 250 27.8 -0.4876364659
BLYP 250 27.95 -0.4875869121
BLYP 250 28.1 -0.4875374123
BLYP 250 28.25 -0.4874879667
BLYP 250 28.4 -0.4874385751
BLYP 250 28.55 -0.4873892374
BLYP 250 28.7 -0.4873399536
BLYP 250 28.85 -0.4872907235
BLYP 250 29 -0.4872415471
BLYP 250 29.15 -0.4871924242
BLYP 250 29.3 -0.4871433549
BLYP 250 29.45 -0.4870943389
BLYP 250 29.6 -0.4870453763
BLYP 250 29.75 -0.4869964669
BLYP 250 29.9 -0.4869476107
BLYP 250 30.05 -0.4868988076
BLYP 250 30.2 -0.4868500574
BLYP 250 30.35 -0.4868013602
BLYP 250 30.5 -0.4867527158
BLYP 250 30.65 -0.4867041241
BLYP 250 30.8 -0.4866555851
BLYP 250 30.95 -0.4866070986
BLYP 250 31.1 -0.4865586646
BLYP 250 31.25 -0.4865102831
BLYP 250 31.4 -0.4864619539
BLYP 250 31.55 -0.4864136769
BLYP 250 31.7 -0.486365452
BLYP 250 31.85 -0.4863172793
BLYP 250 32 -0.4862691586
BLYP 250 32.15 -0.4862210897
BLYP 250 32.3 -0.4861730727
BLYP 250 32.45 -0.4861251075
BLYP 250 32.6 -0.4860771939
BLYP 250 32.75 -0.4860293319
BLYP 250 32.9 -0.4859815214
BLYP 250 33.05 -0.4859337624
BLYP 250 33.2 -0.4858860547
BLYP 250 33.35 -0.4858383982
BLYP 250 33.5 -0.485790793
BLYP 250 33.65 -0.4857432388
BLYP 250 33.8 -0.4856957357
BLYP 250 33.95 -0.4856482835
BLYP 250 34.1 -0.4856008822
BLYP 250 34.25 -0.4855535317
BLYP 250 34.4 -0.4855062319
BLYP 250 34.55 -0.4854589827
BLYP 250 34.7 -0.4854117841
BLYP 250 34.85 -0.4853646359
BLYP 250 35 -0.4853175382
BLYP 250 35.15 -0.4852704907
BLYP 250 35.3 -0.4852234935
BLYP 250 35.45 -0.4851765464
BLYP 250 35.6 -0.4851296494
BLYP 250 35.75 -0.4850828025
BLYP 250 35.9 -0.4850360054
BLYP 250 36.05 -0.4849892582
BLYP 250 36.2 -0.4849425607
BLYP 250 36.35 -0.4848959129
BLYP 250 36.5 -0.4848493148
BLYP 250 36.65 -0.4848027662
BLYP 250 36.8 -0.484756267
BLYP 250 36.95 -0.4847098172
BLYP 250 37.1 -0.4846634168
BLYP 250 37.25 -0.4846170655
BLYP 250 37.4 -0.4845707634
BLYP 250 37.55 -0.4845245104
BLYP 250 37.7 -0.4844783063
BLYP 250 37.85 -0.4844321512
BLYP 250 38 -0.484386045
BLYP 250 38.15 -0.4843399875
BLYP 250 38.3 -0.4842939787
BLYP 250 38.45 -0.4842480185
BLYP 250 38.6 -0.4842021069
BLYP 250 38.75 -0.4841562437
BLYP 250 38.9 -0.4841104289
BLYP 250 39.05 -0.4840646625
BLYP 250 39.2 -0.4840189442
BLYP 250 39.35 -0.4839732742
BLYP 250 39.5 -0.4839276522
BLYP 250 39.65 -0.4838820783
BLYP 250 39.8 -0.4838365523
BLYP 250 39.95 -0.4837910742
BLYP 250 40.1 -0.4837456438
BLYP 250 40.25 -0.4837002612
BLYP 250 40.4 -0.4836549263
BLYP 250 40.55 -0.4836096389
BLYP 250 40.7 -0.483564399
BLYP 250 40.85 -0.4835192065
BLYP 250 41 -0.4834740614
BLYP 250 41.15 -0.4834289636
BLYP 250 41.3 -0.4833839129
BLYP 250 41.45 -0.4833389095
BLYP 250 41.6 -0.483293953
BLYP 250 41.75 -0.4832490436
BLYP 250 41.9 -0.4832041811
BLYP 250 42.05 -0.4831593654
BLYP 250 42.2 -0.4831145965
BLYP 250 42.35 -0.4830698742
BLYP 250 42.5 -0.4830251987
BLYP 250 42.65 -0.4829805696
BLYP 250 42.8 -0.4829359871
BLYP 250 42.95 -0.4828914509
BLYP 250 43.1 -0.4828469611
BLYP 250 43.25 -0.4828025176
BLYP 250 43.4 -0.4827581202
BLYP 250 43.55 -0.482713769
BLYP 250 43.7 -0.4826694638
BLYP 250 43.85 -0.4826252047
BLYP 250 44 -0.4825809914
BLYP 250 44.15 -0.482536824
BLYP 250 44.3 -0.4824927023
BLYP 250 44.45 -0.4824486263
BLYP 250 44.6 -0.482404596
BLYP 250 44.75 -0.4823606112
BLYP 250 44.9 -0.4823166719
BLYP 250 45.05 -0.4822727781
BLYP 250 45.2 -0.4822289295
BLYP 250 45.35 -0.4821851263
BLYP 250 45.5 -0.4821413683
BLYP 250 45.65 -0.4820976554
BLYP 250 45.8 -0.4820539875
BLYP 250 45.95 -0.4820103647
BLYP 250 46.1 -0.4819667868
BLYP 250 46.25 -0.4819232538
BLYP 250 46.4 -0.4818797655
BLYP 250 46.55 -0.481836322
BLYP 250 46.7 -0.4817929232
BLYP 250 46.85 -0.4817495689
BLYP 250 47 -0.4817062591
BLYP 250 47.15 -0.4816629938
BLYP 250 47.3 -0.4816197729
BLYP 250 47.45 -0.4815765963
BLYP 250 47.6 -0.4815334639
BLYP 250 47.75 -0.4814903757
BLYP 250 47.9 -0.4814473317
BLYP 250 48.05 -0.4814043316
BLYP 250 48.2 -0.4813613756
BLYP 250 48.35 -0.4813184634
BLYP 250 48.5 -0.4812755951
BLYP 250 48.65 -0.4812327706
BLYP 250 48.8 -0.4811899897
BLYP 250 48.95 -0.4811472525
BLYP 250 49.1 -0.4811045589
BLYP 250 49.25 -0.4810619088
BLYP 250 49.4 -0.4810193021
BLYP 250 49.55 -0.4809767388
BLYP 250 49.7 -0.4809342188
BLYP 250 49.85 -0.480891742
BLYP 250 50 -0.4808493085
BLYP 250 50.15 -0.480806918
BLYP 250 50.3 -0.4807645705
BLYP 250 50.45 -0.4807222661
BLYP 250 50.6 -0.4806800045
BLYP 250 50.75 -0.4806377858
BLYP 250 50.9 -0.4805956099
BLYP 250 51.05 -0.4805534767
BLYP 250 51.2 -0.4805113861
BLYP 250 51.35 -0.4804693381
BLYP 250 51.5 -0.4804273327
BLYP 250 51.65 -0.4803853697
BLYP 250 51.8 -0.480343449
BLYP 250 51.95 -0.4803015708
BLYP 250 52.1 -0.4802597347
BLYP 250 52.25 -0.4802179409
BLYP 250 52.4 -0.4801761892
BLYP 250 52.55 -0.4801344795
BLYP 250 52.7 -0.4800928119
BLYP 250 52.85 -0.4800511862
BLYP 250 53 -0.4800096024
BLYP 250 53.15 -0.4799680604
BLYP 250 53.3 -0.4799265602
BLYP 250 53.45 -0.4798851016
BLYP 250 53.6 -0.4798436846
BLYP 250 53.75 -0.4798023093
BLYP 250 53.9 -0.4797609754
BLYP 250 54.05 -0.4797196829
BLYP 250 54.2 -0.4796784318
BLYP 250 54.35 -0.479637222
BLYP 250 54.5 -0.4795960535
BLYP 250 54.65 -0.4795549261
BLYP 250 54.8 -0.4795138399
BLYP 250 54.95 -0.4794727947
BLYP 250 55.1 -0.4794317906
BLYP 250 55.25 -0.4793908273
BLYP 250 55.4 -0.4793499049
BLYP 250 55.55 -0.4793090234
BLYP 250 55.7 -0.4792681826
BLYP 250 55.85 -0.4792273824
BLYP 250 56 -0.4791866229
BLYP 250 56.15 -0.479145904
BLYP 250 56.3 -0.4791052255
BLYP 250 56.45 -0.4790645875
BLYP 250 56.6 -0.4790239899
BLYP 250 56.75 -0.4789834326
BLYP 250 56.9 -0.4789429156
BLYP 250 57.05 -0.4789024388
BLYP 250 57.2 -0.478862002
BLYP 250 57.35 -0.4788216054
BLYP 250 57.5 -0.4787812488
BLYP 250 57.65 -0.4787409322
BLYP 250 57.8 -0.4787006554
BLYP 250 57.95 -0.4786604185
BLYP 250 58.1 -0.4786202213
BLYP 250 58.25 -0.4785800639
BLYP 250 58.4 -0.4785399461
BLYP 250 58.55 -0.478499868
BLYP 250 58.7 -0.4784598293
BLYP 250 58.85 -0.4784198302
BLYP 250 59 -0.4783798704
BLYP 250 59.15 -0.47833995
BLYP 250 59.3 -0.478300069
BLYP 250 59.45 -0.4782602271
BLYP 250 59.6 -0.4782204245
BLYP 250 59.75 -0.4781806609
BLYP 250 59.9 -0.4781409365
BLYP 250 60.05 -0.478101251
BLYP 250 60.2 -0.4780616045
BLYP 250 60.35 -0.4780219969
BLYP 250 60.5 -0.4779824281
BLYP 250 60.65 -0.4779428981
BLYP 250 60.8 -0.4779034068
BLYP 250 60.95 -0.4778639542
BLYP 250 61.1 -0.4778245401
BLYP 250 61.25 -0.4777851646
BLYP 250 61.4 -0.4777458276
BLYP 250 61.55 -0.4777065291
BLYP 250 61.7 -0.4776672689
BLYP 250 61.85 -0.477628047
BLYP 250 62 -0.4775888633
BLYP 250 62.15 -0.4775497179
BLYP 250 62.3 -0.4775106106
BLYP 250 62.45 -0.4774715414
BLYP 250 62.6 -0.4774325102
BLYP 250 62.75 -0.477393517
BLYP 250 62.9 -0.4773545618
BLYP 250 63.05 -0.4773156443
BLYP 250 63.2 -0.4772767647
BLYP 250 63.35 -0.4772379228
BLYP 250 63.5 -0.4771991187
BLYP 250 63.65 -0.4771603521
BLYP 250 63.8 -0.4771216232
BLYP 250 63.95 -0.4770829317
BLYP 250 64.1 -0.4770442778
BLYP 250 64.25 -0.4770056612
BLYP 250 64.4 -0.476967082
BLYP 250 64.55 -0.4769285401
BLYP 250 64.7 -0.4768900355
BLYP 250 64.85 -0.476851568
BLYP 250 65 -0.4768131377
BLYP 250 65.15 -0.4767747445
BLYP 250 65.3 -0.4767363883
BLYP 250 65.45 -0.476698069
BLYP 250 65.6 -0.4766597867
BLYP 250 65.75 -0.4766215413
BLYP 250 65.9 -0.4765833326
BLYP 250 66.05 -0.4765451608
BLYP 250 66.2 -0.4765070256
BLYP 250 66.35 -0.476468927
BLYP 250 66.5 -0.4764308651
BLYP 250 66.65 -0.4763928397
BLYP 250 66.8 -0.4763548508
BLYP 250 66.95 -0.4763168983
BLYP 250 67.1 -0.4762789822
BLYP 250 67.25 -0.4762411024
BLYP 250 67.4 -0.4762032589
BLYP 250 67.55 -0.4761654516
BLYP 250 67.7 -0.4761276805
BLYP 250 67.85 -0.4760899455
BLYP 250 68 -0.4760522465
BLYP 250 68.15 -0.4760145836
BLYP 250 68.3 -0.4759769566
BLYP 250 68.45 -0.4759393655
BLYP 250 68.6 -0.4759018103
BLYP 250 68.75 -0.4758642908
BLYP 250 68.9 -0.4758268071
BLYP 250 69.05 -0.4757893591
BLYP 250 69.2 -0.4757519468
BLYP 250 69.35 -0.47571457
BLYP 250 69.5 -0.4756772287
BLYP 250 69.65 -0.475639923
BLYP 250 69.8 -0.4756026526
BLYP 250 69.95 -0.4755654177
BLYP 250 70.1 -0.4755282181
BLYP 250 70.25 -0.4754910537
BLYP 250 70.4 -0.4754539246
BLYP 250 70.55 -0.4754168307
BLYP 250 70.7 -0.4753797718
BLYP 250 70.85 -0.4753427481
BLYP 250 71 -0.4753057593
BLYP 250 71.15 -0.4752688056
BLYP 250 71.3 -0.4752318867
BLYP 250 71.45 -0.4751950028
BLYP 250 71.6 -0.4751581536
BLYP 250 71.75 -0.4751213392
BLYP 250 71.9 -0.4750845596
BLYP 250 72.05 -0.4750478146
BLYP 250 72.2 -0.4750111042
BLYP 250 72.35 -0.4749744284
BLYP 250 72.5 -0.4749377871
BLYP 250 72.65 -0.4749011802
BLYP 250 72.8 -0.4748646078
BLYP 250 72.95 -0.4748280697
BLYP 250 73.1 -0.474791566
BLYP 250 73.25 -0.4747550965
BLYP 250 73.4 -0.4747186613
BLYP 250 73.55 -0.4746822602
BLYP 250 73.7 -0.4746458932
BLYP 250 73.85 -0.4746095603
BLYP 250 74 -0.4745732615
BLYP 250 74.15 -0.4745369966
BLYP 250 74.3 -0.4745007656
BLYP 250 74.45 -0.4744645685
BLYP 250 74.6 -0.4744284052
BLYP 250 74.75 -0.4743922757
BLYP 250 74.9 -0.4743561799
BLYP 250 75.05 -0.4743201178
BLYP 250 75.2 -0.4742840893
BLYP 250 75.35 -0.4742480945
BLYP 250 75.5 -0.4742121331
BLYP 250 75.65 -0.4741762052
BLYP 250 75.8 -0.4741403108
BLYP 250 75.95 -0.4741044498
BLYP 250 76.1 -0.4740686221
BLYP 250 76.25 -0.4740328277
BLYP 250 76.4 -0.4739970665
BLYP 250 76.55 -0.4739613386
BLYP 250 76.7 -0.4739256438
BLYP 250 76.85 -0.4738899821
BLYP 250 77 -0.4738543535
BLYP 250 77.15 -0.4738187578
BLYP 250 77.3 -0.4737831952
BLYP 250 77.45 -0.4737476654
BLYP 250 77.6 -0.4737121686
BLYP 250 77.75 -0.4736767045
BLYP 250 77.9 -0.4736412732
BLYP 250 78.05 -0.4736058747
BLYP 250 78.2 -0.4735705088
BLYP 250 78.35 -0.4735351756
BLYP 250 78.5 -0.4734998749
BLYP 250 78.65 -0.4734646068
BLYP 250 78.8 -0.4734293712
BLYP 250 78.95 -0.473394168
BLYP 250 79.1 -0.4733589973
BLYP 250 79.25 -0.4733238589
BLYP 250 79.4 -0.4732887528
BLYP 250 79.55 -0.473253679
BLYP 250 79.7 -0.4732186374
BLYP 250 79.85 -0.473183628
BLYP 250 80 -0.4731486507
BLYP 250 80.15 -0.4731137055
BLYP 250 80.3 -0.4730787923
BLYP 250 80.45 -0.4730439111
BLYP 250 80.6 -0.4730090619
BLYP 250 80.75 -0.4729742445
BLYP 250 80.9 -0.4729394591
BLYP 250 81.05 -0.4729047054
BLYP 250 81.2 -0.4728699835
BLYP 250 81.35 -0.4728352933
BLYP 250 81.5 -0.4728006349
BLYP 250 81.65 -0.472766008
BLYP 250 81.8 -0.4727314127
BLYP 250 81.95 -0.472696849
BLYP 250 82.1 -0.4726623168
BLYP 250 82.25 -0.472627816
BLYP 250 82.4 -0.4725933466
BLYP 250 82.55 -0.4725589087
BLYP 250 82.7 -0.472524502
BLYP 250 82.85 -0.4724901266
BLYP 250 83 -0.4724557824
BLYP 250 83.15 -0.4724214695
BLYP 250 83.3 -0.4723871877
BLYP 250 83.45 -0.4723529369
BLYP 250 83.6 -0.4723187173
BLYP 250 83.75 -0.4722845286
BLYP 250 83.9 -0.472250371
BLYP 250 84.05 -0.4722162442
BLYP 250 84.2 -0.4721821484
BLYP 250 84.35 -0.4721480834
BLYP 250 84.5 -0.4721140492
BLYP 250 84.65 -0.4720800457
BLYP 250 84.8 -0.472046073
BLYP 250 84.95 -0.4720121309
BLYP 250 85.1 -0.4719782195
BLYP 250 85.25 -0.4719443387
BLYP 250 85.4 -0.4719104884
BLYP 250 85.55 -0.4718766686
BLYP 250 85.7 -0.4718428792
BLYP 250 85.85 -0.4718091203
BLYP 250 86 -0.4717753917
BLYP 250 86.15 -0.4717416935
BLYP 250 86.3 -0.4717080255
BLYP 250 86.45 -0.4716743879
BLYP 250 86.6 -0.4716407804
BLYP 250 86.75 -0.471607203
BLYP 250 86.9 -0.4715736558
BLYP 250 87.05 -0.4715401387
BLYP 250 87.2 -0.4715066516
BLYP 250 87.35 -0.4714731945
BLYP 250 87.5 -0.4714397674
BLYP 250 87.65 -0.4714063702
BLYP 250 87.8 -0.4713730028
BLYP 250 87.95 -0.4713396653
BLYP 250 88.1 -0.4713063576
BLYP 250 88.25 -0.4712730796
BLYP 250 88.4 -0.4712398313
BLYP 250 88.55 -0.4712066127
BLYP 250 88.7 -0.4711734237
BLYP 250 88.85 -0.4711402643
BLYP 250 89 -0.4711071344
BLYP 250 89.15 -0.4710740341
BLYP 250 89.3 -0.4710409631
BLYP 250 89.45 -0.4710079217
BLYP 250 89.6 -0.4709749096
BLYP 250 89.75 -0.4709419268
BLYP 250 89.9 -0.4709089733
BLYP 250 90.05 -0.4708760491
BLYP 250 90.2 -0.4708431542
BLYP 250 90.35 -0.4708102883
BLYP 250 90.5 -0.4707774517
BLYP 250 90.65 -0.4707446441
BLYP 250 90.8 -0.4707118656
BLYP 250 90.95 -0.4706791161
BLYP 250 91.1 -0.4706463956
BLYP 250 91.25 -0.470613704
BLYP 250 91.4 -0.4705810414
BLYP 250 91.55 -0.4705484075
BLYP 250 91.7 -0.4705158026
BLYP 250 91.85 -0.4704832263
BLYP 250 92 -0.4704506789
BLYP 250 92.15 -0.4704181601
BLYP 250 92.3 -0.47038567
BLYP 250 92.45 -0.4703532085
BLYP 250 92.6 -0.4703207756
BLYP 250 92.75 -0.4702883713
BLYP 250 92.9 -0.4702559955
BLYP 250 93.05 -0.4702236481
BLYP 250 93.2 -0.4701913291
BLYP 250 93.35 -0.4701590386
BLYP 250 93.5 -0.4701267764
BLYP 250 93.65 -0.4700945425
BLYP 250 93.8 -0.4700623369
BLYP 250 93.95 -0.4700301595
BLYP 250 94.1 -0.4699980104
BLYP 250 94.25 -0.4699658893
BLYP 250 94.4 -0.4699337965
BLYP 250 94.55 -0.4699017316
BLYP 250 94.7 -0.4698696949
BLYP 250 94.85 -0.4698376861
BLYP 250 95 -0.4698057053
BLYP 250 95.15 -0.4697737525
BLYP 250 95.3 -0.4697418275
BLYP 250 95.45 -0.4697099304
BLYP 250 95.6 -0.4696780611
BLYP 250 95.75 -0.4696462196
BLYP 250 95.9 -0.4696144059
BLYP 250 96.05 -0.4695826198
BLYP 250 96.2 -0.4695508614
BLYP 250 96.35 -0.4695191307
BLYP 250 96.5 -0.4694874275
BLYP 250 96.65 -0.4694557519
BLYP 250 96.8 -0.4694241039
BLYP 250 96.95 -0.4693924832
BLYP 250 97.1 -0.4693608901
BLYP 250 97.25 -0.4693293243
BLYP 250 97.4 -0.469297786
BLYP 250 97.55 -0.4692662749
BLYP 250 97.7 -0.4692347912
BLYP 250 97.85 -0.4692033347
BLYP 250 98 -0.4691719055
BLYP 250 98.15 -0.4691405034
BLYP 250 98.3 -0.4691091285
BLYP 250 98.45 -0.4690777807
BLYP 250 98.6 -0.46904646
BLYP 250 98.75 -0.4690151663
BLYP 250 98.9 -0.4689838996
BLYP 250 99.05 -0.4689526599
BLYP 250 99.2 -0.4689214471
BLYP 250 99.35 -0.4688902613
BLYP 250 99.5 -0.4688591023
BLYP 250 99.65 -0.4688279701
BLYP 250 99.8 -0.4687968647
BLYP 250 99.95 -0.4687657861
BLYP 250 100.1 -0.4687347341
BLYP 250 100.25 -0.4687037089
BLYP 250 100.4 -0.4686727103
BLYP 250 100.55 -0.4686417384
BLYP 250 100.7 -0.468610793
BLYP 250 100.85 -0.4685798741
BLYP 250 101 -0.4685489818
BLYP 250 101.15 -0.4685181159
BLYP 250 101.3 -0.4684872765
BLYP 250 101.45 -0.4684564634
BLYP 250 101.6 -0.4684256767
BLYP 250 101.75 -0.4683949164
BLYP 250 101.9 -0.4683641824
BLYP 250 102.05 -0.4683334746
BLYP 250 102.2 -0.468302793
BLYP 250 102.35 -0.4682721376
BLYP 250 102.5 -0.4682415084
BLYP 250 102.65 -0.4682109053
BLYP 250 102.8 -0.4681803283
BLYP 250 102.95 -0.4681497774
BLYP 250 103.1 -0.4681192524
BLYP 250 103.25 -0.4680887535
BLYP 250 103.4 -0.4680582805
BLYP 250 103.55 -0.4680278334
BLYP 250 103.7 -0.4679974122
BLYP 250 103.85 -0.4679670168
BLYP 250 104 -0.4679366473
BLYP 250 104.15 -0.4679063035
BLYP 250 104.3 -0.4678759855
BLYP 250 104.45 -0.4678456932
BLYP 250 104.6 -0.4678154266
BLYP 250 104.75 -0.4677851856
BLYP 250 104.9 -0.4677549702
BLYP 250 105.05 -0.4677247804
BLYP 250 105.2 -0.4676946161
BLYP 250 105.35 -0.4676644773
BLYP 250 105.5 -0.4676343641
BLYP 250 105.65 -0.4676042762
BLYP 250 105.8 -0.4675742138
BLYP 250 105.95 -0.4675441767
BLYP 250 106.1 -0.467514165
BLYP 250 106.25 -0.4674841786
BLYP 250 106.4 -0.4674542175
BLYP 250 106.55 -0.4674242816
BLYP 250 106.7 -0.4673943709
BLYP 250 106.85 -0.4673644854
BLYP 250 107 -0.467334625
BLYP 250 107.15 -0.4673047898
BLYP 250 107.3 -0.4672749796
BLYP 250 107.45 -0.4672451945
BLYP 250 107.6 -0.4672154344
BLYP 250 107.75 -0.4671856992
BLYP 250 107.9 -0.467155989
BLYP 250 108.05 -0.4671263037
BLYP 250 108.2 -0.4670966433
BLYP 250 108.35 -0.4670670078
BLYP 250 108.5 -0.4670373971
BLYP 250 108.65 -0.4670078111
BLYP 250 108.8 -0.4669782499
BLYP 250 108.95 -0.4669487135
BLYP 250 109.1 -0.4669192017
BLYP 250 109.25 -0.4668897145
BLYP 250 109.4 -0.466860252
BLYP 250 109.55 -0.4668308141
BLYP 250 109.7 -0.4668014008
BLYP 250 109.85 -0.4667720119
BLYP 250 110 -0.4667426476
BLYP 250 110.15 -0.4667133077
BLYP 250 110.3 -0.4666839923
BLYP 250 110.45 -0.4666547013
BLYP 250 110.6 -0.4666254346
BLYP 250 110.75 -0.4665961923
BLYP 250 110.9 -0.4665669743
BLYP 250 111.05 -0.4665377805
BLYP 250 111.2 -0.466508611
BLYP 250 111.35 -0.4664794658
BLYP 250 111.5 -0.4664503447
BLYP 250 111.65 -0.4664212477
BLYP 250 111.8 -0.4663921749
BLYP 250 111.95 -0.4663631261
BLYP 250 112.1 -0.4663341014
BLYP 250 112.25 -0.4663051008
BLYP 250 112.4 -0.4662761241
BLYP 250 112.55 -0.4662471714
BLYP 250 112.7 -0.4662182427
BLYP 250 112.85 -0.4661893378
BLYP 250 113 -0.4661604568
BLYP 250 113.15 -0.4661315996
BLYP 250 113.3 -0.4661027663
BLYP 250 113.45 -0.4660739567
BLYP 250 113.6 -0.4660451709
BLYP 250 113.75 -0.4660164088
BLYP 250 113.9 -0.4659876704
BLYP 250 114.05 -0.4659589557
BLYP 250 114.2 -0.4659302646
BLYP 250 114.35 -0.465901597
BLYP 250 114.5 -0.4658729531
BLYP 250 114.65 -0.4658443327
BLYP 250 114.8 -0.4658157358
BLYP 250 114.95 -0.4657871623
BLYP 250 115.1 -0.4657586123
BLYP 250 115.25 -0.4657300858
BLYP 250 115.4 -0.4657015826
BLYP 250 115.55 -0.4656731028
BLYP 250 115.7 -0.4656446463
BLYP 250 115.85 -0.4656162131
BLYP 250 116 -0.4655878032
BLYP 250 116.15 -0.4655594165
BLYP 250 116.3 -0.465531053
BLYP 250 116.45 -0.4655027127
BLYP 250 116.6 -0.4654743955
BLYP 250 116.75 -0.4654461015
BLYP 250 116.9 -0.4654178306
BLYP 250 117.05 -0.4653895827
BLYP 250 117.2 -0.4653613579
BLYP 250 117.35 -0.465333156
BLYP 250 117.5 -0.4653049772
BLYP 250 117.65 -0.4652768212
BLYP 250 117.8 -0.4652486882
BLYP 250 117.95 -0.4652205781
BLYP 250 118.1 -0.4651924909
BLYP 250 118.25 -0.4651644264
BLYP 250 118.4 -0.4651363848
BLYP 250 118.55 -0.4651083659
BLYP 250 118.7 -0.4650803698
BLYP 250 118.85 -0.4650523964
BLYP 250 119 -0.4650244457
BLYP 250 119.15 -0.4649965176
BLYP 250 119.3 -0.4649686122
BLYP 250 119.45 -0.4649407294
BLYP 250 119.6 -0.4649128691
BLYP 250 119.75 -0.4648850314
BLYP 250 119.9 -0.4648572162
BLYP 250 120.05 -0.4648294235
BLYP 250 120.2 -0.4648016532
BLYP 250 120.35 -0.4647739054
BLYP 250 120.5 -0.4647461799
BLYP 250 120.65 -0.4647184769
BLYP 250 120.8 -0.4646907962
BLYP 250 120.95 -0.4646631378
BLYP 250 121.1 -0.4646355017
BLYP 250 121.25 -0.4646078878
BLYP 250 121.4 -0.4645802962
BLYP 250 121.55 -0.4645527268
BLYP 250 121.7 -0.4645251795
BLYP 250 121.85 -0.4644976545
BLYP 250 122 -0.4644701515
BLYP 250 122.15 -0.4644426706
BLYP 250 122.3 -0.4644152118
BLYP 250 122.45 -0.464387775
BLYP 250 122.6 -0.4643603603
BLYP 250 122.75 -0.4643329675
BLYP 250 122.9 -0.4643055967
BLYP 250 123.05 -0.4642782478
BLYP 250 123.2 -0.4642509208
BLYP 250 123.35 -0.4642236157
BLYP 250 123.5 -0.4641963324
BLYP 250 123.65 -0.464169071
BLYP 250 123.8 -0.4641418313
BLYP 250 123.95 -0.4641146134
BLYP 250 124.1 -0.4640874173
BLYP 250 124.25 -0.4640602428
BLYP 250 124.4 -0.46403309
BLYP 250 124.55 -0.4640059589
BLYP 250 124.7 -0.4639788495
BLYP 250 124.85 -0.4639517616
BLYP 250 125 -0.4639246953
BLYP 250 125.15 -0.4638976505
BLYP 250 125.3 -0.4638706273
BLYP 250 125.45 -0.4638436256
BLYP 250 125.6 -0.4638166453
BLYP 250 125.75 -0.4637896865
BLYP 250 125.9 -0.4637627491
BLYP 250 126.05 -0.4637358331
BLYP 250 126.2 -0.4637089384
BLYP 250 126.35 -0.4636820651
BLYP 250 126.5 -0.4636552131
BLYP 250 126.65 -0.4636283824
BLYP 250 126.8 -0.4636015729
BLYP 250 126.95 -0.4635747847
BLYP 250 127.1 -0.4635480177
BLYP 250 127.25 -0.4635212718
BLYP 250 127.4 -0.4634945471
BLYP 250 127.55 -0.4634678435
BLYP 250 127.7 -0.4634411611
BLYP 250 127.85 -0.4634144997
BLYP 250 128 -0.4633878593
BLYP 250 128.15 -0.46336124
BLYP 250 128.3 -0.4633346417
BLYP 250 128.45 -0.4633080643
BLYP 250 128.6 -0.4632815079
BLYP 250 128.75 -0.4632549724
BLYP 250 128.9 -0.4632284578
BLYP 250 129.05 -0.463201964
BLYP 250 129.2 -0.4631754911
BLYP 250 129.35 -0.4631490391
BLYP 250 129.5 -0.4631226078
BLYP 250 129.65 -0.4630961973
BLYP 250 129.8 -0.4630698075
BLYP 250 129.95 -0.4630434384
BLYP 250 130.1 -0.46301709
BLYP 250 130.25 -0.4629907623
BLYP 250 130.4 -0.4629644553
BLYP 250 130.55 -0.4629381688
BLYP 250 130.7 -0.4629119029
BLYP 250 130.85 -0.4628856576
BLYP 250 131 -0.4628594328
BLYP 250 131.15 -0.4628332286
BLYP 250 131.3 -0.4628070448
BLYP 250 131.45 -0.4627808815
BLYP 250 131.6 -0.4627547386
BLYP 250 131.75 -0.4627286162
BLYP 250 131.9 -0.4627025141
BLYP 250 132.05 -0.4626764324
BLYP 250 132.2 -0.462650371
BLYP 250 132.35 -0.46262433
BLYP 250 132.5 -0.4625983092
BLYP 250 132.65 -0.4625723087
BLYP 250 132.8 -0.4625463285
BLYP 250 132.95 -0.4625203684
BLYP 250 133.1 -0.4624944286
BLYP 250 133.25 -0.4624685089
BLYP 250 133.4 -0.4624426093
BLYP 250 133.55 -0.4624167299
BLYP 250 133.7 -0.4623908705
BLYP 250 133.85 -0.4623650313
BLYP 250 134 -0.462339212
BLYP 250 134.15 -0.4623134128
BLYP 250 134.3 -0.4622876336
BLYP 250 134.45 -0.4622618744
BLYP 250 134.6 -0.4622361351
BLYP 250 134.75 -0.4622104157
BLYP 250 134.9 -0.4621847162
BLYP 250 135.05 -0.4621590366
BLYP 250 135.2 -0.4621333769
BLYP 250 135.35 -0.462107737
BLYP 250 135.5 -0.4620821168
BLYP 250 135.65 -0.4620565165
BLYP 250 135.8 -0.4620309359
BLYP 250 135.95 -0.462005375
BLYP 250 136.1 -0.4619798339
BLYP 250 136.25 -0.4619543124
BLYP 250 136.4 -0.4619288106
BLYP 250 136.55 -0.4619033285
BLYP 250 136.7 -0.4618778659
BLYP 250 136.85 -0.4618524229
BLYP 250 137 -0.4618269995
BLYP 250 137.15 -0.4618015957
BLYP 250 137.3 -0.4617762113
BLYP 250 137.45 -0.4617508465
BLYP 250 137.6 -0.4617255011
BLYP 250 137.75 -0.4617001752
BLYP 250 137.9 -0.4616748687
BLYP 250 138.05 -0.4616495816
BLYP 250 138.2 -0.4616243139
BLYP 250 138.35 -0.4615990655
BLYP 250 138.5 -0.4615738365
BLYP 250 138.65 -0.4615486267
BLYP 250 138.8 -0.4615234363
BLYP 250 138.95 -0.4614982651
BLYP 250 139.1 -0.4614731132
BLYP 250 139.25 -0.4614479805
BLYP 250 139.4 -0.4614228669
BLYP 250 139.55 -0.4613977726
BLYP 250 139.7 -0.4613726974
BLYP 250 139.85 -0.4613476413
BLYP 250 140 -0.4613226043
BLYP 250 140.15 -0.4612975864
BLYP 250 140.3 -0.4612725875
BLYP 250 140.45 -0.4612476077
BLYP 250 140.6 -0.4612226469
BLYP 250 140.75 -0.4611977051
BLYP 250 140.9 -0.4611727823
BLYP 250 141.05 -0.4611478784
BLYP 250 141.2 -0.4611229934
BLYP 250 141.35 -0.4610981273
BLYP 250 141.5 -0.4610732801
BLYP 250 141.65 -0.4610484517
BLYP 250 141.8 -0.4610236422
BLYP 250 141.95 -0.4609988515
BLYP 250 142.1 -0.4609740796
BLYP 250 142.25 -0.4609493264
BLYP 250 142.4 -0.460924592
BLYP 250 142.55 -0.4608998763
BLYP 250 142.7 -0.4608751793
BLYP 250 142.85 -0.460850501
BLYP 250 143 -0.4608258413
BLYP 250 143.15 -0.4608012003
BLYP 250 143.3 -0.4607765778
BLYP 250 143.45 -0.460751974
BLYP 250 143.6 -0.4607273887
BLYP 250 143.75 -0.460702822
BLYP 250 143.9 -0.4606782737
BLYP 250 144.05 -0.460653744
BLYP 250 144.2 -0.4606292328
BLYP 250 144.35 -0.46060474
BLYP 250 144.5 -0.4605802657
BLYP 250 144.65 -0.4605558097
BLYP 250 144.8 -0.4605313722
BLYP 250 144.95 -0.460506953
BLYP 250 145.1 -0.4604825522
BLYP 250 145.25 -0.4604581697
BLYP 250 145.4 -0.4604338055
BLYP 250 145.55 -0.4604094596
BLYP 250 145.7 -0.4603851319
BLYP 250 145.85 -0.4603608225
BLYP 250 146 -0.4603365313
BLYP 250 146.15 -0.4603122583
BLYP 250 146.3 -0.4602880035
BLYP 250 146.45 -0.4602637668
BLYP 250 146.6 -0.4602395483
BLYP 250 146.75 -0.4602153479
BLYP 250 146.9 -0.4601911656
BLYP 250 147.05 -0.4601670013
BLYP 250 147.2 -0.4601428551
BLYP 250 147.35 -0.4601187269
BLYP 250 147.5 -0.4600946167
BLYP 250 147.65 -0.4600705245
BLYP 250 147.8 -0.4600464503
BLYP 250 147.95 -0.460022394
BLYP 250 148.1 -0.4599983557
BLYP 250 148.25 -0.4599743352
BLYP 250 148.4 -0.4599503326
BLYP 250 148.55 -0.4599263479
BLYP 250 148.7 -0.459902381
BLYP 250 148.85 -0.4598784319
BLYP 250 149 -0.4598545007
BLYP 250 149.15 -0.4598305872
BLYP 250 149.3 -0.4598066915
BLYP 250 149.45 -0.4597828135
BLYP 250 149.6 -0.4597589532
BLYP 250 149.75 -0.4597351106
BLYP 250 149.9 -0.4597112857
BLYP 250 150.05 -0.4596874784
BLYP 250 150.2 -0.4596636888
BLYP 250 150.35 -0.4596399168
BLYP 250 150.5 -0.4596161623
BLYP 250 150.65 -0.4595924255
BLYP 250 150.8 -0.4595687062
BLYP 250 150.95 -0.4595450044
BLYP 250 151.1 -0.4595213201
BLYP 250 151.25 -0.4594976533
BLYP 250 151.4 -0.459474004
BLYP 250 151.55 -0.4594503722
BLYP 250 151.7 -0.4594267577
BLYP 250 151.85 -0.4594031607
BLYP 250 152 -0.4593795811
BLYP 250 152.15 -0.4593560188
BLYP 250 152.3 -0.4593324739
BLYP 250 152.45 -0.4593089463
BLYP 250 152.6 -0.4592854361
BLYP 250 152.75 -0.4592619431
BLYP 250 152.9 -0.4592384673
BLYP 250 153.05 -0.4592150089
BLYP 250 153.2 -0.4591915676
BLYP 250 153.35 -0.4591681436
BLYP 250 153.5 -0.4591447368
BLYP 250 153.65 -0.4591213471
BLYP 250 153.8 -0.4590979746
BLYP 250 153.95 -0.4590746192
BLYP 250 154.1 -0.4590512809
BLYP 250 154.25 -0.4590279597
BLYP 250 154.4 -0.4590046556
BLYP 250 154.55 -0.4589813685
BLYP 250 154.7 -0.4589580984
BLYP 250 154.85 -0.4589348454
BLYP 250 155 -0.4589116094
BLYP 250 155.15 -0.4588883903
BLYP 250 155.3 -0.4588651882
BLYP 250 155.45 -0.458842003
BLYP 250 155.6 -0.4588188348
BLYP 250 155.75 -0.4587956834
BLYP 250 155.9 -0.4587725489
BLYP 250 156.05 -0.4587494313
BLYP 250 156.2 -0.4587263305
BLYP 250 156.35 -0.4587032465
BLYP 250 156.5 -0.4586801793
BLYP 250 156.65 -0.4586571289
BLYP 250 156.8 -0.4586340953
BLYP 250 156.95 -0.4586110784
BLYP 250 157.1 -0.4585880782
BLYP 250 157.25 -0.4585650948
BLYP 250 157.4 -0.458542128
BLYP 250 157.55 -0.4585191779
BLYP 250 157.7 -0.4584962444
BLYP 250 157.85 -0.4584733276
BLYP 250 158 -0.4584504273
BLYP 250 158.15 -0.4584275437
BLYP 250 158.3 -0.4584046766
BLYP 250 158.45 -0.4583818261
BLYP 250 158.6 -0.4583589921
BLYP 250 158.75 -0.4583361746
BLYP 250 158.9 -0.4583133736
BLYP 250 159.05 -0.4582905891
BLYP 250 159.2 -0.4582678211
BLYP 250 159.35 -0.4582450695
BLYP 250 159.5 -0.4582223343
BLYP 250 159.65 -0.4581996155
BLYP 250 159.8 -0.4581769131
BLYP 250 159.95 -0.4581542271
BLYP 250 160.1 -0.4581315574
BLYP 250 160.25 -0.458108904
BLYP 250 160.4 -0.458086267
BLYP 250 160.55 -0.4580636462
BLYP 250 160.7 -0.4580410417
BLYP 250 160.85 -0.4580184535
BLYP 250 161 -0.4579958815
BLYP 250 161.15 -0.4579733257
BLYP 250 161.3 -0.4579507861
BLYP 250 161.45 -0.4579282627
BLYP 250 161.6 -0.4579057555
BLYP 250 161.75 -0.4578832644
BLYP 250 161.9 -0.4578607894
BLYP 250 162.05 -0.4578383306
BLYP 250 162.2 -0.4578158878
BLYP 250 162.35 -0.4577934611
BLYP 250 162.5 -0.4577710504
BLYP 250 162.65 -0.4577486558
BLYP 250 162.8 -0.4577262772
BLYP 250 162.95 -0.4577039147
BLYP 250 163.1 -0.457681568
BLYP 250 163.25 -0.4576592374
BLYP 250 163.4 -0.4576369227
BLYP 250 163.55 -0.4576146239
BLYP 250 163.7 -0.4575923411
BLYP 250 163.85 -0.4575700741
BLYP 250 164 -0.457547823
BLYP 250 164.15 -0.4575255877
BLYP 250 164.3 -0.4575033683
BLYP 250 164.45 -0.4574811648
BLYP 250 164.6 -0.457458977
BLYP 250 164.75 -0.457436805
BLYP 250 164.9 -0.4574146488
BLYP 250 165.05 -0.4573925083
BLYP 250 165.2 -0.4573703835
BLYP 250 165.35 -0.4573482745
BLYP 250 165.5 -0.4573261812
BLYP 250 165.65 -0.4573041035
BLYP 250 165.8 -0.4572820415
BLYP 250 165.95 -0.4572599952
BLYP 250 166.1 -0.4572379645
BLYP 250 166.25 -0.4572159494
BLYP 250 166.4 -0.4571939498
BLYP 250 166.55 -0.4571719659
BLYP 250 166.7 -0.4571499975
BLYP 250 166.85 -0.4571280447
BLYP 250 167 -0.4571061074
BLYP 250 167.15 -0.4570841856
BLYP 250 167.3 -0.4570622792
BLYP 250 167.45 -0.4570403884
BLYP 250 167.6 -0.457018513
BLYP 250 167.75 -0.456996653
BLYP 250 167.9 -0.4569748085
BLYP 250 168.05 -0.4569529793
BLYP 250 168.2 -0.4569311656
BLYP 250 168.35 -0.4569093672
BLYP 250 168.5 -0.4568875842
BLYP 250 168.65 -0.4568658165
BLYP 250 168.8 -0.4568440641
BLYP 250 168.95 -0.456822327
BLYP 250 169.1 -0.4568006052
BLYP 250 169.25 -0.4567788987
BLYP 250 169.4 -0.4567572074
BLYP 250 169.55 -0.4567355313
BLYP 250 169.7 -0.4567138705
BLYP 250 169.85 -0.4566922249
BLYP 250 170 -0.4566705944
BLYP 250 170.15 -0.4566489791
BLYP 250 170.3 -0.456627379
BLYP 250 170.45 -0.456605794
BLYP 250 170.6 -0.4565842241
BLYP 250 170.75 -0.4565626693
BLYP 250 170.9 -0.4565411296
BLYP 250 171.05 -0.456519605
BLYP 250 171.2 -0.4564980954
BLYP 250 171.35 -0.4564766008
BLYP 250 171.5 -0.4564551213
BLYP 250 171.65 -0.4564336567
BLYP 250 171.8 -0.4564122072
BLYP 250 171.95 -0.4563907726
BLYP 250 172.1 -0.4563693529
BLYP 250 172.25 -0.4563479482
BLYP 250 172.4 -0.4563265584
BLYP 250 172.55 -0.4563051835
BLYP 250 172.7 -0.4562838235
BLYP 250 172.85 -0.4562624784
BLYP 250 173 -0.4562411481
BLYP 250 173.15 -0.4562198326
BLYP 250 173.3 -0.456198532
BLYP 250 173.45 -0.4561772462
BLYP 250 173.6 -0.4561559751
BLYP 250 173.75 -0.4561347188
BLYP 250 173.9 -0.4561134773
BLYP 250 174.05 -0.4560922505
BLYP 250 174.2 -0.4560710384
BLYP 250 174.35 -0.4560498411
BLYP 250 174.5 -0.4560286584
BLYP 250 174.65 -0.4560074904
BLYP 250 174.8 -0.4559863371
BLYP 250 174.95 -0.4559651984
BLYP 250 175.1 -0.4559440743
BLYP 250 175.25 -0.4559229649
BLYP 250 175.4 -0.45590187
BLYP 250 175.55 -0.4558807897
BLYP 250 175.7 -0.455859724
BLYP 250 175.85 -0.4558386728
BLYP 250 176 -0.4558176362
BLYP 250 176.15 -0.455796614
BLYP 250 176.3 -0.4557756064
BLYP 250 176.45 -0.4557546132
BLYP 250 176.6 -0.4557336345
BLYP 250 176.75 -0.4557126703
BLYP 250 176.9 -0.4556917205
BLYP 250 177.05 -0.4556707851
BLYP 250 177.2 -0.4556498641
BLYP 250 177.35 -0.4556289576
BLYP 250 177.5 -0.4556080653
BLYP 250 177.65 -0.4555871875
BLYP 250 177.8 -0.455566324
BLYP 250 177.95 -0.4555454748
BLYP 250 178.1 -0.4555246399
BLYP 250 178.25 -0.4555038193
BLYP 250 178.4 -0.455483013
BLYP 250 178.55 -0.455462221
BLYP 250 178.7 -0.4554414432
BLYP 250 178.85 -0.4554206796
BLYP 250 179 -0.4553999303
BLYP 250 179.15 -0.4553791952
BLYP 250 179.3 -0.4553584742
BLYP 250 179.45 -0.4553377674
BLYP 250 179.6 -0.4553170748
BLYP 250 179.75 -0.4552963963
BLYP 250 179.9 -0.455275732
BLYP 250 180.05 -0.4552550817
BLYP 250 180.2 -0.4552344456
BLYP 250 180.35 -0.4552138235
BLYP 250 180.5 -0.4551932155
BLYP 250 180.65 -0.4551726216
BLYP 250 180.8 -0.4551520417
BLYP 250 180.95 -0.4551314758
BLYP 250 181.1 -0.4551109239
BLYP 250 181.25 -0.455090386
BLYP 250 181.4 -0.4550698621
BLYP 250 181.55 -0.4550493521
BLYP 250 181.7 -0.4550288561
BLYP 250 181.85 -0.455008374
BLYP 250 182 -0.4549879058
BLYP 250 182.15 -0.4549674516
BLYP 250 182.3 -0.4549470112
BLYP 250 182.45 -0.4549265847
BLYP 250 182.6 -0.454906172
BLYP 250 182.75 -0.4548857732
BLYP 250 182.9 -0.4548653882
BLYP 250 183.05 -0.454845017
BLYP 250 183.2 -0.4548246596
BLYP 250 183.35 -0.454804316
BLYP 250 183.5 -0.4547839861
BLYP 250 183.65 -0.45476367
BLYP 250 183.8 -0.4547433677
BLYP 250 183.95 -0.4547230791
BLYP 250 184.1 -0.4547028041
BLYP 250 184.25 -0.4546825429
BLYP 250 184.4 -0.4546622953
BLYP 250 184.55 -0.4546420615
BLYP 250 184.7 -0.4546218412
BLYP 250 184.85 -0.4546016346
BLYP 250 185 -0.4545814416
BLYP 250 185.15 -0.4545612622
BLYP 250 185.3 -0.4545410965
BLYP 250 185.45 -0.4545209442
BLYP 250 185.6 -0.4545008056
BLYP 250 185.75 -0.4544806805
BLYP 250 185.9 -0.4544605689
BLYP 250 186.05 -0.4544404709
BLYP 250 186.2 -0.4544203863
BLYP 250 186.35 -0.4544003153
BLYP 250 186.5 -0.4543802577
BLYP 250 186.65 -0.4543602136
BLYP 250 186.8 -0.4543401829
BLYP 250 186.95 -0.4543201657
BLYP 250 187.1 -0.4543001619
BLYP 250 187.25 -0.4542801715
BLYP 250 187.4 -0.4542601944
BLYP 250 187.55 -0.4542402308
BLYP 250 187.7 -0.4542202805
BLYP 250 187.85 -0.4542003436
BLYP 250 188 -0.45418042
BLYP 250 188.15 -0.4541605097
BLYP 250 188.3 -0.4541406127
BLYP 250 188.45 -0.454120729
BLYP 250 188.6 -0.4541008586
BLYP 250 188.75 -0.4540810015
BLYP 250 188.9 -0.4540611576
BLYP 250 189.05 -0.4540413269
BLYP 250 189.2 -0.4540215095
BLYP 250 189.35 -0.4540017052
BLYP 250 189.5 -0.4539819142
BLYP 250 189.65 -0.4539621363
BLYP 250 189.8 -0.4539423716
BLYP 250 189.95 -0.4539226201
BLYP 250 190.1 -0.4539028817
BLYP 250 190.25 -0.4538831564
BLYP 250 190.4 -0.4538634443
BLYP 250 190.55 -0.4538437452
BLYP 250 190.7 -0.4538240592
BLYP 250 190.85 -0.4538043863
BLYP 250 191 -0.4537847264
BLYP 250 191.15 -0.4537650796
BLYP 250 191.3 -0.4537454458
BLYP 250 191.45 -0.453725825
BLYP 250 191.6 -0.4537062172
BLYP 250 191.75 -0.4536866224
BLYP 250 191.9 -0.4536670406
BLYP 250 192.05 -0.4536474718
BLYP 250 192.2 -0.4536279158
BLYP 250 192.35 -0.4536083729
BLYP 250 192.5 -0.4535888428
BLYP 250 192.65 -0.4535693256
BLYP 250 192.8 -0.4535498214
BLYP 250 192.95 -0.45353033
BLYP 250 193.1 -0.4535108515
BLYP 250 193.25 -0.4534913858
BLYP 250 193.4 -0.453471933
BLYP 250 193.55 -0.453452493
BLYP 250 193.7 -0.4534330658
BLYP 250 193.85 -0.4534136514
BLYP 250 194 -0.4533942497
BLYP 250 194.15 -0.4533748609
BLYP 250 194.3 -0.4533554848
BLYP 250 194.45 -0.4533361215
BLYP 250 194.6 -0.4533167709
BLYP 250 194.75 -0.453297433
BLYP 250 194.9 -0.4532781078
BLYP 250 195.05 -0.4532587953
BLYP 250 195.2 -0.4532394955
BLYP 250 195.35 -0.4532202083
BLYP 250 195.5 -0.4532009338
BLYP 250 195.65 -0.453181672
BLYP 250 195.8 -0.4531624227
BLYP 250 195.95 -0.4531431861
BLYP 250 196.1 -0.4531239621
BLYP 250 196.25 -0.4531047506
BLYP 250 196.4 -0.4530855518
BLYP 250 196.55 -0.4530663655
BLYP 250 196.7 -0.4530471917
BLYP 250 196.85 -0.4530280305
BLYP 250 197 -0.4530088818
BLYP 250 197.15 -0.4529897456
BLYP 250 197.3 -0.4529706219
BLYP 250 197.45 -0.4529515107
BLYP 250 197.6 -0.4529324119
BLYP 250 197.75 -0.4529133256
BLYP 250 197.9 -0.4528942518
BLYP 250 198.05 -0.4528751904
BLYP 250 198.2 -0.4528561414
BLYP 250 198.35 -0.4528371048
BLYP 250 198.5 -0.4528180806
BLYP 250 198.65 -0.4527990688
BLYP 250 198.8 -0.4527800693
BLYP 250 198.95 -0.4527610822
BLYP 250 199.1 -0.4527421075
BLYP 250 199.25 -0.452723145
BLYP 250 199.4 -0.4527041949
BLYP 250 199.55 -0.4526852571
BLYP 250 199.7 -0.4526663316
BLYP 250 199.85 -0.4526474183
BLYP 250 200 -0.4526285174
