Functional Exponent Coefficient Energy
BLYP 2.5 -100 -73.5088914103
BLYP 2.5 -99.85 -73.3837022322
BLYP 2.5 -99.7 -73.2585295207
BLYP 2.5 -99.55 -73.1333732962
BLYP 2.5 -99.4 -73.0082335795
BLYP 2.5 -99.25 -72.8831103912
BLYP 2.5 -99.1 -72.7580037522
BLYP 2.5 -98.95 -72.6329136832
BLYP 2.5 -98.8 -72.5078402053
BLYP 2.5 -98.65 -72.3827833394
BLYP 2.5 -98.5 -72.2577431067
BLYP 2.5 -98.35 -72.1327195282
BLYP 2.5 -98.2 -72.0077126253
BLYP 2.5 -98.05 -71.8827224192
BLYP 2.5 -97.9 -71.7577489314
BLYP 2.5 -97.75 -71.6327921834
BLYP 2.5 -97.6 -71.5078521966
BLYP 2.5 -97.45 -71.3829289929
BLYP 2.5 -97.3 -71.2580225938
BLYP 2.5 -97.15 -71.1331330212
BLYP 2.5 -97 -71.008260297
BLYP 2.5 -96.85 -70.8834044431
BLYP 2.5 -96.7 -70.7585654817
BLYP 2.5 -96.55 -70.6337434349
BLYP 2.5 -96.4 -70.5089383249
BLYP 2.5 -96.25 -70.3841501741
BLYP 2.5 -96.1 -70.2593790048
BLYP 2.5 -95.95 -70.1346248395
BLYP 2.5 -95.8 -70.0098877009
BLYP 2.5 -95.65 -69.8851676116
BLYP 2.5 -95.5 -69.7604645944
BLYP 2.5 -95.35 -69.6357786722
BLYP 2.5 -95.2 -69.5111098679
BLYP 2.5 -95.05 -69.3864582045
BLYP 2.5 -94.9 -69.2618237053
BLYP 2.5 -94.75 -69.1372063934
BLYP 2.5 -94.6 -69.0126062921
BLYP 2.5 -94.45 -68.888023425
BLYP 2.5 -94.3 -68.7634578155
BLYP 2.5 -94.15 -68.6389094873
BLYP 2.5 -94 -68.5143784641
BLYP 2.5 -93.85 -68.3898647697
BLYP 2.5 -93.7 -68.2653684281
BLYP 2.5 -93.55 -68.1408894633
BLYP 2.5 -93.4 -68.0164278993
BLYP 2.5 -93.25 -67.8919837606
BLYP 2.5 -93.1 -67.7675570713
BLYP 2.5 -92.95 -67.6431478559
BLYP 2.5 -92.8 -67.5187561391
BLYP 2.5 -92.65 -67.3943819454
BLYP 2.5 -92.5 -67.2700252997
BLYP 2.5 -92.35 -67.1456862268
BLYP 2.5 -92.2 -67.0213647517
BLYP 2.5 -92.05 -66.8970608995
BLYP 2.5 -91.9 -66.7727746954
BLYP 2.5 -91.75 -66.6485061648
BLYP 2.5 -91.6 -66.5242553331
BLYP 2.5 -91.45 -66.4000222259
BLYP 2.5 -91.3 -66.2758068688
BLYP 2.5 -91.15 -66.1516092876
BLYP 2.5 -91 -66.0274295083
BLYP 2.5 -90.85 -65.9032675569
BLYP 2.5 -90.7 -65.7791234595
BLYP 2.5 -90.55 -65.6549972425
BLYP 2.5 -90.4 -65.5308889322
BLYP 2.5 -90.25 -65.4067985552
BLYP 2.5 -90.1 -65.282726138
BLYP 2.5 -89.95 -65.1586717076
BLYP 2.5 -89.8 -65.0346352908
BLYP 2.5 -89.65 -64.9106169147
BLYP 2.5 -89.5 -64.7866166064
BLYP 2.5 -89.35 -64.6626343933
BLYP 2.5 -89.2 -64.5386703027
BLYP 2.5 -89.05 -64.4147243624
BLYP 2.5 -88.9 -64.2907965999
BLYP 2.5 -88.75 -64.1668870432
BLYP 2.5 -88.6 -64.0429957203
BLYP 2.5 -88.45 -63.9191226593
BLYP 2.5 -88.3 -63.7952678885
BLYP 2.5 -88.15 -63.6714314363
BLYP 2.5 -88 -63.5476133314
BLYP 2.5 -87.85 -63.4238136025
BLYP 2.5 -87.7 -63.3000322786
BLYP 2.5 -87.55 -63.1762693885
BLYP 2.5 -87.4 -63.0525249618
BLYP 2.5 -87.25 -62.9287990276
BLYP 2.5 -87.1 -62.8050916156
BLYP 2.5 -86.95 -62.6814027555
BLYP 2.5 -86.8 -62.5577324774
BLYP 2.5 -86.65 -62.4340808114
BLYP 2.5 -86.5 -62.3104477878
BLYP 2.5 -86.35 -62.1868334373
BLYP 2.5 -86.2 -62.0632377907
BLYP 2.5 -86.05 -61.9396608793
BLYP 2.5 -85.9 -61.8161027346
BLYP 2.5 -85.75 -61.6925633886
BLYP 2.5 -85.6 -61.5690428742
BLYP 2.5 -85.45 -61.4455412254
BLYP 2.5 -85.3 -61.3220584786
BLYP 2.5 -85.15 -61.1985946794
BLYP 2.5 -85 -61.075150321
BLYP 2.5 -84.85 -60.9517250823
BLYP 2.5 -84.7 -60.8283188817
BLYP 2.5 -84.55 -60.7049317447
BLYP 2.5 -84.4 -60.5815637003
BLYP 2.5 -84.25 -60.4582147789
BLYP 2.5 -84.1 -60.3348850118
BLYP 2.5 -83.95 -60.2115744308
BLYP 2.5 -83.8 -60.0882830683
BLYP 2.5 -83.65 -59.9650109567
BLYP 2.5 -83.5 -59.8417581289
BLYP 2.5 -83.35 -59.7185246181
BLYP 2.5 -83.2 -59.5953104577
BLYP 2.5 -83.05 -59.4721156812
BLYP 2.5 -82.9 -59.3489403227
BLYP 2.5 -82.75 -59.2257844161
BLYP 2.5 -82.6 -59.1026479958
BLYP 2.5 -82.45 -58.9795310963
BLYP 2.5 -82.3 -58.8564337522
BLYP 2.5 -82.15 -58.7333559987
BLYP 2.5 -82 -58.6102978708
BLYP 2.5 -81.85 -58.487259404
BLYP 2.5 -81.7 -58.3642406338
BLYP 2.5 -81.55 -58.241241596
BLYP 2.5 -81.4 -58.1182623267
BLYP 2.5 -81.25 -57.9953028621
BLYP 2.5 -81.1 -57.8723632387
BLYP 2.5 -80.95 -57.7494434931
BLYP 2.5 -80.8 -57.6265436623
BLYP 2.5 -80.65 -57.5036637835
BLYP 2.5 -80.5 -57.3808038938
BLYP 2.5 -80.35 -57.257964031
BLYP 2.5 -80.2 -57.1351442328
BLYP 2.5 -80.05 -57.0123445372
BLYP 2.5 -79.9 -56.8895649826
BLYP 2.5 -79.75 -56.7668056074
BLYP 2.5 -79.6 -56.6440664504
BLYP 2.5 -79.45 -56.5213475505
BLYP 2.5 -79.3 -56.3986489469
BLYP 2.5 -79.15 -56.2759706792
BLYP 2.5 -79 -56.1533127869
BLYP 2.5 -78.85 -56.03067531
BLYP 2.5 -78.7 -55.9080582888
BLYP 2.5 -78.55 -55.7854617636
BLYP 2.5 -78.4 -55.6628857752
BLYP 2.5 -78.25 -55.5403303645
BLYP 2.5 -78.1 -55.4177955726
BLYP 2.5 -77.95 -55.2952814411
BLYP 2.5 -77.8 -55.1727880117
BLYP 2.5 -77.65 -55.0503153264
BLYP 2.5 -77.5 -54.9278634273
BLYP 2.5 -77.35 -54.8054323571
BLYP 2.5 -77.2 -54.6830221586
BLYP 2.5 -77.05 -54.5606328747
BLYP 2.5 -76.9 -54.4382645489
BLYP 2.5 -76.75 -54.3159172247
BLYP 2.5 -76.6 -54.1935909461
BLYP 2.5 -76.45 -54.0712857572
BLYP 2.5 -76.3 -53.9490017026
BLYP 2.5 -76.15 -53.826738827
BLYP 2.5 -76 -53.7044971754
BLYP 2.5 -75.85 -53.5822767932
BLYP 2.5 -75.7 -53.460077726
BLYP 2.5 -75.55 -53.3379000198
BLYP 2.5 -75.4 -53.2157437209
BLYP 2.5 -75.25 -53.0936088757
BLYP 2.5 -75.1 -52.9714955312
BLYP 2.5 -74.95 -52.8494037346
BLYP 2.5 -74.8 -52.7273335333
BLYP 2.5 -74.65 -52.6052849751
BLYP 2.5 -74.5 -52.4832581082
BLYP 2.5 -74.35 -52.3612529811
BLYP 2.5 -74.2 -52.2392696424
BLYP 2.5 -74.05 -52.1173081414
BLYP 2.5 -73.9 -51.9953685274
BLYP 2.5 -73.75 -51.8734508502
BLYP 2.5 -73.6 -51.75155516
BLYP 2.5 -73.45 -51.6296815071
BLYP 2.5 -73.3 -51.5078299423
BLYP 2.5 -73.15 -51.3860005169
BLYP 2.5 -73 -51.2641932821
BLYP 2.5 -72.85 -51.1424082899
BLYP 2.5 -72.7 -51.0206455924
BLYP 2.5 -72.55 -50.898905242
BLYP 2.5 -72.4 -50.7771872914
BLYP 2.5 -72.25 -50.6554917939
BLYP 2.5 -72.1 -50.5338188029
BLYP 2.5 -71.95 -50.4121683721
BLYP 2.5 -71.8 -50.290540556
BLYP 2.5 -71.65 -50.1689354105
BLYP 2.5 -71.5 -50.0473529987
BLYP 2.5 -71.35 -49.9257934202
BLYP 2.5 -71.2 -49.8042568216
BLYP 2.5 -71.05 -49.6827431678
BLYP 2.5 -70.9 -49.5612524649
BLYP 2.5 -70.75 -49.4397847622
BLYP 2.5 -70.6 -49.3183401169
BLYP 2.5 -70.45 -49.1969185883
BLYP 2.5 -70.3 -49.075520236
BLYP 2.5 -70.15 -48.9541451203
BLYP 2.5 -70 -48.832793302
BLYP 2.5 -69.85 -48.7114648424
BLYP 2.5 -69.7 -48.5901598037
BLYP 2.5 -69.55 -48.4688782495
BLYP 2.5 -69.4 -48.3476202459
BLYP 2.5 -69.25 -48.2263858744
BLYP 2.5 -69.1 -48.1051755797
BLYP 2.5 -68.95 -47.9839890559
BLYP 2.5 -68.8 -47.8628263405
BLYP 2.5 -68.65 -47.7416874925
BLYP 2.5 -68.5 -47.6205725734
BLYP 2.5 -68.35 -47.4994816464
BLYP 2.5 -68.2 -47.3784147753
BLYP 2.5 -68.05 -47.257372025
BLYP 2.5 -67.9 -47.1363534607
BLYP 2.5 -67.75 -47.0153591484
BLYP 2.5 -67.6 -46.8943891548
BLYP 2.5 -67.45 -46.7734435469
BLYP 2.5 -67.3 -46.6525223924
BLYP 2.5 -67.15 -46.5316257596
BLYP 2.5 -67 -46.4107537173
BLYP 2.5 -66.85 -46.2899063348
BLYP 2.5 -66.7 -46.1690836821
BLYP 2.5 -66.55 -46.0482858295
BLYP 2.5 -66.4 -45.9275128482
BLYP 2.5 -66.25 -45.8067648096
BLYP 2.5 -66.1 -45.686041786
BLYP 2.5 -65.95 -45.56534385
BLYP 2.5 -65.8 -45.444671075
BLYP 2.5 -65.65 -45.3240235348
BLYP 2.5 -65.5 -45.2034013039
BLYP 2.5 -65.35 -45.0828044573
BLYP 2.5 -65.2 -44.9622330708
BLYP 2.5 -65.05 -44.8416872206
BLYP 2.5 -64.9 -44.7211669836
BLYP 2.5 -64.75 -44.6006724373
BLYP 2.5 -64.6 -44.4802036599
BLYP 2.5 -64.45 -44.3597607301
BLYP 2.5 -64.3 -44.2393437274
BLYP 2.5 -64.15 -44.1189527319
BLYP 2.5 -64 -43.9985878244
BLYP 2.5 -63.85 -43.8782490864
BLYP 2.5 -63.7 -43.7579366
BLYP 2.5 -63.55 -43.6376504484
BLYP 2.5 -63.4 -43.5173907154
BLYP 2.5 -63.25 -43.3971574859
BLYP 2.5 -63.1 -43.2769508466
BLYP 2.5 -62.95 -43.1567709159
BLYP 2.5 -62.8 -43.0366178429
BLYP 2.5 -62.65 -42.9164916271
BLYP 2.5 -62.5 -42.7963923528
BLYP 2.5 -62.35 -42.6763201073
BLYP 2.5 -62.2 -42.556274979
BLYP 2.5 -62.05 -42.4362570573
BLYP 2.5 -61.9 -42.3162664328
BLYP 2.5 -61.75 -42.1963032066
BLYP 2.5 -61.6 -42.0763674681
BLYP 2.5 -61.45 -41.9564592987
BLYP 2.5 -61.3 -41.8365787911
BLYP 2.5 -61.15 -41.7167260391
BLYP 2.5 -61 -41.5969011374
BLYP 2.5 -60.85 -41.4771041815
BLYP 2.5 -60.7 -41.3573352678
BLYP 2.5 -60.55 -41.2375944935
BLYP 2.5 -60.4 -41.1178819565
BLYP 2.5 -60.25 -40.9981977554
BLYP 2.5 -60.1 -40.8785419896
BLYP 2.5 -59.95 -40.7589147586
BLYP 2.5 -59.8 -40.6393161803
BLYP 2.5 -59.65 -40.5197463779
BLYP 2.5 -59.5 -40.4002054246
BLYP 2.5 -59.35 -40.2806934259
BLYP 2.5 -59.2 -40.1612104874
BLYP 2.5 -59.05 -40.0417567154
BLYP 2.5 -58.9 -39.922332217
BLYP 2.5 -58.75 -39.8029371004
BLYP 2.5 -58.6 -39.6835714747
BLYP 2.5 -58.45 -39.5642354506
BLYP 2.5 -58.3 -39.4449291409
BLYP 2.5 -58.15 -39.325652664
BLYP 2.5 -58 -39.2064061497
BLYP 2.5 -57.85 -39.0871897122
BLYP 2.5 -57.7 -38.968003449
BLYP 2.5 -57.55 -38.848847469
BLYP 2.5 -57.4 -38.7297218868
BLYP 2.5 -57.25 -38.6106268204
BLYP 2.5 -57.1 -38.4915623879
BLYP 2.5 -56.95 -38.3725287088
BLYP 2.5 -56.8 -38.253525904
BLYP 2.5 -56.65 -38.1345540953
BLYP 2.5 -56.5 -38.0156134052
BLYP 2.5 -56.35 -37.8967039569
BLYP 2.5 -56.2 -37.7778258736
BLYP 2.5 -56.05 -37.658979279
BLYP 2.5 -55.9 -37.5401643913
BLYP 2.5 -55.75 -37.421381337
BLYP 2.5 -55.6 -37.3026301628
BLYP 2.5 -55.45 -37.1839110087
BLYP 2.5 -55.3 -37.0652240847
BLYP 2.5 -55.15 -36.9465694978
BLYP 2.5 -55 -36.8279473327
BLYP 2.5 -54.85 -36.709357724
BLYP 2.5 -54.7 -36.5908008104
BLYP 2.5 -54.55 -36.4722767316
BLYP 2.5 -54.4 -36.3537856285
BLYP 2.5 -54.25 -36.2353276428
BLYP 2.5 -54.1 -36.1169029177
BLYP 2.5 -53.95 -35.9985115975
BLYP 2.5 -53.8 -35.8801538277
BLYP 2.5 -53.65 -35.7618297554
BLYP 2.5 -53.5 -35.6435395286
BLYP 2.5 -53.35 -35.5252832972
BLYP 2.5 -53.2 -35.4070612121
BLYP 2.5 -53.05 -35.2888734256
BLYP 2.5 -52.9 -35.1707200916
BLYP 2.5 -52.75 -35.0526013655
BLYP 2.5 -52.6 -34.9345174039
BLYP 2.5 -52.45 -34.816468365
BLYP 2.5 -52.3 -34.6984544086
BLYP 2.5 -52.15 -34.5804756959
BLYP 2.5 -52 -34.4625323895
BLYP 2.5 -51.85 -34.3446246538
BLYP 2.5 -51.7 -34.2267526547
BLYP 2.5 -51.55 -34.1089165596
BLYP 2.5 -51.4 -33.9911165374
BLYP 2.5 -51.25 -33.873352759
BLYP 2.5 -51.1 -33.7556253966
BLYP 2.5 -50.95 -33.6379346241
BLYP 2.5 -50.8 -33.5202806172
BLYP 2.5 -50.65 -33.4026635532
BLYP 2.5 -50.5 -33.2850836112
BLYP 2.5 -50.35 -33.1675409719
BLYP 2.5 -50.2 -33.0500358179
BLYP 2.5 -50.05 -32.9325683335
BLYP 2.5 -49.9 -32.8151387049
BLYP 2.5 -49.75 -32.6977471199
BLYP 2.5 -49.6 -32.5803937683
BLYP 2.5 -49.45 -32.4630788418
BLYP 2.5 -49.3 -32.3458025338
BLYP 2.5 -49.15 -32.2285650397
BLYP 2.5 -49 -32.1113665587
BLYP 2.5 -48.85 -31.9942072889
BLYP 2.5 -48.7 -31.8770874308
BLYP 2.5 -48.55 -31.7600071881
BLYP 2.5 -48.4 -31.6429667675
BLYP 2.5 -48.25 -31.5259663743
BLYP 2.5 -48.1 -31.4090062179
BLYP 2.5 -47.95 -31.2920865095
BLYP 2.5 -47.8 -31.1752074628
BLYP 2.5 -47.65 -31.0583692939
BLYP 2.5 -47.5 -30.9415722227
BLYP 2.5 -47.35 -30.8248164666
BLYP 2.5 -47.2 -30.7081022479
BLYP 2.5 -47.05 -30.5914297913
BLYP 2.5 -46.9 -30.4747993301
BLYP 2.5 -46.75 -30.3582110879
BLYP 2.5 -46.6 -30.2416652946
BLYP 2.5 -46.45 -30.125162184
BLYP 2.5 -46.3 -30.0087019921
BLYP 2.5 -46.15 -29.8922849571
BLYP 2.5 -46 -29.7759113256
BLYP 2.5 -45.85 -29.6595813366
BLYP 2.5 -45.7 -29.5432952364
BLYP 2.5 -45.55 -29.4270532759
BLYP 2.5 -45.4 -29.3108557108
BLYP 2.5 -45.25 -29.1947027871
BLYP 2.5 -45.1 -29.078594761
BLYP 2.5 -44.95 -28.9625318923
BLYP 2.5 -44.8 -28.8465144413
BLYP 2.5 -44.65 -28.7305426722
BLYP 2.5 -44.5 -28.6146168518
BLYP 2.5 -44.35 -28.4987372497
BLYP 2.5 -44.2 -28.3829041379
BLYP 2.5 -44.05 -28.2671177991
BLYP 2.5 -43.9 -28.1513785106
BLYP 2.5 -43.75 -28.0356865487
BLYP 2.5 -43.6 -27.9200421978
BLYP 2.5 -43.45 -27.8044457453
BLYP 2.5 -43.3 -27.6888974812
BLYP 2.5 -43.15 -27.5733976989
BLYP 2.5 -43 -27.4579466948
BLYP 2.5 -42.85 -27.3425447694
BLYP 2.5 -42.7 -27.2271922293
BLYP 2.5 -42.55 -27.1118893929
BLYP 2.5 -42.4 -26.9966365527
BLYP 2.5 -42.25 -26.8814340204
BLYP 2.5 -42.1 -26.7662821114
BLYP 2.5 -41.95 -26.6511811444
BLYP 2.5 -41.8 -26.5361314417
BLYP 2.5 -41.65 -26.4211333292
BLYP 2.5 -41.5 -26.3061871359
BLYP 2.5 -41.35 -26.1912931947
BLYP 2.5 -41.2 -26.0764518419
BLYP 2.5 -41.05 -25.9616634175
BLYP 2.5 -40.9 -25.8469282651
BLYP 2.5 -40.75 -25.7322467319
BLYP 2.5 -40.6 -25.6176191691
BLYP 2.5 -40.45 -25.5030459314
BLYP 2.5 -40.3 -25.3885273777
BLYP 2.5 -40.15 -25.2740638703
BLYP 2.5 -40 -25.1596557759
BLYP 2.5 -39.85 -25.0453034648
BLYP 2.5 -39.7 -24.9310073117
BLYP 2.5 -39.55 -24.8167676951
BLYP 2.5 -39.4 -24.7025849976
BLYP 2.5 -39.25 -24.5884596062
BLYP 2.5 -39.1 -24.474391912
BLYP 2.5 -38.95 -24.3603823104
BLYP 2.5 -38.8 -24.2464312011
BLYP 2.5 -38.65 -24.1325389882
BLYP 2.5 -38.5 -24.0187060803
BLYP 2.5 -38.35 -23.9049328904
BLYP 2.5 -38.2 -23.7912198361
BLYP 2.5 -38.05 -23.6775673396
BLYP 2.5 -37.9 -23.5639758277
BLYP 2.5 -37.75 -23.4504457322
BLYP 2.5 -37.6 -23.3369774893
BLYP 2.5 -37.45 -23.2235715403
BLYP 2.5 -37.3 -23.1102283313
BLYP 2.5 -37.15 -22.9969483135
BLYP 2.5 -37 -22.8837319429
BLYP 2.5 -36.85 -22.7705796808
BLYP 2.5 -36.7 -22.6574919936
BLYP 2.5 -36.55 -22.5444693527
BLYP 2.5 -36.4 -22.4315122349
BLYP 2.5 -36.25 -22.318621122
BLYP 2.5 -36.1 -22.2057965017
BLYP 2.5 -35.95 -22.0930388668
BLYP 2.5 -35.8 -21.9803487159
BLYP 2.5 -35.65 -21.8677265529
BLYP 2.5 -35.5 -21.7551728878
BLYP 2.5 -35.35 -21.642688236
BLYP 2.5 -35.2 -21.5302731189
BLYP 2.5 -35.05 -21.4179280637
BLYP 2.5 -34.9 -21.3056536036
BLYP 2.5 -34.75 -21.1934502779
BLYP 2.5 -34.6 -21.0813186318
BLYP 2.5 -34.45 -20.969259217
BLYP 2.5 -34.3 -20.8572725911
BLYP 2.5 -34.15 -20.7453593184
BLYP 2.5 -34 -20.6335199694
BLYP 2.5 -33.85 -20.5217551212
BLYP 2.5 -33.7 -20.4100653574
BLYP 2.5 -33.55 -20.2984512682
BLYP 2.5 -33.4 -20.1869134509
BLYP 2.5 -33.25 -20.0754525092
BLYP 2.5 -33.1 -19.9640690539
BLYP 2.5 -32.95 -19.8527637029
BLYP 2.5 -32.8 -19.741537081
BLYP 2.5 -32.65 -19.6303898204
BLYP 2.5 -32.5 -19.5193225604
BLYP 2.5 -32.35 -19.4083359476
BLYP 2.5 -32.2 -19.2974306364
BLYP 2.5 -32.05 -19.1866072882
BLYP 2.5 -31.9 -19.0758665726
BLYP 2.5 -31.75 -18.9652091666
BLYP 2.5 -31.6 -18.8546357552
BLYP 2.5 -31.45 -18.7441470312
BLYP 2.5 -31.3 -18.6337436954
BLYP 2.5 -31.15 -18.523426457
BLYP 2.5 -31 -18.4131960333
BLYP 2.5 -30.85 -18.3030531497
BLYP 2.5 -30.7 -18.1929985405
BLYP 2.5 -30.55 -18.0830329482
BLYP 2.5 -30.4 -17.9731571242
BLYP 2.5 -30.25 -17.8633718285
BLYP 2.5 -30.1 -17.75367783
BLYP 2.5 -29.95 -17.6440759067
BLYP 2.5 -29.8 -17.5345668458
BLYP 2.5 -29.65 -17.4251514435
BLYP 2.5 -29.5 -17.3158305055
BLYP 2.5 -29.35 -17.2066048469
BLYP 2.5 -29.2 -17.0974752925
BLYP 2.5 -29.05 -16.9884426768
BLYP 2.5 -28.9 -16.8795078439
BLYP 2.5 -28.75 -16.7706716483
BLYP 2.5 -28.6 -16.6619349542
BLYP 2.5 -28.45 -16.5532986363
BLYP 2.5 -28.3 -16.4447635796
BLYP 2.5 -28.15 -16.3363306796
BLYP 2.5 -28 -16.2280008424
BLYP 2.5 -27.85 -16.1197749848
BLYP 2.5 -27.7 -16.0116540348
BLYP 2.5 -27.55 -15.9036389312
BLYP 2.5 -27.4 -15.7957306242
BLYP 2.5 -27.25 -15.6879300752
BLYP 2.5 -27.1 -15.5802382574
BLYP 2.5 -26.95 -15.4726561552
BLYP 2.5 -26.8 -15.3651847654
BLYP 2.5 -26.65 -15.2578250964
BLYP 2.5 -26.5 -15.1505781689
BLYP 2.5 -26.35 -15.0434450159
BLYP 2.5 -26.2 -14.9364266828
BLYP 2.5 -26.05 -14.8295242279
BLYP 2.5 -25.9 -14.7227387222
BLYP 2.5 -25.75 -14.6160712497
BLYP 2.5 -25.6 -14.5095229077
BLYP 2.5 -25.45 -14.4030948068
BLYP 2.5 -25.3 -14.2967880711
BLYP 2.5 -25.15 -14.1906038389
BLYP 2.5 -25 -14.084543262
BLYP 2.5 -24.85 -13.9786075065
BLYP 2.5 -24.7 -13.8727977532
BLYP 2.5 -24.55 -13.7671151971
BLYP 2.5 -24.4 -13.6615610483
BLYP 2.5 -24.25 -13.5561365318
BLYP 2.5 -24.1 -13.4508428879
BLYP 2.5 -23.95 -13.3456813725
BLYP 2.5 -23.8 -13.2406532571
BLYP 2.5 -23.65 -13.1357598293
BLYP 2.5 -23.5 -13.0310023928
BLYP 2.5 -23.35 -12.9263822681
BLYP 2.5 -23.2 -12.8219007922
BLYP 2.5 -23.05 -12.7175593193
BLYP 2.5 -22.9 -12.6133592207
BLYP 2.5 -22.75 -12.5093018855
BLYP 2.5 -22.6 -12.4053887207
BLYP 2.5 -22.45 -12.3016211516
BLYP 2.5 -22.3 -12.1980006218
BLYP 2.5 -22.15 -12.094528594
BLYP 2.5 -22 -11.99120655
BLYP 2.5 -21.85 -11.8880359913
BLYP 2.5 -21.7 -11.7850184394
BLYP 2.5 -21.55 -11.6821554363
BLYP 2.5 -21.4 -11.5794485449
BLYP 2.5 -21.25 -11.4768993499
BLYP 2.5 -21.1 -11.3745094595
BLYP 2.5 -20.95 -11.27228051
BLYP 2.5 -20.8 -11.1702144426
BLYP 2.5 -20.65 -11.0683127385
BLYP 2.5 -20.5 -10.9665770119
BLYP 2.5 -20.35 -10.8650089971
BLYP 2.5 -20.2 -10.763610427
BLYP 2.5 -20.05 -10.6623830557
BLYP 2.5 -19.9 -10.561328674
BLYP 2.5 -19.75 -10.460449099
BLYP 2.5 -19.6 -10.3597461739
BLYP 2.5 -19.45 -10.259221769
BLYP 2.5 -19.3 -10.158877782
BLYP 2.5 -19.15 -10.0587161387
BLYP 2.5 -19 -9.9587387932
BLYP 2.5 -18.85 -9.8589477295
BLYP 2.5 -18.7 -9.7593449611
BLYP 2.5 -18.55 -9.6599325327
BLYP 2.5 -18.4 -9.5607125203
BLYP 2.5 -18.25 -9.4616870323
BLYP 2.5 -18.1 -9.3628582101
BLYP 2.5 -17.95 -9.2642282294
BLYP 2.5 -17.8 -9.1657993008
BLYP 2.5 -17.65 -9.0675736709
BLYP 2.5 -17.5 -8.9695536235
BLYP 2.5 -17.35 -8.8717414806
BLYP 2.5 -17.2 -8.7741396046
BLYP 2.5 -17.05 -8.6767504005
BLYP 2.5 -16.9 -8.5795767195
BLYP 2.5 -16.75 -8.4826207823
BLYP 2.5 -16.6 -8.3858849872
BLYP 2.5 -16.45 -8.2893719038
BLYP 2.5 -16.3 -8.1930841495
BLYP 2.5 -16.15 -8.0970243906
BLYP 2.5 -16 -8.0011953667
BLYP 2.5 -15.85 -7.905599882
BLYP 2.5 -15.7 -7.810240695
BLYP 2.5 -15.55 -7.7151207645
BLYP 2.5 -15.4 -7.6202429491
BLYP 2.5 -15.25 -7.5256102304
BLYP 2.5 -15.1 -7.4312256519
BLYP 2.5 -14.95 -7.3370923194
BLYP 2.5 -14.8 -7.243213404
BLYP 2.5 -14.65 -7.1495921504
BLYP 2.5 -14.5 -7.0562319112
BLYP 2.5 -14.35 -6.9631361273
BLYP 2.5 -14.2 -6.8703081674
BLYP 2.5 -14.05 -6.7777515103
BLYP 2.5 -13.9 -6.6854698222
BLYP 2.5 -13.75 -6.5934670559
BLYP 2.5 -13.6 -6.5017467091
BLYP 2.5 -13.45 -6.4103126539
BLYP 2.5 -13.3 -6.3191688418
BLYP 2.5 -13.15 -6.2283193154
BLYP 2.5 -13 -6.13776835
BLYP 2.5 -12.85 -6.0475209655
BLYP 2.5 -12.7 -5.9575810346
BLYP 2.5 -12.55 -5.8679527744
BLYP 2.5 -12.4 -5.7786407999
BLYP 2.5 -12.25 -5.6896498465
BLYP 2.5 -12.1 -5.6009847733
BLYP 2.5 -11.95 -5.5126505703
BLYP 2.5 -11.8 -5.4246523644
BLYP 2.5 -11.65 -5.336995426
BLYP 2.5 -11.5 -5.2496851754
BLYP 2.5 -11.35 -5.1627271888
BLYP 2.5 -11.2 -5.0761272058
BLYP 2.5 -11.05 -4.9898911356
BLYP 2.5 -10.9 -4.9040250653
BLYP 2.5 -10.75 -4.8185352668
BLYP 2.5 -10.6 -4.7334282056
BLYP 2.5 -10.45 -4.6487105487
BLYP 2.5 -10.3 -4.5643891736
BLYP 2.5 -10.15 -4.4804711776
BLYP 2.5 -10 -4.3969638874
BLYP 2.5 -9.85 -4.3138748694
BLYP 2.5 -9.7 -4.2312119397
BLYP 2.5 -9.55 -4.1489831757
BLYP 2.5 -9.4 -4.0671969275
BLYP 2.5 -9.25 -3.9858618296
BLYP 2.5 -9.1 -3.9049868137
BLYP 2.5 -8.95 -3.8245811217
BLYP 2.5 -8.8 -3.7446543196
BLYP 2.5 -8.65 -3.6652163111
BLYP 2.5 -8.5 -3.5862773528
BLYP 2.5 -8.35 -3.5078480698
BLYP 2.5 -8.2 -3.4299394711
BLYP 2.5 -8.05 -3.3525629679
BLYP 2.5 -7.9 -3.2757303936
BLYP 2.5 -7.75 -3.1994540061
BLYP 2.5 -7.6 -3.1237465234
BLYP 2.5 -7.45 -3.0486211377
BLYP 2.5 -7.3 -2.974091535
BLYP 2.5 -7.15 -2.9001719204
BLYP 2.5 -7 -2.8268770357
BLYP 2.5 -6.85 -2.7542221612
BLYP 2.5 -6.7 -2.6822231653
BLYP 2.5 -6.55 -2.6108965172
BLYP 2.5 -6.4 -2.5402593094
BLYP 2.5 -6.25 -2.4703292922
BLYP 2.5 -6.1 -2.401124878
BLYP 2.5 -5.95 -2.332665156
BLYP 2.5 -5.8 -2.2649699411
BLYP 2.5 -5.65 -2.1980597848
BLYP 2.5 -5.5 -2.1319560012
BLYP 2.5 -5.35 -2.0666806822
BLYP 2.5 -5.2 -2.0022567006
BLYP 2.5 -5.05 -1.9387077405
BLYP 2.5 -4.9 -1.8760583092
BLYP 2.5 -4.75 -1.8143337477
BLYP 2.5 -4.6 -1.7535602098
BLYP 2.5 -4.45 -1.6937646775
BLYP 2.5 -4.3 -1.6349749409
BLYP 2.5 -4.15 -1.5772195716
BLYP 2.5 -4 -1.5205278874
BLYP 2.5 -3.85 -1.4649299023
BLYP 2.5 -3.7 -1.4104562567
BLYP 2.5 -3.55 -1.3571381299
BLYP 2.5 -3.4 -1.3050071291
BLYP 2.5 -3.25 -1.2540951516
BLYP 2.5 -3.1 -1.2044342175
BLYP 2.5 -2.95 -1.1560562692
BLYP 2.5 -2.8 -1.1089929348
BLYP 2.5 -2.65 -1.0632752523
BLYP 2.5 -2.5 -1.0189333522
BLYP 2.5 -2.35 -0.9759960974
BLYP 2.5 -2.2 -0.9344906806
BLYP 2.5 -2.05 -0.8944421809
BLYP 2.5 -1.9 -0.8558730833
BLYP 2.5 -1.75 -0.8188027688
BLYP 2.5 -1.6 -0.7832469859
BLYP 2.5 -1.45 -0.7492173153
BLYP 2.5 -1.3 -0.7167206477
BLYP 2.5 -1.15 -0.6857586945
BLYP 2.5 -1 -0.656327554
BLYP 2.5 -0.85 -0.628417359
BLYP 2.5 -0.7 -0.6020120287
BLYP 2.5 -0.55 -0.5770891461
BLYP 2.5 -0.4 -0.5536199775
BLYP 2.5 -0.25 -0.5315696433
BLYP 2.5 -0.1 -0.510897443
BLYP 2.5 0.05 -0.4915573264
BLYP 2.5 0.2 -0.4734984959
BLYP 2.5 0.35 -0.4566661195
BLYP 2.5 0.5 -0.441002123
BLYP 2.5 0.65 -0.4264460334
BLYP 2.5 0.8 -0.4129358369
BLYP 2.5 0.95 -0.4004088226
BLYP 2.5 1.1 -0.3888023808
BLYP 2.5 1.25 -0.3780547317
BLYP 2.5 1.4 -0.3681055669
BLYP 2.5 1.55 -0.3588965911
BLYP 2.5 1.7 -0.3503719579
BLYP 2.5 1.85 -0.3424785992
BLYP 2.5 2 -0.3351664555
BLYP 2.5 2.15 -0.3283886128
BLYP 2.5 2.3 -0.3221013587
BLYP 2.5 2.45 -0.3162641715
BLYP 2.5 2.6 -0.3108396521
BLYP 2.5 2.75 -0.3057934137
BLYP 2.5 2.9 -0.3010939381
BLYP 2.5 3.05 -0.2967124094
BLYP 2.5 3.2 -0.2926225292
BLYP 2.5 3.35 -0.2888003152
BLYP 2.5 3.5 -0.2852238756
BLYP 2.5 3.65 -0.2818731538
BLYP 2.5 3.8 -0.2787296846
BLYP 2.5 3.95 -0.2757764416
BLYP 2.5 4.1 -0.2729977691
BLYP 2.5 4.25 -0.2703793303
BLYP 2.5 4.4 -0.267908044
BLYP 2.5 4.55 -0.2655720077
BLYP 2.5 4.7 -0.2633604136
BLYP 2.5 4.85 -0.2612634603
BLYP 2.5 5 -0.259272265
BLYP 2.5 5.15 -0.2573787788
BLYP 2.5 5.3 -0.2555757071
BLYP 2.5 5.45 -0.2538564343
BLYP 2.5 5.6 -0.2522149546
BLYP 2.5 5.75 -0.2506458096
BLYP 2.5 5.9 -0.2491440321
BLYP 2.5 6.05 -0.2477050955
BLYP 2.5 6.2 -0.2463248684
BLYP 2.5 6.35 -0.2449995736
BLYP 2.5 6.5 -0.2437257525
BLYP 2.5 6.65 -0.242500232
BLYP 2.5 6.8 -0.2413200962
BLYP 2.5 6.95 -0.2401826599
BLYP 2.5 7.1 -0.2390854469
BLYP 2.5 7.25 -0.2380261698
BLYP 2.5 7.4 -0.2370027138
BLYP 2.5 7.55 -0.2360131209
BLYP 2.5 7.7 -0.2350555756
BLYP 2.5 7.85 -0.2341283924
BLYP 2.5 8 -0.2332300046
BLYP 2.5 8.15 -0.2323589536
BLYP 2.5 8.3 -0.2315138803
BLYP 2.5 8.45 -0.2306935163
BLYP 2.5 8.6 -0.2298966766
BLYP 2.5 8.75 -0.2291222527
BLYP 2.5 8.9 -0.2283692064
BLYP 2.5 9.05 -0.2276365643
BLYP 2.5 9.2 -0.2269234126
BLYP 2.5 9.35 -0.2262288927
BLYP 2.5 9.5 -0.2255521969
BLYP 2.5 9.65 -0.2248925648
BLYP 2.5 9.8 -0.2242492798
BLYP 2.5 9.95 -0.2236216659
BLYP 2.5 10.1 -0.223009085
BLYP 2.5 10.25 -0.2224109341
BLYP 2.5 10.4 -0.221826643
BLYP 2.5 10.55 -0.2212556719
BLYP 2.5 10.7 -0.2206975096
BLYP 2.5 10.85 -0.2201516714
BLYP 2.5 11 -0.2196176977
BLYP 2.5 11.15 -0.219095152
BLYP 2.5 11.3 -0.2185836195
BLYP 2.5 11.45 -0.2180827061
BLYP 2.5 11.6 -0.2175920368
BLYP 2.5 11.75 -0.2171112547
BLYP 2.5 11.9 -0.2166400196
BLYP 2.5 12.05 -0.2161780077
BLYP 2.5 12.2 -0.2157249097
BLYP 2.5 12.35 -0.2152804309
BLYP 2.5 12.5 -0.2148442897
BLYP 2.5 12.65 -0.2144162172
BLYP 2.5 12.8 -0.2139959564
BLYP 2.5 12.95 -0.2135832614
BLYP 2.5 13.1 -0.213177897
BLYP 2.5 13.25 -0.2127796381
BLYP 2.5 13.4 -0.212388269
BLYP 2.5 13.55 -0.212003583
BLYP 2.5 13.7 -0.2116253821
BLYP 2.5 13.85 -0.2112534761
BLYP 2.5 14 -0.2108876828
BLYP 2.5 14.15 -0.2105278271
BLYP 2.5 14.3 -0.2101737408
BLYP 2.5 14.45 -0.2098252625
BLYP 2.5 14.6 -0.2094822367
BLYP 2.5 14.75 -0.2091445141
BLYP 2.5 14.9 -0.2088119511
BLYP 2.5 15.05 -0.2084844094
BLYP 2.5 15.2 -0.2081617559
BLYP 2.5 15.35 -0.2078438624
BLYP 2.5 15.5 -0.2075306052
BLYP 2.5 15.65 -0.2072218654
BLYP 2.5 15.8 -0.2069175281
BLYP 2.5 15.95 -0.2066174826
BLYP 2.5 16.1 -0.2063216219
BLYP 2.5 16.25 -0.206029843
BLYP 2.5 16.4 -0.2057420463
BLYP 2.5 16.55 -0.2054581354
BLYP 2.5 16.7 -0.2051780176
BLYP 2.5 16.85 -0.2049016029
BLYP 2.5 17 -0.2046288045
BLYP 2.5 17.15 -0.2043595383
BLYP 2.5 17.3 -0.2040937231
BLYP 2.5 17.45 -0.2038312803
BLYP 2.5 17.6 -0.2035721337
BLYP 2.5 17.75 -0.2033162095
BLYP 2.5 17.9 -0.2030634365
BLYP 2.5 18.05 -0.2028137453
BLYP 2.5 18.2 -0.202567069
BLYP 2.5 18.35 -0.2023233425
BLYP 2.5 18.5 -0.2020825028
BLYP 2.5 18.65 -0.2018444889
BLYP 2.5 18.8 -0.2016092413
BLYP 2.5 18.95 -0.2013767026
BLYP 2.5 19.1 -0.2011468168
BLYP 2.5 19.25 -0.2009195299
BLYP 2.5 19.4 -0.200694789
BLYP 2.5 19.55 -0.2004725431
BLYP 2.5 19.7 -0.2002527424
BLYP 2.5 19.85 -0.2000353386
BLYP 2.5 20 -0.1998202849
BLYP 2.5 20.15 -0.1996075354
BLYP 2.5 20.3 -0.1993970459
BLYP 2.5 20.45 -0.1991887732
BLYP 2.5 20.6 -0.1989826752
BLYP 2.5 20.75 -0.198778711
BLYP 2.5 20.9 -0.198576841
BLYP 2.5 21.05 -0.1983770263
BLYP 2.5 21.2 -0.1981792293
BLYP 2.5 21.35 -0.1979834131
BLYP 2.5 21.5 -0.1977895421
BLYP 2.5 21.65 -0.1975975813
BLYP 2.5 21.8 -0.1974074968
BLYP 2.5 21.95 -0.1972192555
BLYP 2.5 22.1 -0.1970328251
BLYP 2.5 22.25 -0.1968481741
BLYP 2.5 22.4 -0.1966652718
BLYP 2.5 22.55 -0.1964840883
BLYP 2.5 22.7 -0.1963045944
BLYP 2.5 22.85 -0.1961267615
BLYP 2.5 23 -0.195950562
BLYP 2.5 23.15 -0.1957759685
BLYP 2.5 23.3 -0.1956029547
BLYP 2.5 23.45 -0.1954314946
BLYP 2.5 23.6 -0.1952615629
BLYP 2.5 23.75 -0.195093135
BLYP 2.5 23.9 -0.1949261867
BLYP 2.5 24.05 -0.1947606946
BLYP 2.5 24.2 -0.1945966355
BLYP 2.5 24.35 -0.1944339869
BLYP 2.5 24.5 -0.1942727269
BLYP 2.5 24.65 -0.194112834
BLYP 2.5 24.8 -0.193954287
BLYP 2.5 24.95 -0.1937970655
BLYP 2.5 25.1 -0.1936411493
BLYP 2.5 25.25 -0.1934865188
BLYP 2.5 25.4 -0.1933331546
BLYP 2.5 25.55 -0.1931810379
BLYP 2.5 25.7 -0.1930301504
BLYP 2.5 25.85 -0.1928804739
BLYP 2.5 26 -0.1927319908
BLYP 2.5 26.15 -0.1925846837
BLYP 2.5 26.3 -0.1924385358
BLYP 2.5 26.45 -0.1922935305
BLYP 2.5 26.6 -0.1921496514
BLYP 2.5 26.75 -0.1920068827
BLYP 2.5 26.9 -0.1918652088
BLYP 2.5 27.05 -0.1917246144
BLYP 2.5 27.2 -0.1915850845
BLYP 2.5 27.35 -0.1914466044
BLYP 2.5 27.5 -0.1913091599
BLYP 2.5 27.65 -0.1911727367
BLYP 2.5 27.8 -0.191037321
BLYP 2.5 27.95 -0.1909028994
BLYP 2.5 28.1 -0.1907694585
BLYP 2.5 28.25 -0.1906369852
BLYP 2.5 28.4 -0.1905054668
BLYP 2.5 28.55 -0.1903748907
BLYP 2.5 28.7 -0.1902452447
BLYP 2.5 28.85 -0.1901165167
BLYP 2.5 29 -0.1899886949
BLYP 2.5 29.15 -0.1898617677
BLYP 2.5 29.3 -0.1897357236
BLYP 2.5 29.45 -0.1896105517
BLYP 2.5 29.6 -0.189486241
BLYP 2.5 29.75 -0.1893627809
BLYP 2.5 29.9 -0.1892401608
BLYP 2.5 30.05 -0.1891183702
BLYP 2.5 30.2 -0.1889973991
BLYP 2.5 30.35 -0.1888772374
BLYP 2.5 30.5 -0.1887578752
BLYP 2.5 30.65 -0.1886393023
BLYP 2.5 30.8 -0.1885215093
BLYP 2.5 30.95 -0.1884044865
BLYP 2.5 31.1 -0.1882882247
BLYP 2.5 31.25 -0.188172715
BLYP 2.5 31.4 -0.1880579484
BLYP 2.5 31.55 -0.1879439161
BLYP 2.5 31.7 -0.1878306096
BLYP 2.5 31.85 -0.1877180204
BLYP 2.5 32 -0.1876061403
BLYP 2.5 32.15 -0.1874949611
BLYP 2.5 32.3 -0.1873844747
BLYP 2.5 32.45 -0.1872746734
BLYP 2.5 32.6 -0.1871655493
BLYP 2.5 32.75 -0.1870570948
BLYP 2.5 32.9 -0.1869493024
BLYP 2.5 33.05 -0.1868421647
BLYP 2.5 33.2 -0.1867356746
BLYP 2.5 33.35 -0.1866298247
BLYP 2.5 33.5 -0.1865246081
BLYP 2.5 33.65 -0.1864200179
BLYP 2.5 33.8 -0.1863160473
BLYP 2.5 33.95 -0.1862126895
BLYP 2.5 34.1 -0.186109938
BLYP 2.5 34.25 -0.1860077863
BLYP 2.5 34.4 -0.1859062279
BLYP 2.5 34.55 -0.1858052566
BLYP 2.5 34.7 -0.1857048662
BLYP 2.5 34.85 -0.1856050505
BLYP 2.5 35 -0.1855058036
BLYP 2.5 35.15 -0.1854071196
BLYP 2.5 35.3 -0.1853089925
BLYP 2.5 35.45 -0.1852114167
BLYP 2.5 35.6 -0.1851143866
BLYP 2.5 35.75 -0.1850178965
BLYP 2.5 35.9 -0.184921941
BLYP 2.5 36.05 -0.1848265149
BLYP 2.5 36.2 -0.184731613
BLYP 2.5 36.35 -0.1846372305
BLYP 2.5 36.5 -0.1845433619
BLYP 2.5 36.65 -0.1844500017
BLYP 2.5 36.8 -0.1843571449
BLYP 2.5 36.95 -0.1842647863
BLYP 2.5 37.1 -0.1841729212
BLYP 2.5 37.25 -0.1840815447
BLYP 2.5 37.4 -0.183990652
BLYP 2.5 37.55 -0.1839002383
BLYP 2.5 37.7 -0.1838102992
BLYP 2.5 37.85 -0.1837208299
BLYP 2.5 38 -0.1836318261
BLYP 2.5 38.15 -0.1835432833
BLYP 2.5 38.3 -0.1834551972
BLYP 2.5 38.45 -0.1833675633
BLYP 2.5 38.6 -0.1832803776
BLYP 2.5 38.75 -0.1831936358
BLYP 2.5 38.9 -0.1831073337
BLYP 2.5 39.05 -0.1830214673
BLYP 2.5 39.2 -0.1829360327
BLYP 2.5 39.35 -0.1828510257
BLYP 2.5 39.5 -0.1827664425
BLYP 2.5 39.65 -0.1826822793
BLYP 2.5 39.8 -0.1825985323
BLYP 2.5 39.95 -0.1825151976
BLYP 2.5 40.1 -0.1824322715
BLYP 2.5 40.25 -0.1823497505
BLYP 2.5 40.4 -0.1822676308
BLYP 2.5 40.55 -0.182185909
BLYP 2.5 40.7 -0.1821045814
BLYP 2.5 40.85 -0.1820236447
BLYP 2.5 41 -0.1819430953
BLYP 2.5 41.15 -0.1818629299
BLYP 2.5 41.3 -0.1817831452
BLYP 2.5 41.45 -0.1817037378
BLYP 2.5 41.6 -0.1816247045
BLYP 2.5 41.75 -0.1815460421
BLYP 2.5 41.9 -0.1814677473
BLYP 2.5 42.05 -0.1813898171
BLYP 2.5 42.2 -0.1813122483
BLYP 2.5 42.35 -0.1812350379
BLYP 2.5 42.5 -0.1811581828
BLYP 2.5 42.65 -0.1810816801
BLYP 2.5 42.8 -0.1810055268
BLYP 2.5 42.95 -0.1809297199
BLYP 2.5 43.1 -0.1808542567
BLYP 2.5 43.25 -0.1807791342
BLYP 2.5 43.4 -0.1807043496
BLYP 2.5 43.55 -0.1806299003
BLYP 2.5 43.7 -0.1805557833
BLYP 2.5 43.85 -0.180481996
BLYP 2.5 44 -0.1804085358
BLYP 2.5 44.15 -0.1803353999
BLYP 2.5 44.3 -0.1802625858
BLYP 2.5 44.45 -0.1801900908
BLYP 2.5 44.6 -0.1801179125
BLYP 2.5 44.75 -0.1800460482
BLYP 2.5 44.9 -0.1799744955
BLYP 2.5 45.05 -0.179903252
BLYP 2.5 45.2 -0.1798323151
BLYP 2.5 45.35 -0.1797616825
BLYP 2.5 45.5 -0.1796913517
BLYP 2.5 45.65 -0.1796213205
BLYP 2.5 45.8 -0.1795515865
BLYP 2.5 45.95 -0.1794821473
BLYP 2.5 46.1 -0.1794130007
BLYP 2.5 46.25 -0.1793441444
BLYP 2.5 46.4 -0.1792755763
BLYP 2.5 46.55 -0.1792072941
BLYP 2.5 46.7 -0.1791392956
BLYP 2.5 46.85 -0.1790715786
BLYP 2.5 47 -0.1790041412
BLYP 2.5 47.15 -0.178936981
BLYP 2.5 47.3 -0.1788700961
BLYP 2.5 47.45 -0.1788034844
BLYP 2.5 47.6 -0.1787371438
BLYP 2.5 47.75 -0.1786710723
BLYP 2.5 47.9 -0.178605268
BLYP 2.5 48.05 -0.1785397288
BLYP 2.5 48.2 -0.1784744528
BLYP 2.5 48.35 -0.1784094381
BLYP 2.5 48.5 -0.1783446828
BLYP 2.5 48.65 -0.1782801849
BLYP 2.5 48.8 -0.1782159426
BLYP 2.5 48.95 -0.1781519541
BLYP 2.5 49.1 -0.1780882174
BLYP 2.5 49.25 -0.1780247309
BLYP 2.5 49.4 -0.1779614927
BLYP 2.5 49.55 -0.1778985009
BLYP 2.5 49.7 -0.177835754
BLYP 2.5 49.85 -0.1777732501
BLYP 2.5 50 -0.1777109874
BLYP 2.5 50.15 -0.1776489644
BLYP 2.5 50.3 -0.1775871793
BLYP 2.5 50.45 -0.1775256305
BLYP 2.5 50.6 -0.1774643162
BLYP 2.5 50.75 -0.177403235
BLYP 2.5 50.9 -0.1773423856
BLYP 2.5 51.05 -0.177281766
BLYP 2.5 51.2 -0.1772213745
BLYP 2.5 51.35 -0.1771612096
BLYP 2.5 51.5 -0.1771012697
BLYP 2.5 51.65 -0.1770415533
BLYP 2.5 51.8 -0.1769820588
BLYP 2.5 51.95 -0.1769227848
BLYP 2.5 52.1 -0.1768637297
BLYP 2.5 52.25 -0.1768048921
BLYP 2.5 52.4 -0.1767462705
BLYP 2.5 52.55 -0.1766878635
BLYP 2.5 52.7 -0.1766296696
BLYP 2.5 52.85 -0.1765716874
BLYP 2.5 53 -0.1765139155
BLYP 2.5 53.15 -0.1764563525
BLYP 2.5 53.3 -0.1763989971
BLYP 2.5 53.45 -0.1763418478
BLYP 2.5 53.6 -0.1762849032
BLYP 2.5 53.75 -0.1762281622
BLYP 2.5 53.9 -0.1761716233
BLYP 2.5 54.05 -0.1761152852
BLYP 2.5 54.2 -0.1760591466
BLYP 2.5 54.35 -0.1760032062
BLYP 2.5 54.5 -0.1759474628
BLYP 2.5 54.65 -0.1758919151
BLYP 2.5 54.8 -0.1758365617
BLYP 2.5 54.95 -0.1757814016
BLYP 2.5 55.1 -0.1757264333
BLYP 2.5 55.25 -0.1756716558
BLYP 2.5 55.4 -0.1756170678
BLYP 2.5 55.55 -0.1755626681
BLYP 2.5 55.7 -0.1755084556
BLYP 2.5 55.85 -0.175454429
BLYP 2.5 56 -0.1754005871
BLYP 2.5 56.15 -0.1753469289
BLYP 2.5 56.3 -0.1752934532
BLYP 2.5 56.45 -0.1752401588
BLYP 2.5 56.6 -0.1751870446
BLYP 2.5 56.75 -0.1751341096
BLYP 2.5 56.9 -0.1750813525
BLYP 2.5 57.05 -0.1750287724
BLYP 2.5 57.2 -0.174976368
BLYP 2.5 57.35 -0.1749241384
BLYP 2.5 57.5 -0.1748720825
BLYP 2.5 57.65 -0.1748201993
BLYP 2.5 57.8 -0.1747684876
BLYP 2.5 57.95 -0.1747169464
BLYP 2.5 58.1 -0.1746655748
BLYP 2.5 58.25 -0.1746143717
BLYP 2.5 58.4 -0.174563336
BLYP 2.5 58.55 -0.1745124668
BLYP 2.5 58.7 -0.1744617631
BLYP 2.5 58.85 -0.174411224
BLYP 2.5 59 -0.1743608483
BLYP 2.5 59.15 -0.1743106352
BLYP 2.5 59.3 -0.1742605837
BLYP 2.5 59.45 -0.1742106929
BLYP 2.5 59.6 -0.1741609617
BLYP 2.5 59.75 -0.1741113894
BLYP 2.5 59.9 -0.1740619749
BLYP 2.5 60.05 -0.1740127173
BLYP 2.5 60.2 -0.1739636157
BLYP 2.5 60.35 -0.1739146692
BLYP 2.5 60.5 -0.173865877
BLYP 2.5 60.65 -0.173817238
BLYP 2.5 60.8 -0.1737687516
BLYP 2.5 60.95 -0.1737204167
BLYP 2.5 61.1 -0.1736722325
BLYP 2.5 61.25 -0.1736241981
BLYP 2.5 61.4 -0.1735763128
BLYP 2.5 61.55 -0.1735285755
BLYP 2.5 61.7 -0.1734809856
BLYP 2.5 61.85 -0.1734335422
BLYP 2.5 62 -0.1733862444
BLYP 2.5 62.15 -0.1733390915
BLYP 2.5 62.3 -0.1732920825
BLYP 2.5 62.45 -0.1732452168
BLYP 2.5 62.6 -0.1731984935
BLYP 2.5 62.75 -0.1731519119
BLYP 2.5 62.9 -0.1731054711
BLYP 2.5 63.05 -0.1730591703
BLYP 2.5 63.2 -0.1730130088
BLYP 2.5 63.35 -0.1729669859
BLYP 2.5 63.5 -0.1729211007
BLYP 2.5 63.65 -0.1728753525
BLYP 2.5 63.8 -0.1728297406
BLYP 2.5 63.95 -0.1727842642
BLYP 2.5 64.1 -0.1727389226
BLYP 2.5 64.25 -0.172693715
BLYP 2.5 64.4 -0.1726486408
BLYP 2.5 64.55 -0.1726036991
BLYP 2.5 64.7 -0.1725588894
BLYP 2.5 64.85 -0.1725142108
BLYP 2.5 65 -0.1724696627
BLYP 2.5 65.15 -0.1724252444
BLYP 2.5 65.3 -0.1723809551
BLYP 2.5 65.45 -0.1723367943
BLYP 2.5 65.6 -0.1722927612
BLYP 2.5 65.75 -0.1722488551
BLYP 2.5 65.9 -0.1722050754
BLYP 2.5 66.05 -0.1721614215
BLYP 2.5 66.2 -0.1721178925
BLYP 2.5 66.35 -0.172074488
BLYP 2.5 66.5 -0.1720312072
BLYP 2.5 66.65 -0.1719880495
BLYP 2.5 66.8 -0.1719450142
BLYP 2.5 66.95 -0.1719021008
BLYP 2.5 67.1 -0.1718593085
BLYP 2.5 67.25 -0.1718166368
BLYP 2.5 67.4 -0.1717740851
BLYP 2.5 67.55 -0.1717316526
BLYP 2.5 67.7 -0.1716893389
BLYP 2.5 67.85 -0.1716471433
BLYP 2.5 68 -0.1716050651
BLYP 2.5 68.15 -0.1715631039
BLYP 2.5 68.3 -0.1715212589
BLYP 2.5 68.45 -0.1714795297
BLYP 2.5 68.6 -0.1714379156
BLYP 2.5 68.75 -0.171396416
BLYP 2.5 68.9 -0.1713550304
BLYP 2.5 69.05 -0.1713137582
BLYP 2.5 69.2 -0.1712725988
BLYP 2.5 69.35 -0.1712315517
BLYP 2.5 69.5 -0.1711906162
BLYP 2.5 69.65 -0.1711497919
BLYP 2.5 69.8 -0.1711090782
BLYP 2.5 69.95 -0.1710684745
BLYP 2.5 70.1 -0.1710279803
BLYP 2.5 70.25 -0.1709875951
BLYP 2.5 70.4 -0.1709473183
BLYP 2.5 70.55 -0.1709071493
BLYP 2.5 70.7 -0.1708670878
BLYP 2.5 70.85 -0.170827133
BLYP 2.5 71 -0.1707872845
BLYP 2.5 71.15 -0.1707475419
BLYP 2.5 71.3 -0.1707079044
BLYP 2.5 71.45 -0.1706683718
BLYP 2.5 71.6 -0.1706289434
BLYP 2.5 71.75 -0.1705896187
BLYP 2.5 71.9 -0.1705503973
BLYP 2.5 72.05 -0.1705112787
BLYP 2.5 72.2 -0.1704722623
BLYP 2.5 72.35 -0.1704333476
BLYP 2.5 72.5 -0.1703945343
BLYP 2.5 72.65 -0.1703558217
BLYP 2.5 72.8 -0.1703172095
BLYP 2.5 72.95 -0.1702786971
BLYP 2.5 73.1 -0.170240284
BLYP 2.5 73.25 -0.1702019699
BLYP 2.5 73.4 -0.1701637541
BLYP 2.5 73.55 -0.1701256364
BLYP 2.5 73.7 -0.1700876161
BLYP 2.5 73.85 -0.1700496929
BLYP 2.5 74 -0.1700118663
BLYP 2.5 74.15 -0.1699741358
BLYP 2.5 74.3 -0.169936501
BLYP 2.5 74.45 -0.1698989614
BLYP 2.5 74.6 -0.1698615167
BLYP 2.5 74.75 -0.1698241663
BLYP 2.5 74.9 -0.1697869098
BLYP 2.5 75.05 -0.1697497469
BLYP 2.5 75.2 -0.169712677
BLYP 2.5 75.35 -0.1696756997
BLYP 2.5 75.5 -0.1696388147
BLYP 2.5 75.65 -0.1696020214
BLYP 2.5 75.8 -0.1695653195
BLYP 2.5 75.95 -0.1695287085
BLYP 2.5 76.1 -0.1694921881
BLYP 2.5 76.25 -0.1694557578
BLYP 2.5 76.4 -0.1694194173
BLYP 2.5 76.55 -0.169383166
BLYP 2.5 76.7 -0.1693470037
BLYP 2.5 76.85 -0.1693109299
BLYP 2.5 77 -0.1692749442
BLYP 2.5 77.15 -0.1692390462
BLYP 2.5 77.3 -0.1692032355
BLYP 2.5 77.45 -0.1691675118
BLYP 2.5 77.6 -0.1691318746
BLYP 2.5 77.75 -0.1690963235
BLYP 2.5 77.9 -0.1690608583
BLYP 2.5 78.05 -0.1690254784
BLYP 2.5 78.2 -0.1689901836
BLYP 2.5 78.35 -0.1689549733
BLYP 2.5 78.5 -0.1689198474
BLYP 2.5 78.65 -0.1688848054
BLYP 2.5 78.8 -0.1688498469
BLYP 2.5 78.95 -0.1688149715
BLYP 2.5 79.1 -0.168780179
BLYP 2.5 79.25 -0.1687454689
BLYP 2.5 79.4 -0.1687108408
BLYP 2.5 79.55 -0.1686762945
BLYP 2.5 79.7 -0.1686418296
BLYP 2.5 79.85 -0.1686074457
BLYP 2.5 80 -0.1685731424
BLYP 2.5 80.15 -0.1685389195
BLYP 2.5 80.3 -0.1685047765
BLYP 2.5 80.45 -0.1684707132
BLYP 2.5 80.6 -0.1684367291
BLYP 2.5 80.75 -0.168402824
BLYP 2.5 80.9 -0.1683689975
BLYP 2.5 81.05 -0.1683352493
BLYP 2.5 81.2 -0.168301579
BLYP 2.5 81.35 -0.1682679863
BLYP 2.5 81.5 -0.1682344709
BLYP 2.5 81.65 -0.1682010324
BLYP 2.5 81.8 -0.1681676706
BLYP 2.5 81.95 -0.1681343851
BLYP 2.5 82.1 -0.1681011756
BLYP 2.5 82.25 -0.1680680417
BLYP 2.5 82.4 -0.1680349832
BLYP 2.5 82.55 -0.1680019997
BLYP 2.5 82.7 -0.1679690909
BLYP 2.5 82.85 -0.1679362565
BLYP 2.5 83 -0.1679034963
BLYP 2.5 83.15 -0.1678708098
BLYP 2.5 83.3 -0.1678381968
BLYP 2.5 83.45 -0.167805657
BLYP 2.5 83.6 -0.1677731901
BLYP 2.5 83.75 -0.1677407958
BLYP 2.5 83.9 -0.1677084737
BLYP 2.5 84.05 -0.1676762236
BLYP 2.5 84.2 -0.1676440452
BLYP 2.5 84.35 -0.1676119381
BLYP 2.5 84.5 -0.1675799022
BLYP 2.5 84.65 -0.1675479371
BLYP 2.5 84.8 -0.1675160425
BLYP 2.5 84.95 -0.1674842181
BLYP 2.5 85.1 -0.1674524636
BLYP 2.5 85.25 -0.1674207789
BLYP 2.5 85.4 -0.1673891635
BLYP 2.5 85.55 -0.1673576172
BLYP 2.5 85.7 -0.1673261397
BLYP 2.5 85.85 -0.1672947308
BLYP 2.5 86 -0.1672633902
BLYP 2.5 86.15 -0.1672321176
BLYP 2.5 86.3 -0.1672009128
BLYP 2.5 86.45 -0.1671697754
BLYP 2.5 86.6 -0.1671387053
BLYP 2.5 86.75 -0.167107702
BLYP 2.5 86.9 -0.1670767654
BLYP 2.5 87.05 -0.1670458952
BLYP 2.5 87.2 -0.1670150911
BLYP 2.5 87.35 -0.1669843529
BLYP 2.5 87.5 -0.1669536803
BLYP 2.5 87.65 -0.166923073
BLYP 2.5 87.8 -0.1668925308
BLYP 2.5 87.95 -0.1668620535
BLYP 2.5 88.1 -0.1668316407
BLYP 2.5 88.25 -0.1668012922
BLYP 2.5 88.4 -0.1667710078
BLYP 2.5 88.55 -0.1667407872
BLYP 2.5 88.7 -0.1667106303
BLYP 2.5 88.85 -0.1666805366
BLYP 2.5 89 -0.166650506
BLYP 2.5 89.15 -0.1666205382
BLYP 2.5 89.3 -0.1665906331
BLYP 2.5 89.45 -0.1665607903
BLYP 2.5 89.6 -0.1665310096
BLYP 2.5 89.75 -0.1665012907
BLYP 2.5 89.9 -0.1664716336
BLYP 2.5 90.05 -0.1664420378
BLYP 2.5 90.2 -0.1664125031
BLYP 2.5 90.35 -0.1663830295
BLYP 2.5 90.5 -0.1663536165
BLYP 2.5 90.65 -0.1663242639
BLYP 2.5 90.8 -0.1662949716
BLYP 2.5 90.95 -0.1662657393
BLYP 2.5 91.1 -0.1662365668
BLYP 2.5 91.25 -0.1662074539
BLYP 2.5 91.4 -0.1661784003
BLYP 2.5 91.55 -0.1661494058
BLYP 2.5 91.7 -0.1661204701
BLYP 2.5 91.85 -0.1660915932
BLYP 2.5 92 -0.1660627746
BLYP 2.5 92.15 -0.1660340143
BLYP 2.5 92.3 -0.166005312
BLYP 2.5 92.45 -0.1659766675
BLYP 2.5 92.6 -0.1659480806
BLYP 2.5 92.75 -0.165919551
BLYP 2.5 92.9 -0.1658910786
BLYP 2.5 93.05 -0.1658626631
BLYP 2.5 93.2 -0.1658343043
BLYP 2.5 93.35 -0.1658060021
BLYP 2.5 93.5 -0.1657777562
BLYP 2.5 93.65 -0.1657495663
BLYP 2.5 93.8 -0.1657214323
BLYP 2.5 93.95 -0.1656933541
BLYP 2.5 94.1 -0.1656653313
BLYP 2.5 94.25 -0.1656373638
BLYP 2.5 94.4 -0.1656094514
BLYP 2.5 94.55 -0.1655815938
BLYP 2.5 94.7 -0.1655537909
BLYP 2.5 94.85 -0.1655260425
BLYP 2.5 95 -0.1654983484
BLYP 2.5 95.15 -0.1654707084
BLYP 2.5 95.3 -0.1654431222
BLYP 2.5 95.45 -0.1654155898
BLYP 2.5 95.6 -0.1653881108
BLYP 2.5 95.75 -0.1653606851
BLYP 2.5 95.9 -0.1653333126
BLYP 2.5 96.05 -0.165305993
BLYP 2.5 96.2 -0.1652787261
BLYP 2.5 96.35 -0.1652515118
BLYP 2.5 96.5 -0.1652243498
BLYP 2.5 96.65 -0.16519724
BLYP 2.5 96.8 -0.1651701821
BLYP 2.5 96.95 -0.1651431761
BLYP 2.5 97.1 -0.1651162217
BLYP 2.5 97.25 -0.1650893187
BLYP 2.5 97.4 -0.165062467
BLYP 2.5 97.55 -0.1650356663
BLYP 2.5 97.7 -0.1650089165
BLYP 2.5 97.85 -0.1649822175
BLYP 2.5 98 -0.1649555689
BLYP 2.5 98.15 -0.1649289707
BLYP 2.5 98.3 -0.1649024227
BLYP 2.5 98.45 -0.1648759247
BLYP 2.5 98.6 -0.1648494765
BLYP 2.5 98.75 -0.164823078
BLYP 2.5 98.9 -0.164796729
BLYP 2.5 99.05 -0.1647704292
BLYP 2.5 99.2 -0.1647441786
BLYP 2.5 99.35 -0.1647179769
BLYP 2.5 99.5 -0.1646918241
BLYP 2.5 99.65 -0.1646657198
BLYP 2.5 99.8 -0.1646396641
BLYP 2.5 99.95 -0.1646136566
BLYP 2.5 100.1 -0.1645876972
BLYP 2.5 100.25 -0.1645617858
BLYP 2.5 100.4 -0.1645359222
BLYP 2.5 100.55 -0.1645101062
BLYP 2.5 100.7 -0.1644843377
BLYP 2.5 100.85 -0.1644586165
BLYP 2.5 101 -0.1644329424
BLYP 2.5 101.15 -0.1644073153
BLYP 2.5 101.3 -0.1643817351
BLYP 2.5 101.45 -0.1643562015
BLYP 2.5 101.6 -0.1643307144
BLYP 2.5 101.75 -0.1643052736
BLYP 2.5 101.9 -0.164279879
BLYP 2.5 102.05 -0.1642545305
BLYP 2.5 102.2 -0.1642292278
BLYP 2.5 102.35 -0.1642039709
BLYP 2.5 102.5 -0.1641787596
BLYP 2.5 102.65 -0.1641535936
BLYP 2.5 102.8 -0.1641284729
BLYP 2.5 102.95 -0.1641033973
BLYP 2.5 103.1 -0.1640783667
BLYP 2.5 103.25 -0.1640533809
BLYP 2.5 103.4 -0.1640284398
BLYP 2.5 103.55 -0.1640035432
BLYP 2.5 103.7 -0.1639786909
BLYP 2.5 103.85 -0.1639538829
BLYP 2.5 104 -0.1639291189
BLYP 2.5 104.15 -0.1639043989
BLYP 2.5 104.3 -0.1638797226
BLYP 2.5 104.45 -0.16385509
BLYP 2.5 104.6 -0.1638305008
BLYP 2.5 104.75 -0.163805955
BLYP 2.5 104.9 -0.1637814525
BLYP 2.5 105.05 -0.1637569929
BLYP 2.5 105.2 -0.1637325763
BLYP 2.5 105.35 -0.1637082025
BLYP 2.5 105.5 -0.1636838713
BLYP 2.5 105.65 -0.1636595827
BLYP 2.5 105.8 -0.1636353364
BLYP 2.5 105.95 -0.1636111323
BLYP 2.5 106.1 -0.1635869703
BLYP 2.5 106.25 -0.1635628502
BLYP 2.5 106.4 -0.163538772
BLYP 2.5 106.55 -0.1635147355
BLYP 2.5 106.7 -0.1634907405
BLYP 2.5 106.85 -0.1634667869
BLYP 2.5 107 -0.1634428746
BLYP 2.5 107.15 -0.1634190034
BLYP 2.5 107.3 -0.1633951733
BLYP 2.5 107.45 -0.163371384
BLYP 2.5 107.6 -0.1633476355
BLYP 2.5 107.75 -0.1633239276
BLYP 2.5 107.9 -0.1633002602
BLYP 2.5 108.05 -0.1632766332
BLYP 2.5 108.2 -0.1632530464
BLYP 2.5 108.35 -0.1632294997
BLYP 2.5 108.5 -0.163205993
BLYP 2.5 108.65 -0.1631825261
BLYP 2.5 108.8 -0.163159099
BLYP 2.5 108.95 -0.1631357114
BLYP 2.5 109.1 -0.1631123633
BLYP 2.5 109.25 -0.1630890546
BLYP 2.5 109.4 -0.1630657851
BLYP 2.5 109.55 -0.1630425547
BLYP 2.5 109.7 -0.1630193633
BLYP 2.5 109.85 -0.1629962107
BLYP 2.5 110 -0.1629730969
BLYP 2.5 110.15 -0.1629500217
BLYP 2.5 110.3 -0.1629269849
BLYP 2.5 110.45 -0.1629039866
BLYP 2.5 110.6 -0.1628810265
BLYP 2.5 110.75 -0.1628581045
BLYP 2.5 110.9 -0.1628352205
BLYP 2.5 111.05 -0.1628123745
BLYP 2.5 111.2 -0.1627895662
BLYP 2.5 111.35 -0.1627667956
BLYP 2.5 111.5 -0.1627440625
BLYP 2.5 111.65 -0.1627213669
BLYP 2.5 111.8 -0.1626987085
BLYP 2.5 111.95 -0.1626760874
BLYP 2.5 112.1 -0.1626535034
BLYP 2.5 112.25 -0.1626309563
BLYP 2.5 112.4 -0.1626084461
BLYP 2.5 112.55 -0.1625859726
BLYP 2.5 112.7 -0.1625635357
BLYP 2.5 112.85 -0.1625411354
BLYP 2.5 113 -0.1625187715
BLYP 2.5 113.15 -0.1624964439
BLYP 2.5 113.3 -0.1624741525
BLYP 2.5 113.45 -0.1624518971
BLYP 2.5 113.6 -0.1624296777
BLYP 2.5 113.75 -0.1624074942
BLYP 2.5 113.9 -0.1623853464
BLYP 2.5 114.05 -0.1623632343
BLYP 2.5 114.2 -0.1623411577
BLYP 2.5 114.35 -0.1623191165
BLYP 2.5 114.5 -0.1622971106
BLYP 2.5 114.65 -0.16227514
BLYP 2.5 114.8 -0.1622532045
BLYP 2.5 114.95 -0.1622313039
BLYP 2.5 115.1 -0.1622094384
BLYP 2.5 115.25 -0.1621876076
BLYP 2.5 115.4 -0.1621658115
BLYP 2.5 115.55 -0.16214405
BLYP 2.5 115.7 -0.162122323
BLYP 2.5 115.85 -0.1621006304
BLYP 2.5 116 -0.162078972
BLYP 2.5 116.15 -0.1620573479
BLYP 2.5 116.3 -0.1620357578
BLYP 2.5 116.45 -0.1620142016
BLYP 2.5 116.6 -0.1619926794
BLYP 2.5 116.75 -0.1619711909
BLYP 2.5 116.9 -0.161949736
BLYP 2.5 117.05 -0.1619283148
BLYP 2.5 117.2 -0.161906927
BLYP 2.5 117.35 -0.1618855726
BLYP 2.5 117.5 -0.1618642515
BLYP 2.5 117.65 -0.1618429636
BLYP 2.5 117.8 -0.1618217087
BLYP 2.5 117.95 -0.1618004869
BLYP 2.5 118.1 -0.1617792979
BLYP 2.5 118.25 -0.1617581417
BLYP 2.5 118.4 -0.1617370182
BLYP 2.5 118.55 -0.1617159273
BLYP 2.5 118.7 -0.1616948689
BLYP 2.5 118.85 -0.161673843
BLYP 2.5 119 -0.1616528493
BLYP 2.5 119.15 -0.1616318879
BLYP 2.5 119.3 -0.1616109586
BLYP 2.5 119.45 -0.1615900614
BLYP 2.5 119.6 -0.1615691961
BLYP 2.5 119.75 -0.1615483627
BLYP 2.5 119.9 -0.161527561
BLYP 2.5 120.05 -0.161506791
BLYP 2.5 120.2 -0.1614860526
BLYP 2.5 120.35 -0.1614653457
BLYP 2.5 120.5 -0.1614446701
BLYP 2.5 120.65 -0.1614240259
BLYP 2.5 120.8 -0.1614034129
BLYP 2.5 120.95 -0.1613828311
BLYP 2.5 121.1 -0.1613622803
BLYP 2.5 121.25 -0.1613417604
BLYP 2.5 121.4 -0.1613212714
BLYP 2.5 121.55 -0.1613008132
BLYP 2.5 121.7 -0.1612803857
BLYP 2.5 121.85 -0.1612599888
BLYP 2.5 122 -0.1612396224
BLYP 2.5 122.15 -0.1612192864
BLYP 2.5 122.3 -0.1611989808
BLYP 2.5 122.45 -0.1611787055
BLYP 2.5 122.6 -0.1611584603
BLYP 2.5 122.75 -0.1611382452
BLYP 2.5 122.9 -0.1611180601
BLYP 2.5 123.05 -0.161097905
BLYP 2.5 123.2 -0.1610777797
BLYP 2.5 123.35 -0.1610576841
BLYP 2.5 123.5 -0.1610376183
BLYP 2.5 123.65 -0.161017582
BLYP 2.5 123.8 -0.1609975752
BLYP 2.5 123.95 -0.1609775979
BLYP 2.5 124.1 -0.1609576498
BLYP 2.5 124.25 -0.1609377311
BLYP 2.5 124.4 -0.1609178415
BLYP 2.5 124.55 -0.1608979811
BLYP 2.5 124.7 -0.1608781496
BLYP 2.5 124.85 -0.1608583471
BLYP 2.5 125 -0.1608385735
BLYP 2.5 125.15 -0.1608188286
BLYP 2.5 125.3 -0.1607991124
BLYP 2.5 125.45 -0.1607794249
BLYP 2.5 125.6 -0.1607597659
BLYP 2.5 125.75 -0.1607401354
BLYP 2.5 125.9 -0.1607205332
BLYP 2.5 126.05 -0.1607009594
BLYP 2.5 126.2 -0.1606814138
BLYP 2.5 126.35 -0.1606618963
BLYP 2.5 126.5 -0.1606424069
BLYP 2.5 126.65 -0.1606229456
BLYP 2.5 126.8 -0.1606035121
BLYP 2.5 126.95 -0.1605841065
BLYP 2.5 127.1 -0.1605647287
BLYP 2.5 127.25 -0.1605453786
BLYP 2.5 127.4 -0.1605260561
BLYP 2.5 127.55 -0.1605067611
BLYP 2.5 127.7 -0.1604874937
BLYP 2.5 127.85 -0.1604682536
BLYP 2.5 128 -0.1604490408
BLYP 2.5 128.15 -0.1604298553
BLYP 2.5 128.3 -0.160410697
BLYP 2.5 128.45 -0.1603915658
BLYP 2.5 128.6 -0.1603724616
BLYP 2.5 128.75 -0.1603533844
BLYP 2.5 128.9 -0.1603343341
BLYP 2.5 129.05 -0.1603153105
BLYP 2.5 129.2 -0.1602963138
BLYP 2.5 129.35 -0.1602773437
BLYP 2.5 129.5 -0.1602584002
BLYP 2.5 129.65 -0.1602394832
BLYP 2.5 129.8 -0.1602205927
BLYP 2.5 129.95 -0.1602017286
BLYP 2.5 130.1 -0.1601828908
BLYP 2.5 130.25 -0.1601640793
BLYP 2.5 130.4 -0.160145294
BLYP 2.5 130.55 -0.1601265347
BLYP 2.5 130.7 -0.1601078015
BLYP 2.5 130.85 -0.1600890943
BLYP 2.5 131 -0.160070413
BLYP 2.5 131.15 -0.1600517575
BLYP 2.5 131.3 -0.1600331278
BLYP 2.5 131.45 -0.1600145238
BLYP 2.5 131.6 -0.1599959454
BLYP 2.5 131.75 -0.1599773926
BLYP 2.5 131.9 -0.1599588653
BLYP 2.5 132.05 -0.1599403635
BLYP 2.5 132.2 -0.159921887
BLYP 2.5 132.35 -0.1599034358
BLYP 2.5 132.5 -0.1598850098
BLYP 2.5 132.65 -0.1598666091
BLYP 2.5 132.8 -0.1598482334
BLYP 2.5 132.95 -0.1598298827
BLYP 2.5 133.1 -0.1598115571
BLYP 2.5 133.25 -0.1597932563
BLYP 2.5 133.4 -0.1597749804
BLYP 2.5 133.55 -0.1597567293
BLYP 2.5 133.7 -0.1597385029
BLYP 2.5 133.85 -0.1597203011
BLYP 2.5 134 -0.159702124
BLYP 2.5 134.15 -0.1596839713
BLYP 2.5 134.3 -0.1596658431
BLYP 2.5 134.45 -0.1596477394
BLYP 2.5 134.6 -0.1596296599
BLYP 2.5 134.75 -0.1596116048
BLYP 2.5 134.9 -0.1595935738
BLYP 2.5 135.05 -0.159575567
BLYP 2.5 135.2 -0.1595575843
BLYP 2.5 135.35 -0.1595396257
BLYP 2.5 135.5 -0.159521691
BLYP 2.5 135.65 -0.1595037802
BLYP 2.5 135.8 -0.1594858932
BLYP 2.5 135.95 -0.15946803
BLYP 2.5 136.1 -0.1594501906
BLYP 2.5 136.25 -0.1594323748
BLYP 2.5 136.4 -0.1594145827
BLYP 2.5 136.55 -0.159396814
BLYP 2.5 136.7 -0.1593790689
BLYP 2.5 136.85 -0.1593613472
BLYP 2.5 137 -0.1593436488
BLYP 2.5 137.15 -0.1593259738
BLYP 2.5 137.3 -0.159308322
BLYP 2.5 137.45 -0.1592906934
BLYP 2.5 137.6 -0.159273088
BLYP 2.5 137.75 -0.1592555056
BLYP 2.5 137.9 -0.1592379462
BLYP 2.5 138.05 -0.1592204098
BLYP 2.5 138.2 -0.1592028963
BLYP 2.5 138.35 -0.1591854057
BLYP 2.5 138.5 -0.1591679378
BLYP 2.5 138.65 -0.1591504927
BLYP 2.5 138.8 -0.1591330702
BLYP 2.5 138.95 -0.1591156704
BLYP 2.5 139.1 -0.1590982931
BLYP 2.5 139.25 -0.1590809383
BLYP 2.5 139.4 -0.159063606
BLYP 2.5 139.55 -0.1590462961
BLYP 2.5 139.7 -0.1590290085
BLYP 2.5 139.85 -0.1590117432
BLYP 2.5 140 -0.1589945001
BLYP 2.5 140.15 -0.1589772792
BLYP 2.5 140.3 -0.1589600804
BLYP 2.5 140.45 -0.1589429037
BLYP 2.5 140.6 -0.1589257491
BLYP 2.5 140.75 -0.1589086163
BLYP 2.5 140.9 -0.1588915055
BLYP 2.5 141.05 -0.1588744165
BLYP 2.5 141.2 -0.1588573493
BLYP 2.5 141.35 -0.1588403039
BLYP 2.5 141.5 -0.1588232801
BLYP 2.5 141.65 -0.158806278
BLYP 2.5 141.8 -0.1587892975
BLYP 2.5 141.95 -0.1587723385
BLYP 2.5 142.1 -0.158755401
BLYP 2.5 142.25 -0.1587384849
BLYP 2.5 142.4 -0.1587215902
BLYP 2.5 142.55 -0.1587047169
BLYP 2.5 142.7 -0.1586878648
BLYP 2.5 142.85 -0.1586710339
BLYP 2.5 143 -0.1586542242
BLYP 2.5 143.15 -0.1586374356
BLYP 2.5 143.3 -0.158620668
BLYP 2.5 143.45 -0.1586039215
BLYP 2.5 143.6 -0.158587196
BLYP 2.5 143.75 -0.1585704914
BLYP 2.5 143.9 -0.1585538076
BLYP 2.5 144.05 -0.1585371447
BLYP 2.5 144.2 -0.1585205025
BLYP 2.5 144.35 -0.158503881
BLYP 2.5 144.5 -0.1584872803
BLYP 2.5 144.65 -0.1584707001
BLYP 2.5 144.8 -0.1584541405
BLYP 2.5 144.95 -0.1584376014
BLYP 2.5 145.1 -0.1584210828
BLYP 2.5 145.25 -0.1584045846
BLYP 2.5 145.4 -0.1583881068
BLYP 2.5 145.55 -0.1583716493
BLYP 2.5 145.7 -0.1583552121
BLYP 2.5 145.85 -0.1583387951
BLYP 2.5 146 -0.1583223983
BLYP 2.5 146.15 -0.1583060216
BLYP 2.5 146.3 -0.1582896651
BLYP 2.5 146.45 -0.1582733285
BLYP 2.5 146.6 -0.158257012
BLYP 2.5 146.75 -0.1582407154
BLYP 2.5 146.9 -0.1582244387
BLYP 2.5 147.05 -0.1582081818
BLYP 2.5 147.2 -0.1581919448
BLYP 2.5 147.35 -0.1581757275
BLYP 2.5 147.5 -0.15815953
BLYP 2.5 147.65 -0.1581433521
BLYP 2.5 147.8 -0.1581271938
BLYP 2.5 147.95 -0.1581110551
BLYP 2.5 148.1 -0.1580949359
BLYP 2.5 148.25 -0.1580788363
BLYP 2.5 148.4 -0.158062756
BLYP 2.5 148.55 -0.1580466951
BLYP 2.5 148.7 -0.1580306536
BLYP 2.5 148.85 -0.1580146314
BLYP 2.5 149 -0.1579986285
BLYP 2.5 149.15 -0.1579826447
BLYP 2.5 149.3 -0.1579666801
BLYP 2.5 149.45 -0.1579507347
BLYP 2.5 149.6 -0.1579348083
BLYP 2.5 149.75 -0.157918901
BLYP 2.5 149.9 -0.1579030127
BLYP 2.5 150.05 -0.1578871433
BLYP 2.5 150.2 -0.1578712928
BLYP 2.5 150.35 -0.1578554611
BLYP 2.5 150.5 -0.1578396483
BLYP 2.5 150.65 -0.1578238543
BLYP 2.5 150.8 -0.157808079
BLYP 2.5 150.95 -0.1577923224
BLYP 2.5 151.1 -0.1577765844
BLYP 2.5 151.25 -0.157760865
BLYP 2.5 151.4 -0.1577451642
BLYP 2.5 151.55 -0.157729482
BLYP 2.5 151.7 -0.1577138181
BLYP 2.5 151.85 -0.1576981728
BLYP 2.5 152 -0.1576825458
BLYP 2.5 152.15 -0.1576669372
BLYP 2.5 152.3 -0.1576513468
BLYP 2.5 152.45 -0.1576357748
BLYP 2.5 152.6 -0.157620221
BLYP 2.5 152.75 -0.1576046853
BLYP 2.5 152.9 -0.1575891678
BLYP 2.5 153.05 -0.1575736684
BLYP 2.5 153.2 -0.1575581871
BLYP 2.5 153.35 -0.1575427238
BLYP 2.5 153.5 -0.1575272785
BLYP 2.5 153.65 -0.1575118511
BLYP 2.5 153.8 -0.1574964416
BLYP 2.5 153.95 -0.15748105
BLYP 2.5 154.1 -0.1574656762
BLYP 2.5 154.25 -0.1574503202
BLYP 2.5 154.4 -0.1574349819
BLYP 2.5 154.55 -0.1574196613
BLYP 2.5 154.7 -0.1574043584
BLYP 2.5 154.85 -0.1573890731
BLYP 2.5 155 -0.1573738054
BLYP 2.5 155.15 -0.1573585552
BLYP 2.5 155.3 -0.1573433225
BLYP 2.5 155.45 -0.1573281073
BLYP 2.5 155.6 -0.1573129095
BLYP 2.5 155.75 -0.1572977292
BLYP 2.5 155.9 -0.1572825661
BLYP 2.5 156.05 -0.1572674204
BLYP 2.5 156.2 -0.1572522919
BLYP 2.5 156.35 -0.1572371807
BLYP 2.5 156.5 -0.1572220867
BLYP 2.5 156.65 -0.1572070098
BLYP 2.5 156.8 -0.1571919501
BLYP 2.5 156.95 -0.1571769074
BLYP 2.5 157.1 -0.1571618818
BLYP 2.5 157.25 -0.1571468732
BLYP 2.5 157.4 -0.1571318816
BLYP 2.5 157.55 -0.1571169069
BLYP 2.5 157.7 -0.157101949
BLYP 2.5 157.85 -0.1570870081
BLYP 2.5 158 -0.157072084
BLYP 2.5 158.15 -0.1570571766
BLYP 2.5 158.3 -0.1570422861
BLYP 2.5 158.45 -0.1570274122
BLYP 2.5 158.6 -0.157012555
BLYP 2.5 158.75 -0.1569977144
BLYP 2.5 158.9 -0.1569828905
BLYP 2.5 159.05 -0.1569680831
BLYP 2.5 159.2 -0.1569532922
BLYP 2.5 159.35 -0.1569385179
BLYP 2.5 159.5 -0.15692376
BLYP 2.5 159.65 -0.1569090185
BLYP 2.5 159.8 -0.1568942934
BLYP 2.5 159.95 -0.1568795847
BLYP 2.5 160.1 -0.1568648923
BLYP 2.5 160.25 -0.1568502162
BLYP 2.5 160.4 -0.1568355563
BLYP 2.5 160.55 -0.1568209126
BLYP 2.5 160.7 -0.1568062851
BLYP 2.5 160.85 -0.1567916738
BLYP 2.5 161 -0.1567770785
BLYP 2.5 161.15 -0.1567624994
BLYP 2.5 161.3 -0.1567479362
BLYP 2.5 161.45 -0.1567333891
BLYP 2.5 161.6 -0.156718858
BLYP 2.5 161.75 -0.1567043428
BLYP 2.5 161.9 -0.1566898435
BLYP 2.5 162.05 -0.15667536
BLYP 2.5 162.2 -0.1566608924
BLYP 2.5 162.35 -0.1566464406
BLYP 2.5 162.5 -0.1566320046
BLYP 2.5 162.65 -0.1566175843
BLYP 2.5 162.8 -0.1566031797
BLYP 2.5 162.95 -0.1565887908
BLYP 2.5 163.1 -0.1565744175
BLYP 2.5 163.25 -0.1565600598
BLYP 2.5 163.4 -0.1565457177
BLYP 2.5 163.55 -0.1565313911
BLYP 2.5 163.7 -0.15651708
BLYP 2.5 163.85 -0.1565027844
BLYP 2.5 164 -0.1564885042
BLYP 2.5 164.15 -0.1564742394
BLYP 2.5 164.3 -0.15645999
BLYP 2.5 164.45 -0.156445756
BLYP 2.5 164.6 -0.1564315372
BLYP 2.5 164.75 -0.1564173337
BLYP 2.5 164.9 -0.1564031455
BLYP 2.5 165.05 -0.1563889725
BLYP 2.5 165.2 -0.1563748147
BLYP 2.5 165.35 -0.156360672
BLYP 2.5 165.5 -0.1563465444
BLYP 2.5 165.65 -0.1563324319
BLYP 2.5 165.8 -0.1563183345
BLYP 2.5 165.95 -0.1563042521
BLYP 2.5 166.1 -0.1562901847
BLYP 2.5 166.25 -0.1562761322
BLYP 2.5 166.4 -0.1562620947
BLYP 2.5 166.55 -0.156248072
BLYP 2.5 166.7 -0.1562340643
BLYP 2.5 166.85 -0.1562200714
BLYP 2.5 167 -0.1562060932
BLYP 2.5 167.15 -0.1561921299
BLYP 2.5 167.3 -0.1561781813
BLYP 2.5 167.45 -0.1561642474
BLYP 2.5 167.6 -0.1561503282
BLYP 2.5 167.75 -0.1561364237
BLYP 2.5 167.9 -0.1561225337
BLYP 2.5 168.05 -0.1561086584
BLYP 2.5 168.2 -0.1560947976
BLYP 2.5 168.35 -0.1560809514
BLYP 2.5 168.5 -0.1560671197
BLYP 2.5 168.65 -0.1560533024
BLYP 2.5 168.8 -0.1560394996
BLYP 2.5 168.95 -0.1560257112
BLYP 2.5 169.1 -0.1560119372
BLYP 2.5 169.25 -0.1559981776
BLYP 2.5 169.4 -0.1559844322
BLYP 2.5 169.55 -0.1559707012
BLYP 2.5 169.7 -0.1559569844
BLYP 2.5 169.85 -0.1559432819
BLYP 2.5 170 -0.1559295936
BLYP 2.5 170.15 -0.1559159195
BLYP 2.5 170.3 -0.1559022595
BLYP 2.5 170.45 -0.1558886137
BLYP 2.5 170.6 -0.1558749819
BLYP 2.5 170.75 -0.1558613642
BLYP 2.5 170.9 -0.1558477606
BLYP 2.5 171.05 -0.1558341709
BLYP 2.5 171.2 -0.1558205953
BLYP 2.5 171.35 -0.1558070336
BLYP 2.5 171.5 -0.1557934858
BLYP 2.5 171.65 -0.1557799519
BLYP 2.5 171.8 -0.1557664319
BLYP 2.5 171.95 -0.1557529258
BLYP 2.5 172.1 -0.1557394334
BLYP 2.5 172.25 -0.1557259548
BLYP 2.5 172.4 -0.15571249
BLYP 2.5 172.55 -0.155699039
BLYP 2.5 172.7 -0.1556856016
BLYP 2.5 172.85 -0.1556721779
BLYP 2.5 173 -0.1556587678
BLYP 2.5 173.15 -0.1556453714
BLYP 2.5 173.3 -0.1556319886
BLYP 2.5 173.45 -0.1556186193
BLYP 2.5 173.6 -0.1556052636
BLYP 2.5 173.75 -0.1555919214
BLYP 2.5 173.9 -0.1555785927
BLYP 2.5 174.05 -0.1555652774
BLYP 2.5 174.2 -0.1555519756
BLYP 2.5 174.35 -0.1555386872
BLYP 2.5 174.5 -0.1555254121
BLYP 2.5 174.65 -0.1555121505
BLYP 2.5 174.8 -0.1554989021
BLYP 2.5 174.95 -0.155485667
BLYP 2.5 175.1 -0.1554724453
BLYP 2.5 175.25 -0.1554592367
BLYP 2.5 175.4 -0.1554460414
BLYP 2.5 175.55 -0.1554328593
BLYP 2.5 175.7 -0.1554196904
BLYP 2.5 175.85 -0.1554065346
BLYP 2.5 176 -0.1553933919
BLYP 2.5 176.15 -0.1553802623
BLYP 2.5 176.3 -0.1553671458
BLYP 2.5 176.45 -0.1553540423
BLYP 2.5 176.6 -0.1553409519
BLYP 2.5 176.75 -0.1553278744
BLYP 2.5 176.9 -0.1553148099
BLYP 2.5 177.05 -0.1553017583
BLYP 2.5 177.2 -0.1552887197
BLYP 2.5 177.35 -0.1552756939
BLYP 2.5 177.5 -0.1552626811
BLYP 2.5 177.65 -0.155249681
BLYP 2.5 177.8 -0.1552366938
BLYP 2.5 177.95 -0.1552237194
BLYP 2.5 178.1 -0.1552107577
BLYP 2.5 178.25 -0.1551978088
BLYP 2.5 178.4 -0.1551848726
BLYP 2.5 178.55 -0.1551719491
BLYP 2.5 178.7 -0.1551590382
BLYP 2.5 178.85 -0.15514614
BLYP 2.5 179 -0.1551332544
BLYP 2.5 179.15 -0.1551203814
BLYP 2.5 179.3 -0.155107521
BLYP 2.5 179.45 -0.1550946731
BLYP 2.5 179.6 -0.1550818378
BLYP 2.5 179.75 -0.1550690149
BLYP 2.5 179.9 -0.1550562045
BLYP 2.5 180.05 -0.1550434066
BLYP 2.5 180.2 -0.155030621
BLYP 2.5 180.35 -0.1550178479
BLYP 2.5 180.5 -0.1550050872
BLYP 2.5 180.65 -0.1549923388
BLYP 2.5 180.8 -0.1549796028
BLYP 2.5 180.95 -0.154966879
BLYP 2.5 181.1 -0.1549541675
BLYP 2.5 181.25 -0.1549414683
BLYP 2.5 181.4 -0.1549287814
BLYP 2.5 181.55 -0.1549161066
BLYP 2.5 181.7 -0.154903444
BLYP 2.5 181.85 -0.1548907936
BLYP 2.5 182 -0.1548781554
BLYP 2.5 182.15 -0.1548655293
BLYP 2.5 182.3 -0.1548529152
BLYP 2.5 182.45 -0.1548403133
BLYP 2.5 182.6 -0.1548277233
BLYP 2.5 182.75 -0.1548151455
BLYP 2.5 182.9 -0.1548025796
BLYP 2.5 183.05 -0.1547900257
BLYP 2.5 183.2 -0.1547774838
BLYP 2.5 183.35 -0.1547649538
BLYP 2.5 183.5 -0.1547524357
BLYP 2.5 183.65 -0.1547399295
BLYP 2.5 183.8 -0.1547274352
BLYP 2.5 183.95 -0.1547149527
BLYP 2.5 184.1 -0.1547024821
BLYP 2.5 184.25 -0.1546900233
BLYP 2.5 184.4 -0.1546775762
BLYP 2.5 184.55 -0.1546651409
BLYP 2.5 184.7 -0.1546527174
BLYP 2.5 184.85 -0.1546403056
BLYP 2.5 185 -0.1546279054
BLYP 2.5 185.15 -0.154615517
BLYP 2.5 185.3 -0.1546031401
BLYP 2.5 185.45 -0.154590775
BLYP 2.5 185.6 -0.1545784214
BLYP 2.5 185.75 -0.1545660794
BLYP 2.5 185.9 -0.154553749
BLYP 2.5 186.05 -0.1545414301
BLYP 2.5 186.2 -0.1545291228
BLYP 2.5 186.35 -0.1545168269
BLYP 2.5 186.5 -0.1545045425
BLYP 2.5 186.65 -0.1544922696
BLYP 2.5 186.8 -0.1544800081
BLYP 2.5 186.95 -0.1544677581
BLYP 2.5 187.1 -0.1544555194
BLYP 2.5 187.25 -0.1544432921
BLYP 2.5 187.4 -0.1544310762
BLYP 2.5 187.55 -0.1544188716
BLYP 2.5 187.7 -0.1544066783
BLYP 2.5 187.85 -0.1543944963
BLYP 2.5 188 -0.1543823255
BLYP 2.5 188.15 -0.154370166
BLYP 2.5 188.3 -0.1543580178
BLYP 2.5 188.45 -0.1543458807
BLYP 2.5 188.6 -0.1543337549
BLYP 2.5 188.75 -0.1543216402
BLYP 2.5 188.9 -0.1543095366
BLYP 2.5 189.05 -0.1542974442
BLYP 2.5 189.2 -0.1542853629
BLYP 2.5 189.35 -0.1542732927
BLYP 2.5 189.5 -0.1542612335
BLYP 2.5 189.65 -0.1542491854
BLYP 2.5 189.8 -0.1542371483
BLYP 2.5 189.95 -0.1542251222
BLYP 2.5 190.1 -0.1542131071
BLYP 2.5 190.25 -0.154201103
BLYP 2.5 190.4 -0.1541891098
BLYP 2.5 190.55 -0.1541771275
BLYP 2.5 190.7 -0.1541651562
BLYP 2.5 190.85 -0.1541531957
BLYP 2.5 191 -0.1541412461
BLYP 2.5 191.15 -0.1541293073
BLYP 2.5 191.3 -0.1541173794
BLYP 2.5 191.45 -0.1541054623
BLYP 2.5 191.6 -0.1540935559
BLYP 2.5 191.75 -0.1540816603
BLYP 2.5 191.9 -0.1540697755
BLYP 2.5 192.05 -0.1540579014
BLYP 2.5 192.2 -0.154046038
BLYP 2.5 192.35 -0.1540341854
BLYP 2.5 192.5 -0.1540223433
BLYP 2.5 192.65 -0.154010512
BLYP 2.5 192.8 -0.1539986912
BLYP 2.5 192.95 -0.1539868811
BLYP 2.5 193.1 -0.1539750816
BLYP 2.5 193.25 -0.1539632926
BLYP 2.5 193.4 -0.1539515143
BLYP 2.5 193.55 -0.1539397464
BLYP 2.5 193.7 -0.1539279891
BLYP 2.5 193.85 -0.1539162423
BLYP 2.5 194 -0.1539045059
BLYP 2.5 194.15 -0.15389278
BLYP 2.5 194.3 -0.1538810646
BLYP 2.5 194.45 -0.1538693596
BLYP 2.5 194.6 -0.153857665
BLYP 2.5 194.75 -0.1538459808
BLYP 2.5 194.9 -0.1538343069
BLYP 2.5 195.05 -0.1538226435
BLYP 2.5 195.2 -0.1538109903
BLYP 2.5 195.35 -0.1537993475
BLYP 2.5 195.5 -0.153787715
BLYP 2.5 195.65 -0.1537760927
BLYP 2.5 195.8 -0.1537644807
BLYP 2.5 195.95 -0.153752879
BLYP 2.5 196.1 -0.1537412875
BLYP 2.5 196.25 -0.1537297061
BLYP 2.5 196.4 -0.153718135
BLYP 2.5 196.55 -0.1537065741
BLYP 2.5 196.7 -0.1536950233
BLYP 2.5 196.85 -0.1536834826
BLYP 2.5 197 -0.1536719521
BLYP 2.5 197.15 -0.1536604317
BLYP 2.5 197.3 -0.1536489213
BLYP 2.5 197.45 -0.153637421
BLYP 2.5 197.6 -0.1536259308
BLYP 2.5 197.75 -0.1536144506
BLYP 2.5 197.9 -0.1536029804
BLYP 2.5 198.05 -0.1535915202
BLYP 2.5 198.2 -0.15358007
BLYP 2.5 198.35 -0.1535686298
BLYP 2.5 198.5 -0.1535571994
BLYP 2.5 198.65 -0.1535457791
BLYP 2.5 198.8 -0.1535343686
BLYP 2.5 198.95 -0.153522968
BLYP 2.5 199.1 -0.1535115773
BLYP 2.5 199.25 -0.1535001965
BLYP 2.5 199.4 -0.1534888255
BLYP 2.5 199.55 -0.1534774643
BLYP 2.5 199.7 -0.153466113
BLYP 2.5 199.85 -0.1534547714
BLYP 2.5 200 -0.1534434396
