Functional Exponent Coefficient Energy
BLYP 0.05 -100 -97.4487964525
BLYP 0.05 -99.85 -97.3016072026
BLYP 0.05 -99.7 -97.1544195684
BLYP 0.05 -99.55 -97.0072335537
BLYP 0.05 -99.4 -96.8600491626
BLYP 0.05 -99.25 -96.7128663989
BLYP 0.05 -99.1 -96.5656852667
BLYP 0.05 -98.95 -96.4185057699
BLYP 0.05 -98.8 -96.2713279126
BLYP 0.05 -98.65 -96.1241516989
BLYP 0.05 -98.5 -95.9769771327
BLYP 0.05 -98.35 -95.8298042181
BLYP 0.05 -98.2 -95.6826329592
BLYP 0.05 -98.05 -95.5354633602
BLYP 0.05 -97.9 -95.3882954252
BLYP 0.05 -97.75 -95.2411291583
BLYP 0.05 -97.6 -95.0939645636
BLYP 0.05 -97.45 -94.9468016455
BLYP 0.05 -97.3 -94.799640408
BLYP 0.05 -97.15 -94.6524808554
BLYP 0.05 -97 -94.5053229919
BLYP 0.05 -96.85 -94.3581668219
BLYP 0.05 -96.7 -94.2110123496
BLYP 0.05 -96.55 -94.0638595792
BLYP 0.05 -96.4 -93.9167085152
BLYP 0.05 -96.25 -93.7695591618
BLYP 0.05 -96.1 -93.6224115235
BLYP 0.05 -95.95 -93.4752656046
BLYP 0.05 -95.8 -93.3281214095
BLYP 0.05 -95.65 -93.1809789426
BLYP 0.05 -95.5 -93.0338382085
BLYP 0.05 -95.35 -92.8866992115
BLYP 0.05 -95.2 -92.7395619561
BLYP 0.05 -95.05 -92.592426447
BLYP 0.05 -94.9 -92.4452926885
BLYP 0.05 -94.75 -92.2981606852
BLYP 0.05 -94.6 -92.1510304418
BLYP 0.05 -94.45 -92.0039019628
BLYP 0.05 -94.3 -91.8567752528
BLYP 0.05 -94.15 -91.7096503165
BLYP 0.05 -94 -91.5625271585
BLYP 0.05 -93.85 -91.4154057836
BLYP 0.05 -93.7 -91.2682861963
BLYP 0.05 -93.55 -91.1211684015
BLYP 0.05 -93.4 -90.9740524039
BLYP 0.05 -93.25 -90.8269382083
BLYP 0.05 -93.1 -90.6798258194
BLYP 0.05 -92.95 -90.5327152421
BLYP 0.05 -92.8 -90.3856064812
BLYP 0.05 -92.65 -90.2384995417
BLYP 0.05 -92.5 -90.0913944283
BLYP 0.05 -92.35 -89.944291146
BLYP 0.05 -92.2 -89.7971896997
BLYP 0.05 -92.05 -89.6500900944
BLYP 0.05 -91.9 -89.502992335
BLYP 0.05 -91.75 -89.3558964266
BLYP 0.05 -91.6 -89.2088023743
BLYP 0.05 -91.45 -89.0617101829
BLYP 0.05 -91.3 -88.9146198577
BLYP 0.05 -91.15 -88.7675314038
BLYP 0.05 -91 -88.6204448262
BLYP 0.05 -90.85 -88.4733601301
BLYP 0.05 -90.7 -88.3262773208
BLYP 0.05 -90.55 -88.1791964033
BLYP 0.05 -90.4 -88.0321173829
BLYP 0.05 -90.25 -87.885040265
BLYP 0.05 -90.1 -87.7379650547
BLYP 0.05 -89.95 -87.5908917573
BLYP 0.05 -89.8 -87.4438203783
BLYP 0.05 -89.65 -87.2967509229
BLYP 0.05 -89.5 -87.1496833966
BLYP 0.05 -89.35 -87.0026178047
BLYP 0.05 -89.2 -86.8555541526
BLYP 0.05 -89.05 -86.708492446
BLYP 0.05 -88.9 -86.5614326901
BLYP 0.05 -88.75 -86.4143748906
BLYP 0.05 -88.6 -86.267319053
BLYP 0.05 -88.45 -86.1202651829
BLYP 0.05 -88.3 -85.9732132859
BLYP 0.05 -88.15 -85.8261633675
BLYP 0.05 -88 -85.6791154335
BLYP 0.05 -87.85 -85.5320694895
BLYP 0.05 -87.7 -85.3850255412
BLYP 0.05 -87.55 -85.2379835944
BLYP 0.05 -87.4 -85.0909436549
BLYP 0.05 -87.25 -84.9439057283
BLYP 0.05 -87.1 -84.7968698207
BLYP 0.05 -86.95 -84.6498359377
BLYP 0.05 -86.8 -84.5028040854
BLYP 0.05 -86.65 -84.3557742696
BLYP 0.05 -86.5 -84.2087464962
BLYP 0.05 -86.35 -84.0617207712
BLYP 0.05 -86.2 -83.9146971006
BLYP 0.05 -86.05 -83.7676754905
BLYP 0.05 -85.9 -83.6206559469
BLYP 0.05 -85.75 -83.473638476
BLYP 0.05 -85.6 -83.3266230837
BLYP 0.05 -85.45 -83.1796097763
BLYP 0.05 -85.3 -83.03259856
BLYP 0.05 -85.15 -82.8855894409
BLYP 0.05 -85 -82.7385824254
BLYP 0.05 -84.85 -82.5915775196
BLYP 0.05 -84.7 -82.44457473
BLYP 0.05 -84.55 -82.2975740628
BLYP 0.05 -84.4 -82.1505755244
BLYP 0.05 -84.25 -82.0035791213
BLYP 0.05 -84.1 -81.8565848598
BLYP 0.05 -83.95 -81.7095927465
BLYP 0.05 -83.8 -81.5626027878
BLYP 0.05 -83.65 -81.4156149903
BLYP 0.05 -83.5 -81.2686293605
BLYP 0.05 -83.35 -81.1216459051
BLYP 0.05 -83.2 -80.9746646306
BLYP 0.05 -83.05 -80.8276855438
BLYP 0.05 -82.9 -80.6807086514
BLYP 0.05 -82.75 -80.5337339601
BLYP 0.05 -82.6 -80.3867614767
BLYP 0.05 -82.45 -80.2397912079
BLYP 0.05 -82.3 -80.0928231607
BLYP 0.05 -82.15 -79.9458573419
BLYP 0.05 -82 -79.7988937584
BLYP 0.05 -81.85 -79.6519324172
BLYP 0.05 -81.7 -79.5049733253
BLYP 0.05 -81.55 -79.3580164896
BLYP 0.05 -81.4 -79.2110619173
BLYP 0.05 -81.25 -79.0641096154
BLYP 0.05 -81.1 -78.9171595911
BLYP 0.05 -80.95 -78.7702118515
BLYP 0.05 -80.8 -78.6232664039
BLYP 0.05 -80.65 -78.4763232554
BLYP 0.05 -80.5 -78.3293824134
BLYP 0.05 -80.35 -78.1824438852
BLYP 0.05 -80.2 -78.0355076782
BLYP 0.05 -80.05 -77.8885737997
BLYP 0.05 -79.9 -77.7416422571
BLYP 0.05 -79.75 -77.594713058
BLYP 0.05 -79.6 -77.4477862099
BLYP 0.05 -79.45 -77.3008617202
BLYP 0.05 -79.3 -77.1539395967
BLYP 0.05 -79.15 -77.0070198469
BLYP 0.05 -79 -76.8601024785
BLYP 0.05 -78.85 -76.7131874992
BLYP 0.05 -78.7 -76.5662749167
BLYP 0.05 -78.55 -76.4193647389
BLYP 0.05 -78.4 -76.2724569736
BLYP 0.05 -78.25 -76.1255516287
BLYP 0.05 -78.1 -75.9786487121
BLYP 0.05 -77.95 -75.8317482316
BLYP 0.05 -77.8 -75.6848501955
BLYP 0.05 -77.65 -75.5379546116
BLYP 0.05 -77.5 -75.391061488
BLYP 0.05 -77.35 -75.244170833
BLYP 0.05 -77.2 -75.0972826546
BLYP 0.05 -77.05 -74.9503969612
BLYP 0.05 -76.9 -74.8035137608
BLYP 0.05 -76.75 -74.6566330619
BLYP 0.05 -76.6 -74.5097548728
BLYP 0.05 -76.45 -74.3628792019
BLYP 0.05 -76.3 -74.2160060576
BLYP 0.05 -76.15 -74.0691354484
BLYP 0.05 -76 -73.9222673828
BLYP 0.05 -75.85 -73.7754018695
BLYP 0.05 -75.7 -73.6285389169
BLYP 0.05 -75.55 -73.4816785339
BLYP 0.05 -75.4 -73.334820729
BLYP 0.05 -75.25 -73.1879655111
BLYP 0.05 -75.1 -73.041112889
BLYP 0.05 -74.95 -72.8942628715
BLYP 0.05 -74.8 -72.7474154675
BLYP 0.05 -74.65 -72.600570686
BLYP 0.05 -74.5 -72.453728536
BLYP 0.05 -74.35 -72.3068890264
BLYP 0.05 -74.2 -72.1600521665
BLYP 0.05 -74.05 -72.0132179653
BLYP 0.05 -73.9 -71.8663864321
BLYP 0.05 -73.75 -71.7195575761
BLYP 0.05 -73.6 -71.5727314066
BLYP 0.05 -73.45 -71.4259079329
BLYP 0.05 -73.3 -71.2790871644
BLYP 0.05 -73.15 -71.1322691107
BLYP 0.05 -73 -70.9854537811
BLYP 0.05 -72.85 -70.8386411852
BLYP 0.05 -72.7 -70.6918313327
BLYP 0.05 -72.55 -70.5450242332
BLYP 0.05 -72.4 -70.3982198964
BLYP 0.05 -72.25 -70.251418332
BLYP 0.05 -72.1 -70.10461955
BLYP 0.05 -71.95 -69.9578235601
BLYP 0.05 -71.8 -69.8110303722
BLYP 0.05 -71.65 -69.6642399965
BLYP 0.05 -71.5 -69.5174524428
BLYP 0.05 -71.35 -69.3706677213
BLYP 0.05 -71.2 -69.2238858422
BLYP 0.05 -71.05 -69.0771068156
BLYP 0.05 -70.9 -68.9303306517
BLYP 0.05 -70.75 -68.783557361
BLYP 0.05 -70.6 -68.6367869538
BLYP 0.05 -70.45 -68.4900194405
BLYP 0.05 -70.3 -68.3432548316
BLYP 0.05 -70.15 -68.1964931376
BLYP 0.05 -70 -68.0497343692
BLYP 0.05 -69.85 -67.902978537
BLYP 0.05 -69.7 -67.7562256517
BLYP 0.05 -69.55 -67.6094757242
BLYP 0.05 -69.4 -67.4627287653
BLYP 0.05 -69.25 -67.3159847858
BLYP 0.05 -69.1 -67.1692437968
BLYP 0.05 -68.95 -67.0225058092
BLYP 0.05 -68.8 -66.8757708342
BLYP 0.05 -68.65 -66.7290388829
BLYP 0.05 -68.5 -66.5823099666
BLYP 0.05 -68.35 -66.4355840964
BLYP 0.05 -68.2 -66.2888612838
BLYP 0.05 -68.05 -66.1421415402
BLYP 0.05 -67.9 -65.995424877
BLYP 0.05 -67.75 -65.8487113057
BLYP 0.05 -67.6 -65.7020008381
BLYP 0.05 -67.45 -65.5552934856
BLYP 0.05 -67.3 -65.4085892601
BLYP 0.05 -67.15 -65.2618881733
BLYP 0.05 -67 -65.1151902372
BLYP 0.05 -66.85 -64.9684954636
BLYP 0.05 -66.7 -64.8218038646
BLYP 0.05 -66.55 -64.6751154522
BLYP 0.05 -66.4 -64.5284302386
BLYP 0.05 -66.25 -64.381748236
BLYP 0.05 -66.1 -64.2350694566
BLYP 0.05 -65.95 -64.0883939128
BLYP 0.05 -65.8 -63.941721617
BLYP 0.05 -65.65 -63.7950525817
BLYP 0.05 -65.5 -63.6483868195
BLYP 0.05 -65.35 -63.5017243429
BLYP 0.05 -65.2 -63.3550651648
BLYP 0.05 -65.05 -63.2084092979
BLYP 0.05 -64.9 -63.061756755
BLYP 0.05 -64.75 -62.915107549
BLYP 0.05 -64.6 -62.7684616931
BLYP 0.05 -64.45 -62.6218192001
BLYP 0.05 -64.3 -62.4751800833
BLYP 0.05 -64.15 -62.328544356
BLYP 0.05 -64 -62.1819120314
BLYP 0.05 -63.85 -62.0352831228
BLYP 0.05 -63.7 -61.8886576439
BLYP 0.05 -63.55 -61.742035608
BLYP 0.05 -63.4 -61.5954170288
BLYP 0.05 -63.25 -61.44880192
BLYP 0.05 -63.1 -61.3021902954
BLYP 0.05 -62.95 -61.1555821689
BLYP 0.05 -62.8 -61.0089775543
BLYP 0.05 -62.65 -60.8623764657
BLYP 0.05 -62.5 -60.7157789171
BLYP 0.05 -62.35 -60.5691849229
BLYP 0.05 -62.2 -60.4225944971
BLYP 0.05 -62.05 -60.2760076543
BLYP 0.05 -61.9 -60.1294244087
BLYP 0.05 -61.75 -59.982844775
BLYP 0.05 -61.6 -59.8362687676
BLYP 0.05 -61.45 -59.6896964014
BLYP 0.05 -61.3 -59.5431276911
BLYP 0.05 -61.15 -59.3965626515
BLYP 0.05 -61 -59.2500012976
BLYP 0.05 -60.85 -59.1034436445
BLYP 0.05 -60.7 -58.9568897072
BLYP 0.05 -60.55 -58.8103395009
BLYP 0.05 -60.4 -58.6637930411
BLYP 0.05 -60.25 -58.517250343
BLYP 0.05 -60.1 -58.3707114221
BLYP 0.05 -59.95 -58.2241762941
BLYP 0.05 -59.8 -58.0776449747
BLYP 0.05 -59.65 -57.9311174794
BLYP 0.05 -59.5 -57.7845938243
BLYP 0.05 -59.35 -57.6380740253
BLYP 0.05 -59.2 -57.4915580985
BLYP 0.05 -59.05 -57.3450460599
BLYP 0.05 -58.9 -57.1985379258
BLYP 0.05 -58.75 -57.0520337126
BLYP 0.05 -58.6 -56.9055334366
BLYP 0.05 -58.45 -56.7590371145
BLYP 0.05 -58.3 -56.6125447629
BLYP 0.05 -58.15 -56.4660563984
BLYP 0.05 -58 -56.3195720379
BLYP 0.05 -57.85 -56.1730916985
BLYP 0.05 -57.7 -56.026615397
BLYP 0.05 -57.55 -55.8801431506
BLYP 0.05 -57.4 -55.7336749766
BLYP 0.05 -57.25 -55.5872108923
BLYP 0.05 -57.1 -55.4407509152
BLYP 0.05 -56.95 -55.2942950628
BLYP 0.05 -56.8 -55.1478433528
BLYP 0.05 -56.65 -55.001395803
BLYP 0.05 -56.5 -54.8549524312
BLYP 0.05 -56.35 -54.7085132555
BLYP 0.05 -56.2 -54.5620782938
BLYP 0.05 -56.05 -54.4156475645
BLYP 0.05 -55.9 -54.2692210859
BLYP 0.05 -55.75 -54.1227988763
BLYP 0.05 -55.6 -53.9763809543
BLYP 0.05 -55.45 -53.8299673386
BLYP 0.05 -55.3 -53.6835580479
BLYP 0.05 -55.15 -53.5371531011
BLYP 0.05 -55 -53.3907525173
BLYP 0.05 -54.85 -53.2443563155
BLYP 0.05 -54.7 -53.0979645149
BLYP 0.05 -54.55 -52.951577135
BLYP 0.05 -54.4 -52.8051941951
BLYP 0.05 -54.25 -52.6588157149
BLYP 0.05 -54.1 -52.5124417141
BLYP 0.05 -53.95 -52.3660722125
BLYP 0.05 -53.8 -52.21970723
BLYP 0.05 -53.65 -52.0733467868
BLYP 0.05 -53.5 -51.926990903
BLYP 0.05 -53.35 -51.780639599
BLYP 0.05 -53.2 -51.6342928952
BLYP 0.05 -53.05 -51.4879508122
BLYP 0.05 -52.9 -51.3416133707
BLYP 0.05 -52.75 -51.1952805916
BLYP 0.05 -52.6 -51.0489524957
BLYP 0.05 -52.45 -50.9026291042
BLYP 0.05 -52.3 -50.7563104384
BLYP 0.05 -52.15 -50.6099965195
BLYP 0.05 -52 -50.4636873691
BLYP 0.05 -51.85 -50.3173830088
BLYP 0.05 -51.7 -50.1710834603
BLYP 0.05 -51.55 -50.0247887456
BLYP 0.05 -51.4 -49.8784988867
BLYP 0.05 -51.25 -49.7322139057
BLYP 0.05 -51.1 -49.585933825
BLYP 0.05 -50.95 -49.4396586671
BLYP 0.05 -50.8 -49.2933884544
BLYP 0.05 -50.65 -49.1471232098
BLYP 0.05 -50.5 -49.0008629562
BLYP 0.05 -50.35 -48.8546077165
BLYP 0.05 -50.2 -48.7083575139
BLYP 0.05 -50.05 -48.5621123718
BLYP 0.05 -49.9 -48.4158723136
BLYP 0.05 -49.75 -48.2696373629
BLYP 0.05 -49.6 -48.1234075435
BLYP 0.05 -49.45 -47.9771828793
BLYP 0.05 -49.3 -47.8309633943
BLYP 0.05 -49.15 -47.6847491129
BLYP 0.05 -49 -47.5385400593
BLYP 0.05 -48.85 -47.3923362581
BLYP 0.05 -48.7 -47.2461377339
BLYP 0.05 -48.55 -47.0999445117
BLYP 0.05 -48.4 -46.9537566164
BLYP 0.05 -48.25 -46.8075740731
BLYP 0.05 -48.1 -46.6613969073
BLYP 0.05 -47.95 -46.5152251443
BLYP 0.05 -47.8 -46.3690588099
BLYP 0.05 -47.65 -46.2228979299
BLYP 0.05 -47.5 -46.0767425301
BLYP 0.05 -47.35 -45.9305926369
BLYP 0.05 -47.2 -45.7844482765
BLYP 0.05 -47.05 -45.6383094754
BLYP 0.05 -46.9 -45.4921762602
BLYP 0.05 -46.75 -45.3460486578
BLYP 0.05 -46.6 -45.1999266953
BLYP 0.05 -46.45 -45.0538103997
BLYP 0.05 -46.3 -44.9076997984
BLYP 0.05 -46.15 -44.761594919
BLYP 0.05 -46 -44.6154957893
BLYP 0.05 -45.85 -44.469402437
BLYP 0.05 -45.7 -44.3233148903
BLYP 0.05 -45.55 -44.1772331775
BLYP 0.05 -45.4 -44.031157327
BLYP 0.05 -45.25 -43.8850873674
BLYP 0.05 -45.1 -43.7390233275
BLYP 0.05 -44.95 -43.5929652365
BLYP 0.05 -44.8 -43.4469131234
BLYP 0.05 -44.65 -43.3008670177
BLYP 0.05 -44.5 -43.154826949
BLYP 0.05 -44.35 -43.0087929471
BLYP 0.05 -44.2 -42.862765042
BLYP 0.05 -44.05 -42.7167432638
BLYP 0.05 -43.9 -42.5707276429
BLYP 0.05 -43.75 -42.4247182099
BLYP 0.05 -43.6 -42.2787149957
BLYP 0.05 -43.45 -42.1327180312
BLYP 0.05 -43.3 -41.9867273476
BLYP 0.05 -43.15 -41.8407429764
BLYP 0.05 -43 -41.6947649491
BLYP 0.05 -42.85 -41.5487932977
BLYP 0.05 -42.7 -41.4028280541
BLYP 0.05 -42.55 -41.2568692506
BLYP 0.05 -42.4 -41.1109169198
BLYP 0.05 -42.25 -40.9649710943
BLYP 0.05 -42.1 -40.819031807
BLYP 0.05 -41.95 -40.6730990911
BLYP 0.05 -41.8 -40.5271729801
BLYP 0.05 -41.65 -40.3812535074
BLYP 0.05 -41.5 -40.2353407069
BLYP 0.05 -41.35 -40.0894346127
BLYP 0.05 -41.2 -39.9435352591
BLYP 0.05 -41.05 -39.7976426806
BLYP 0.05 -40.9 -39.651756912
BLYP 0.05 -40.75 -39.5058779882
BLYP 0.05 -40.6 -39.3600059446
BLYP 0.05 -40.45 -39.2141408166
BLYP 0.05 -40.3 -39.06828264
BLYP 0.05 -40.15 -38.9224314507
BLYP 0.05 -40 -38.7765872851
BLYP 0.05 -39.85 -38.6307501795
BLYP 0.05 -39.7 -38.4849201707
BLYP 0.05 -39.55 -38.3390972957
BLYP 0.05 -39.4 -38.1932815918
BLYP 0.05 -39.25 -38.0474730964
BLYP 0.05 -39.1 -37.9016718475
BLYP 0.05 -38.95 -37.7558778829
BLYP 0.05 -38.8 -37.6100912411
BLYP 0.05 -38.65 -37.4643119607
BLYP 0.05 -38.5 -37.3185400803
BLYP 0.05 -38.35 -37.1727756394
BLYP 0.05 -38.2 -37.0270186771
BLYP 0.05 -38.05 -36.8812692333
BLYP 0.05 -37.9 -36.7355273479
BLYP 0.05 -37.75 -36.5897930612
BLYP 0.05 -37.6 -36.4440664137
BLYP 0.05 -37.45 -36.2983474463
BLYP 0.05 -37.3 -36.1526362002
BLYP 0.05 -37.15 -36.0069327168
BLYP 0.05 -37 -35.8612370377
BLYP 0.05 -36.85 -35.7155492052
BLYP 0.05 -36.7 -35.5698692615
BLYP 0.05 -36.55 -35.4241972493
BLYP 0.05 -36.4 -35.2785332116
BLYP 0.05 -36.25 -35.1328771916
BLYP 0.05 -36.1 -34.9872292331
BLYP 0.05 -35.95 -34.8415893799
BLYP 0.05 -35.8 -34.6959576763
BLYP 0.05 -35.65 -34.550334167
BLYP 0.05 -35.5 -34.4047188967
BLYP 0.05 -35.35 -34.2591119109
BLYP 0.05 -35.2 -34.1135132551
BLYP 0.05 -35.05 -33.9679229753
BLYP 0.05 -34.9 -33.8223411178
BLYP 0.05 -34.75 -33.6767677292
BLYP 0.05 -34.6 -33.5312028565
BLYP 0.05 -34.45 -33.3856465472
BLYP 0.05 -34.3 -33.240098849
BLYP 0.05 -34.15 -33.0945598099
BLYP 0.05 -34 -32.9490294785
BLYP 0.05 -33.85 -32.8035079037
BLYP 0.05 -33.7 -32.6579951346
BLYP 0.05 -33.55 -32.5124912209
BLYP 0.05 -33.4 -32.3669962126
BLYP 0.05 -33.25 -32.2215101602
BLYP 0.05 -33.1 -32.0760331145
BLYP 0.05 -32.95 -31.9305651268
BLYP 0.05 -32.8 -31.7851062487
BLYP 0.05 -32.65 -31.6396565323
BLYP 0.05 -32.5 -31.4942160301
BLYP 0.05 -32.35 -31.3487847952
BLYP 0.05 -32.2 -31.203362881
BLYP 0.05 -32.05 -31.0579503416
BLYP 0.05 -31.9 -30.9125472316
BLYP 0.05 -31.75 -30.7671536067
BLYP 0.05 -31.6 -30.621769556
BLYP 0.05 -31.45 -30.4763951387
BLYP 0.05 -31.3 -30.3310303756
BLYP 0.05 -31.15 -30.1856753221
BLYP 0.05 -31 -30.0403300348
BLYP 0.05 -30.85 -29.8949945709
BLYP 0.05 -30.7 -29.7496689883
BLYP 0.05 -30.55 -29.6043533451
BLYP 0.05 -30.4 -29.4590477004
BLYP 0.05 -30.25 -29.3137521134
BLYP 0.05 -30.1 -29.1684666442
BLYP 0.05 -29.95 -29.0231913532
BLYP 0.05 -29.8 -28.8779263013
BLYP 0.05 -29.65 -28.7326715502
BLYP 0.05 -29.5 -28.5874271619
BLYP 0.05 -29.35 -28.4421931991
BLYP 0.05 -29.2 -28.2969697249
BLYP 0.05 -29.05 -28.1517568033
BLYP 0.05 -28.9 -28.0065544986
BLYP 0.05 -28.75 -27.8613628757
BLYP 0.05 -28.6 -27.7161820002
BLYP 0.05 -28.45 -27.5710119384
BLYP 0.05 -28.3 -27.4258527569
BLYP 0.05 -28.15 -27.2807045234
BLYP 0.05 -28 -27.1355673057
BLYP 0.05 -27.85 -26.9904411727
BLYP 0.05 -27.7 -26.8453261937
BLYP 0.05 -27.55 -26.7002224388
BLYP 0.05 -27.4 -26.5551299787
BLYP 0.05 -27.25 -26.4100488849
BLYP 0.05 -27.1 -26.2649792294
BLYP 0.05 -26.95 -26.1199210852
BLYP 0.05 -26.8 -25.9748745259
BLYP 0.05 -26.65 -25.8298396257
BLYP 0.05 -26.5 -25.6848164599
BLYP 0.05 -26.35 -25.5398051047
BLYP 0.05 -26.2 -25.394805637
BLYP 0.05 -26.05 -25.2498181356
BLYP 0.05 -25.9 -25.1048426816
BLYP 0.05 -25.75 -24.9598793613
BLYP 0.05 -25.6 -24.8149282684
BLYP 0.05 -25.45 -24.6699894805
BLYP 0.05 -25.3 -24.5250630669
BLYP 0.05 -25.15 -24.3801491042
BLYP 0.05 -25 -24.2352476735
BLYP 0.05 -24.85 -24.0903588582
BLYP 0.05 -24.7 -23.9454827435
BLYP 0.05 -24.55 -23.8006194155
BLYP 0.05 -24.4 -23.6557689616
BLYP 0.05 -24.25 -23.5109314703
BLYP 0.05 -24.1 -23.3661070311
BLYP 0.05 -23.95 -23.2212957345
BLYP 0.05 -23.8 -23.0764976721
BLYP 0.05 -23.65 -22.9317129368
BLYP 0.05 -23.5 -22.7869416224
BLYP 0.05 -23.35 -22.642183824
BLYP 0.05 -23.2 -22.4974396377
BLYP 0.05 -23.05 -22.352709161
BLYP 0.05 -22.9 -22.2079924925
BLYP 0.05 -22.75 -22.0632897322
BLYP 0.05 -22.6 -21.9186009813
BLYP 0.05 -22.45 -21.7739263423
BLYP 0.05 -22.3 -21.6292659192
BLYP 0.05 -22.15 -21.4846198173
BLYP 0.05 -22 -21.3399881434
BLYP 0.05 -21.85 -21.1953710056
BLYP 0.05 -21.7 -21.0507685137
BLYP 0.05 -21.55 -20.9061807789
BLYP 0.05 -21.4 -20.7616079142
BLYP 0.05 -21.25 -20.6170500341
BLYP 0.05 -21.1 -20.4725072548
BLYP 0.05 -20.95 -20.3279796943
BLYP 0.05 -20.8 -20.1834674723
BLYP 0.05 -20.65 -20.0389707106
BLYP 0.05 -20.5 -19.8944895328
BLYP 0.05 -20.35 -19.7500240651
BLYP 0.05 -20.2 -19.605574436
BLYP 0.05 -20.05 -19.4611407796
BLYP 0.05 -19.9 -19.3167233583
BLYP 0.05 -19.75 -19.1723221953
BLYP 0.05 -19.6 -19.0279374084
BLYP 0.05 -19.45 -18.8835691339
BLYP 0.05 -19.3 -18.7392175111
BLYP 0.05 -19.15 -18.5948826821
BLYP 0.05 -19 -18.4505647915
BLYP 0.05 -18.85 -18.3062639866
BLYP 0.05 -18.7 -18.1619804175
BLYP 0.05 -18.55 -18.0177142368
BLYP 0.05 -18.4 -17.8734655999
BLYP 0.05 -18.25 -17.7292346653
BLYP 0.05 -18.1 -17.5850215942
BLYP 0.05 -17.95 -17.440826551
BLYP 0.05 -17.8 -17.2966497031
BLYP 0.05 -17.65 -17.1524912214
BLYP 0.05 -17.5 -17.0083512799
BLYP 0.05 -17.35 -16.8642300561
BLYP 0.05 -17.2 -16.7201277311
BLYP 0.05 -17.05 -16.5760444898
BLYP 0.05 -16.9 -16.4319805207
BLYP 0.05 -16.75 -16.2879360162
BLYP 0.05 -16.6 -16.1439111726
BLYP 0.05 -16.45 -15.9999061892
BLYP 0.05 -16.3 -15.8559213124
BLYP 0.05 -16.15 -15.7119567252
BLYP 0.05 -16 -15.5680126262
BLYP 0.05 -15.85 -15.4240892696
BLYP 0.05 -15.7 -15.2801869271
BLYP 0.05 -15.55 -15.1363057589
BLYP 0.05 -15.4 -14.9924459977
BLYP 0.05 -15.25 -14.8486078834
BLYP 0.05 -15.1 -14.7047916628
BLYP 0.05 -14.95 -14.5609975904
BLYP 0.05 -14.8 -14.4172259215
BLYP 0.05 -14.65 -14.2734769212
BLYP 0.05 -14.5 -14.1297508613
BLYP 0.05 -14.35 -13.9860480209
BLYP 0.05 -14.2 -13.8423686867
BLYP 0.05 -14.05 -13.6987131627
BLYP 0.05 -13.9 -13.5550817712
BLYP 0.05 -13.75 -13.411474799
BLYP 0.05 -13.6 -13.2678925639
BLYP 0.05 -13.45 -13.1243353928
BLYP 0.05 -13.3 -12.9808036224
BLYP 0.05 -13.15 -12.8372975991
BLYP 0.05 -13 -12.6938176793
BLYP 0.05 -12.85 -12.55036423
BLYP 0.05 -12.7 -12.4069376286
BLYP 0.05 -12.55 -12.2635382649
BLYP 0.05 -12.4 -12.1201665451
BLYP 0.05 -12.25 -11.976822885
BLYP 0.05 -12.1 -11.8335077092
BLYP 0.05 -11.95 -11.6902214598
BLYP 0.05 -11.8 -11.5469645894
BLYP 0.05 -11.65 -11.4037375621
BLYP 0.05 -11.5 -11.2605408626
BLYP 0.05 -11.35 -11.1173749916
BLYP 0.05 -11.2 -10.9742404665
BLYP 0.05 -11.05 -10.8311378226
BLYP 0.05 -10.9 -10.6880676136
BLYP 0.05 -10.75 -10.5450304124
BLYP 0.05 -10.6 -10.4020268125
BLYP 0.05 -10.45 -10.2590574286
BLYP 0.05 -10.3 -10.1161228977
BLYP 0.05 -10.15 -9.9732238806
BLYP 0.05 -10 -9.8303610624
BLYP 0.05 -9.85 -9.6875351549
BLYP 0.05 -9.7 -9.5447468959
BLYP 0.05 -9.55 -9.4019970513
BLYP 0.05 -9.4 -9.2592864175
BLYP 0.05 -9.25 -9.1166158245
BLYP 0.05 -9.1 -8.973986133
BLYP 0.05 -8.95 -8.8313982414
BLYP 0.05 -8.8 -8.6888530837
BLYP 0.05 -8.65 -8.5463516298
BLYP 0.05 -8.5 -8.4038948925
BLYP 0.05 -8.35 -8.2614839282
BLYP 0.05 -8.2 -8.1191198383
BLYP 0.05 -8.05 -7.9768037727
BLYP 0.05 -7.9 -7.8345369319
BLYP 0.05 -7.75 -7.6923205701
BLYP 0.05 -7.6 -7.5501559982
BLYP 0.05 -7.45 -7.4080445872
BLYP 0.05 -7.3 -7.2659877716
BLYP 0.05 -7.15 -7.1239870533
BLYP 0.05 -7 -6.9820440056
BLYP 0.05 -6.85 -6.8401602773
BLYP 0.05 -6.7 -6.6983375978
BLYP 0.05 -6.55 -6.5565777814
BLYP 0.05 -6.4 -6.4148827336
BLYP 0.05 -6.25 -6.2732544559
BLYP 0.05 -6.1 -6.1316950527
BLYP 0.05 -5.95 -5.9902067376
BLYP 0.05 -5.8 -5.8487918409
BLYP 0.05 -5.65 -5.7074528176
BLYP 0.05 -5.5 -5.5661922554
BLYP 0.05 -5.35 -5.4250128846
BLYP 0.05 -5.2 -5.2839175878
BLYP 0.05 -5.05 -5.1429094113
BLYP 0.05 -4.9 -5.0019915768
BLYP 0.05 -4.75 -4.8611674955
BLYP 0.05 -4.6 -4.7204407819
BLYP 0.05 -4.45 -4.579815271
BLYP 0.05 -4.3 -4.4392950361
BLYP 0.05 -4.15 -4.2988844094
BLYP 0.05 -4 -4.1585880057
BLYP 0.05 -3.85 -4.0184107765
BLYP 0.05 -3.7 -3.8783580314
BLYP 0.05 -3.55 -3.7384353513
BLYP 0.05 -3.4 -3.5986487798
BLYP 0.05 -3.25 -3.459004876
BLYP 0.05 -3.1 -3.3195106233
BLYP 0.05 -2.95 -3.1801735861
BLYP 0.05 -2.8 -3.0410020045
BLYP 0.05 -2.65 -2.9020048629
BLYP 0.05 -2.5 -2.7631920064
BLYP 0.05 -2.35 -2.6245743265
BLYP 0.05 -2.2 -2.4861640728
BLYP 0.05 -2.05 -2.3479745435
BLYP 0.05 -1.9 -2.2100209736
BLYP 0.05 -1.75 -2.0723206962
BLYP 0.05 -1.6 -1.9348936713
BLYP 0.05 -1.45 -1.7977632253
BLYP 0.05 -1.3 -1.6609569784
BLYP 0.05 -1.15 -1.5245082901
BLYP 0.05 -1 -1.3884581958
BLYP 0.05 -0.85 -1.2528582506
BLYP 0.05 -0.7 -1.1177747383
BLYP 0.05 -0.55 -0.9832950106
BLYP 0.05 -0.4 -0.8495371859
BLYP 0.05 -0.25 -0.7166651654
BLYP 0.05 -0.1 -0.5849119487
BLYP 0.05 0.05 -0.4546153084
BLYP 0.05 0.2 -0.3262697959
BLYP 0.05 0.35 -0.200594279
BLYP 0.05 0.5 -0.0785987651
BLYP 0.05 0.65 0.0383919705
BLYP 0.05 0.8 0.1488119667
BLYP 0.05 0.95 0.2510337151
BLYP 0.05 1.1 0.3435671979
BLYP 0.05 1.25 0.4260922953
BLYP 0.05 1.4 0.501637217
BLYP 0.05 1.55 0.5733339878
BLYP 0.05 1.7 0.6427865393
BLYP 0.05 1.85 0.7108031451
BLYP 0.05 2 0.7778247923
BLYP 0.05 2.15 0.8440960341
BLYP 0.05 2.3 0.9097704856
BLYP 0.05 2.45 0.9749539347
BLYP 0.05 2.6 1.0397245927
BLYP 0.05 2.75 1.1041421953
BLYP 0.05 2.9 1.1682535952
BLYP 0.05 3.05 1.2320958565
BLYP 0.05 3.2 1.2956884671
BLYP 0.05 3.35 1.3590649655
BLYP 0.05 3.5 1.4222507595
BLYP 0.05 3.65 1.4852635506
BLYP 0.05 3.8 1.5481097707
BLYP 0.05 3.95 1.610802583
BLYP 0.05 4.1 1.6733654703
BLYP 0.05 4.25 1.7358091657
BLYP 0.05 4.4 1.7981428368
BLYP 0.05 4.55 1.8603747769
BLYP 0.05 4.7 1.9225119839
BLYP 0.05 4.85 1.9845610406
BLYP 0.05 5 2.0465279629
BLYP 0.05 5.15 2.1084180087
BLYP 0.05 5.3 2.1702359074
BLYP 0.05 5.45 2.2319859054
BLYP 0.05 5.6 2.293671713
BLYP 0.05 5.75 2.3552892718
BLYP 0.05 5.9 2.4168447302
BLYP 0.05 6.05 2.4783467139
BLYP 0.05 6.2 2.5397982548
BLYP 0.05 6.35 2.6012020415
BLYP 0.05 6.5 2.6625605234
BLYP 0.05 6.65 2.7238759543
BLYP 0.05 6.8 2.7851504187
BLYP 0.05 6.95 2.8463858507
BLYP 0.05 7.1 2.9075840501
BLYP 0.05 7.25 2.9687466953
BLYP 0.05 7.4 3.029875354
BLYP 0.05 7.55 3.0909714936
BLYP 0.05 7.7 3.1520364894
BLYP 0.05 7.85 3.2130716325
BLYP 0.05 8 3.2740781363
BLYP 0.05 8.15 3.3350571429
BLYP 0.05 8.3 3.3960097286
BLYP 0.05 8.45 3.4569369087
BLYP 0.05 8.6 3.5178396422
BLYP 0.05 8.75 3.5787188358
BLYP 0.05 8.9 3.6395753475
BLYP 0.05 9.05 3.7004099904
BLYP 0.05 9.2 3.7612235352
BLYP 0.05 9.35 3.8220167137
BLYP 0.05 9.5 3.8827902209
BLYP 0.05 9.65 3.9435447175
BLYP 0.05 9.8 4.0042808322
BLYP 0.05 9.95 4.0649991638
BLYP 0.05 10.1 4.1257002828
BLYP 0.05 10.25 4.1863847332
BLYP 0.05 10.4 4.2470530343
BLYP 0.05 10.55 4.3077056821
BLYP 0.05 10.7 4.3683431503
BLYP 0.05 10.85 4.428965892
BLYP 0.05 11 4.4895743408
BLYP 0.05 11.15 4.5501689118
BLYP 0.05 11.3 4.6107500026
BLYP 0.05 11.45 4.6713179941
BLYP 0.05 11.6 4.7318732519
BLYP 0.05 11.75 4.7924161266
BLYP 0.05 11.9 4.8529469548
BLYP 0.05 12.05 4.9134660596
BLYP 0.05 12.2 4.9739737517
BLYP 0.05 12.35 5.0344703296
BLYP 0.05 12.5 5.0949560802
BLYP 0.05 12.65 5.1554312796
BLYP 0.05 12.8 5.2158961934
BLYP 0.05 12.95 5.2763510772
BLYP 0.05 13.1 5.336796177
BLYP 0.05 13.25 5.3972317293
BLYP 0.05 13.4 5.4576579617
BLYP 0.05 13.55 5.5180750931
BLYP 0.05 13.7 5.5784833331
BLYP 0.05 13.85 5.6388828821
BLYP 0.05 14 5.6992739069
BLYP 0.05 14.15 5.7596564934
BLYP 0.05 14.3 5.8200309269
BLYP 0.05 14.45 5.8803973486
BLYP 0.05 14.6 5.9407544458
BLYP 0.05 14.75 6.001101852
BLYP 0.05 14.9 6.0614418169
BLYP 0.05 15.05 6.1217745536
BLYP 0.05 15.2 6.1821002409
BLYP 0.05 15.35 6.2424190421
BLYP 0.05 15.5 6.3027311112
BLYP 0.05 15.65 6.363036595
BLYP 0.05 15.8 6.4233356342
BLYP 0.05 15.95 6.4836283643
BLYP 0.05 16.1 6.5439149159
BLYP 0.05 16.25 6.6041954155
BLYP 0.05 16.4 6.6644699853
BLYP 0.05 16.55 6.7247387441
BLYP 0.05 16.7 6.7850018065
BLYP 0.05 16.85 6.8452592842
BLYP 0.05 17 6.9055112854
BLYP 0.05 17.15 6.9657579152
BLYP 0.05 17.3 7.0259992759
BLYP 0.05 17.45 7.0862354666
BLYP 0.05 17.6 7.146466584
BLYP 0.05 17.75 7.206692722
BLYP 0.05 17.9 7.266913972
BLYP 0.05 18.05 7.327130423
BLYP 0.05 18.2 7.3873421617
BLYP 0.05 18.35 7.4475492725
BLYP 0.05 18.5 7.5077518375
BLYP 0.05 18.65 7.5679499369
BLYP 0.05 18.8 7.6281436488
BLYP 0.05 18.95 7.6883330495
BLYP 0.05 19.1 7.7485182131
BLYP 0.05 19.25 7.8086992122
BLYP 0.05 19.4 7.8688761175
BLYP 0.05 19.55 7.9290489981
BLYP 0.05 19.7 7.9892179216
BLYP 0.05 19.85 8.0493829536
BLYP 0.05 20 8.1095441587
BLYP 0.05 20.15 8.1697015996
BLYP 0.05 20.3 8.2298553377
BLYP 0.05 20.45 8.2900054331
BLYP 0.05 20.6 8.3501519444
BLYP 0.05 20.75 8.4102949288
BLYP 0.05 20.9 8.4704344422
BLYP 0.05 21.05 8.5305705395
BLYP 0.05 21.2 8.590703274
BLYP 0.05 21.35 8.6508326979
BLYP 0.05 21.5 8.7109588624
BLYP 0.05 21.65 8.7710818173
BLYP 0.05 21.8 8.8312016116
BLYP 0.05 21.95 8.8913182929
BLYP 0.05 22.1 8.951431908
BLYP 0.05 22.25 9.0115425025
BLYP 0.05 22.4 9.0716501212
BLYP 0.05 22.55 9.1317548077
BLYP 0.05 22.7 9.191856605
BLYP 0.05 22.85 9.2519555549
BLYP 0.05 23 9.3120516985
BLYP 0.05 23.15 9.3721450759
BLYP 0.05 23.3 9.4322357264
BLYP 0.05 23.45 9.4923236886
BLYP 0.05 23.6 9.5524090003
BLYP 0.05 23.75 9.6124916983
BLYP 0.05 23.9 9.6725718189
BLYP 0.05 24.05 9.7326493977
BLYP 0.05 24.2 9.7927244694
BLYP 0.05 24.35 9.8527970681
BLYP 0.05 24.5 9.9128672272
BLYP 0.05 24.65 9.9729349796
BLYP 0.05 24.8 10.0330003573
BLYP 0.05 24.95 10.0930633919
BLYP 0.05 25.1 10.1531241144
BLYP 0.05 25.25 10.213182555
BLYP 0.05 25.4 10.2732387435
BLYP 0.05 25.55 10.3332927092
BLYP 0.05 25.7 10.3933444807
BLYP 0.05 25.85 10.4533940861
BLYP 0.05 26 10.5134415531
BLYP 0.05 26.15 10.5734869088
BLYP 0.05 26.3 10.6335301798
BLYP 0.05 26.45 10.6935713924
BLYP 0.05 26.6 10.7536105721
BLYP 0.05 26.75 10.8136477444
BLYP 0.05 26.9 10.8736829339
BLYP 0.05 27.05 10.933716165
BLYP 0.05 27.2 10.9937474618
BLYP 0.05 27.35 11.0537768478
BLYP 0.05 27.5 11.113804346
BLYP 0.05 27.65 11.1738299793
BLYP 0.05 27.8 11.2338537699
BLYP 0.05 27.95 11.2938757398
BLYP 0.05 28.1 11.3538959107
BLYP 0.05 28.25 11.4139143037
BLYP 0.05 28.4 11.4739309396
BLYP 0.05 28.55 11.533945839
BLYP 0.05 28.7 11.5939590221
BLYP 0.05 28.85 11.6539705087
BLYP 0.05 29 11.7139803181
BLYP 0.05 29.15 11.7739884697
BLYP 0.05 29.3 11.8339949823
BLYP 0.05 29.45 11.8939998744
BLYP 0.05 29.6 11.9540031642
BLYP 0.05 29.75 12.0140048698
BLYP 0.05 29.9 12.0740050086
BLYP 0.05 30.05 12.1340035982
BLYP 0.05 30.2 12.1940006556
BLYP 0.05 30.35 12.2539961976
BLYP 0.05 30.5 12.3139902407
BLYP 0.05 30.65 12.3739828013
BLYP 0.05 30.8 12.4339738954
BLYP 0.05 30.95 12.4939635387
BLYP 0.05 31.1 12.5539517468
BLYP 0.05 31.25 12.613938535
BLYP 0.05 31.4 12.6739239183
BLYP 0.05 31.55 12.7339079116
BLYP 0.05 31.7 12.7938905294
BLYP 0.05 31.85 12.8538717862
BLYP 0.05 32 12.913851696
BLYP 0.05 32.15 12.9738302729
BLYP 0.05 32.3 13.0338075305
BLYP 0.05 32.45 13.0937834824
BLYP 0.05 32.6 13.153758142
BLYP 0.05 32.75 13.2137315222
BLYP 0.05 32.9 13.2737036362
BLYP 0.05 33.05 13.3336744966
BLYP 0.05 33.2 13.393644116
BLYP 0.05 33.35 13.4536125067
BLYP 0.05 33.5 13.513579681
BLYP 0.05 33.65 13.5735456509
BLYP 0.05 33.8 13.6335104282
BLYP 0.05 33.95 13.6934740247
BLYP 0.05 34.1 13.7534364518
BLYP 0.05 34.25 13.8133977209
BLYP 0.05 34.4 13.8733578432
BLYP 0.05 34.55 13.9333168298
BLYP 0.05 34.7 13.9932746916
BLYP 0.05 34.85 14.0532314393
BLYP 0.05 35 14.1131870836
BLYP 0.05 35.15 14.1731416348
BLYP 0.05 35.3 14.2330951034
BLYP 0.05 35.45 14.2930474996
BLYP 0.05 35.6 14.3529988333
BLYP 0.05 35.75 14.4129491145
BLYP 0.05 35.9 14.472898353
BLYP 0.05 36.05 14.5328465584
BLYP 0.05 36.2 14.5927937402
BLYP 0.05 36.35 14.6527399078
BLYP 0.05 36.5 14.7126850706
BLYP 0.05 36.65 14.7726292375
BLYP 0.05 36.8 14.8325724178
BLYP 0.05 36.95 14.8925146202
BLYP 0.05 37.1 14.9524558535
BLYP 0.05 37.25 15.0123961265
BLYP 0.05 37.4 15.0723354477
BLYP 0.05 37.55 15.1322738256
BLYP 0.05 37.7 15.1922112684
BLYP 0.05 37.85 15.2521477845
BLYP 0.05 38 15.3120833819
BLYP 0.05 38.15 15.3720180687
BLYP 0.05 38.3 15.4319518529
BLYP 0.05 38.45 15.4918847422
BLYP 0.05 38.6 15.5518167443
BLYP 0.05 38.75 15.611747867
BLYP 0.05 38.9 15.6716781178
BLYP 0.05 39.05 15.731607504
BLYP 0.05 39.2 15.7915360331
BLYP 0.05 39.35 15.8514637123
BLYP 0.05 39.5 15.9113905489
BLYP 0.05 39.65 15.9713165497
BLYP 0.05 39.8 16.031241722
BLYP 0.05 39.95 16.0911660726
BLYP 0.05 40.1 16.1510896082
BLYP 0.05 40.25 16.2110123358
BLYP 0.05 40.4 16.2709342619
BLYP 0.05 40.55 16.3308553932
BLYP 0.05 40.7 16.3907757361
BLYP 0.05 40.85 16.450695297
BLYP 0.05 41 16.5106140824
BLYP 0.05 41.15 16.5705320986
BLYP 0.05 41.3 16.6304493517
BLYP 0.05 41.45 16.6903658478
BLYP 0.05 41.6 16.7502815931
BLYP 0.05 41.75 16.8101965936
BLYP 0.05 41.9 16.8701108551
BLYP 0.05 42.05 16.9300243835
BLYP 0.05 42.2 16.9899371847
BLYP 0.05 42.35 17.0498492643
BLYP 0.05 42.5 17.109760628
BLYP 0.05 42.65 17.1696712814
BLYP 0.05 42.8 17.22958123
BLYP 0.05 42.95 17.2894904793
BLYP 0.05 43.1 17.3493990348
BLYP 0.05 43.25 17.4093069017
BLYP 0.05 43.4 17.4692140854
BLYP 0.05 43.55 17.5291205911
BLYP 0.05 43.7 17.589026424
BLYP 0.05 43.85 17.6489315891
BLYP 0.05 44 17.7088360915
BLYP 0.05 44.15 17.7687399364
BLYP 0.05 44.3 17.8286431285
BLYP 0.05 44.45 17.8885456727
BLYP 0.05 44.6 17.9484475741
BLYP 0.05 44.75 18.0083488372
BLYP 0.05 44.9 18.0682494669
BLYP 0.05 45.05 18.1281494679
BLYP 0.05 45.2 18.1880488448
BLYP 0.05 45.35 18.2479476021
BLYP 0.05 45.5 18.3078457445
BLYP 0.05 45.65 18.3677432763
BLYP 0.05 45.8 18.4276402021
BLYP 0.05 45.95 18.4875365263
BLYP 0.05 46.1 18.5474322532
BLYP 0.05 46.25 18.6073273871
BLYP 0.05 46.4 18.6672219322
BLYP 0.05 46.55 18.7271158929
BLYP 0.05 46.7 18.7870092732
BLYP 0.05 46.85 18.8469020773
BLYP 0.05 47 18.9067943092
BLYP 0.05 47.15 18.9666859731
BLYP 0.05 47.3 19.0265770728
BLYP 0.05 47.45 19.0864676125
BLYP 0.05 47.6 19.1463575959
BLYP 0.05 47.75 19.2062470263
BLYP 0.05 47.9 19.2661359067
BLYP 0.05 48.05 19.3260242425
BLYP 0.05 48.2 19.3859120373
BLYP 0.05 48.35 19.4457992949
BLYP 0.05 48.5 19.505686019
BLYP 0.05 48.65 19.5655722132
BLYP 0.05 48.8 19.6254578812
BLYP 0.05 48.95 19.6853430265
BLYP 0.05 49.1 19.7452276528
BLYP 0.05 49.25 19.8051117635
BLYP 0.05 49.4 19.864995362
BLYP 0.05 49.55 19.9248784519
BLYP 0.05 49.7 19.9847610364
BLYP 0.05 49.85 20.0446431191
BLYP 0.05 50 20.1045247031
BLYP 0.05 50.15 20.1644057919
BLYP 0.05 50.3 20.2242863886
BLYP 0.05 50.45 20.2841664966
BLYP 0.05 50.6 20.3440461188
BLYP 0.05 50.75 20.4039252585
BLYP 0.05 50.9 20.4638039187
BLYP 0.05 51.05 20.5236821007
BLYP 0.05 51.2 20.5835597871
BLYP 0.05 51.35 20.6434370028
BLYP 0.05 51.5 20.7033137514
BLYP 0.05 51.65 20.7631900359
BLYP 0.05 51.8 20.8230658595
BLYP 0.05 51.95 20.8829412252
BLYP 0.05 52.1 20.9428161359
BLYP 0.05 52.25 21.0026905946
BLYP 0.05 52.4 21.0625646041
BLYP 0.05 52.55 21.1224381674
BLYP 0.05 52.7 21.1823112872
BLYP 0.05 52.85 21.2421839664
BLYP 0.05 53 21.3020562079
BLYP 0.05 53.15 21.3619280142
BLYP 0.05 53.3 21.4217993883
BLYP 0.05 53.45 21.4816703327
BLYP 0.05 53.6 21.5415408501
BLYP 0.05 53.75 21.6014109433
BLYP 0.05 53.9 21.6612806149
BLYP 0.05 54.05 21.7211498674
BLYP 0.05 54.2 21.7810187034
BLYP 0.05 54.35 21.8408871256
BLYP 0.05 54.5 21.9007551364
BLYP 0.05 54.65 21.9606227384
BLYP 0.05 54.8 22.020489934
BLYP 0.05 54.95 22.0803567258
BLYP 0.05 55.1 22.1402231161
BLYP 0.05 55.25 22.2000891075
BLYP 0.05 55.4 22.2599547023
BLYP 0.05 55.55 22.3198199028
BLYP 0.05 55.7 22.3796847116
BLYP 0.05 55.85 22.4395491308
BLYP 0.05 56 22.4994131629
BLYP 0.05 56.15 22.5592768102
BLYP 0.05 56.3 22.6191400748
BLYP 0.05 56.45 22.6790029592
BLYP 0.05 56.6 22.7388654655
BLYP 0.05 56.75 22.7987275959
BLYP 0.05 56.9 22.8585893527
BLYP 0.05 57.05 22.9184507381
BLYP 0.05 57.2 22.9783117542
BLYP 0.05 57.35 23.0381724032
BLYP 0.05 57.5 23.0980326872
BLYP 0.05 57.65 23.1578926083
BLYP 0.05 57.8 23.2177521687
BLYP 0.05 57.95 23.2776113703
BLYP 0.05 58.1 23.3374702153
BLYP 0.05 58.25 23.3973287058
BLYP 0.05 58.4 23.4571868437
BLYP 0.05 58.55 23.517044631
BLYP 0.05 58.7 23.5769020698
BLYP 0.05 58.85 23.636759162
BLYP 0.05 59 23.6966159097
BLYP 0.05 59.15 23.7564723146
BLYP 0.05 59.3 23.8163283788
BLYP 0.05 59.45 23.8761841043
BLYP 0.05 59.6 23.9360394928
BLYP 0.05 59.75 23.9958945462
BLYP 0.05 59.9 24.0557492666
BLYP 0.05 60.05 24.1156036556
BLYP 0.05 60.2 24.1754577151
BLYP 0.05 60.35 24.235311447
BLYP 0.05 60.5 24.2951648531
BLYP 0.05 60.65 24.3550179351
BLYP 0.05 60.8 24.4148706948
BLYP 0.05 60.95 24.4747231341
BLYP 0.05 61.1 24.5345752546
BLYP 0.05 61.25 24.5944270582
BLYP 0.05 61.4 24.6542785464
BLYP 0.05 61.55 24.7141297211
BLYP 0.05 61.7 24.773980584
BLYP 0.05 61.85 24.8338311366
BLYP 0.05 62 24.8936813808
BLYP 0.05 62.15 24.9535313181
BLYP 0.05 62.3 25.0133809502
BLYP 0.05 62.45 25.0732302787
BLYP 0.05 62.6 25.1330793053
BLYP 0.05 62.75 25.1929280315
BLYP 0.05 62.9 25.252776459
BLYP 0.05 63.05 25.3126245893
BLYP 0.05 63.2 25.372472424
BLYP 0.05 63.35 25.4323199647
BLYP 0.05 63.5 25.492167213
BLYP 0.05 63.65 25.5520141702
BLYP 0.05 63.8 25.6118608381
BLYP 0.05 63.95 25.671707218
BLYP 0.05 64.1 25.7315533115
BLYP 0.05 64.25 25.7913991201
BLYP 0.05 64.4 25.8512446453
BLYP 0.05 64.55 25.9110898885
BLYP 0.05 64.7 25.9709348511
BLYP 0.05 64.85 26.0307795347
BLYP 0.05 65 26.0906239407
BLYP 0.05 65.15 26.1504680704
BLYP 0.05 65.3 26.2103119253
BLYP 0.05 65.45 26.2701555069
BLYP 0.05 65.6 26.3299988164
BLYP 0.05 65.75 26.3898418553
BLYP 0.05 65.9 26.449684625
BLYP 0.05 66.05 26.5095271268
BLYP 0.05 66.2 26.569369362
BLYP 0.05 66.35 26.629211332
BLYP 0.05 66.5 26.6890530382
BLYP 0.05 66.65 26.7488944819
BLYP 0.05 66.8 26.8087356643
BLYP 0.05 66.95 26.8685765868
BLYP 0.05 67.1 26.9284172507
BLYP 0.05 67.25 26.9882576572
BLYP 0.05 67.4 27.0480978077
BLYP 0.05 67.55 27.1079377034
BLYP 0.05 67.7 27.1677773455
BLYP 0.05 67.85 27.2276167354
BLYP 0.05 68 27.2874558742
BLYP 0.05 68.15 27.3472947631
BLYP 0.05 68.3 27.4071334035
BLYP 0.05 68.45 27.4669717965
BLYP 0.05 68.6 27.5268099434
BLYP 0.05 68.75 27.5866478452
BLYP 0.05 68.9 27.6464855033
BLYP 0.05 69.05 27.7063229187
BLYP 0.05 69.2 27.7661600927
BLYP 0.05 69.35 27.8259970264
BLYP 0.05 69.5 27.885833721
BLYP 0.05 69.65 27.9456701777
BLYP 0.05 69.8 28.0055063975
BLYP 0.05 69.95 28.0653423815
BLYP 0.05 70.1 28.1251781311
BLYP 0.05 70.25 28.1850136471
BLYP 0.05 70.4 28.2448489308
BLYP 0.05 70.55 28.3046839832
BLYP 0.05 70.7 28.3645188055
BLYP 0.05 70.85 28.4243533987
BLYP 0.05 71 28.4841877639
BLYP 0.05 71.15 28.5440219022
BLYP 0.05 71.3 28.6038558146
BLYP 0.05 71.45 28.6636895023
BLYP 0.05 71.6 28.7235229661
BLYP 0.05 71.75 28.7833562073
BLYP 0.05 71.9 28.8431892267
BLYP 0.05 72.05 28.9030220256
BLYP 0.05 72.2 28.9628546047
BLYP 0.05 72.35 29.0226869653
BLYP 0.05 72.5 29.0825191083
BLYP 0.05 72.65 29.1423510347
BLYP 0.05 72.8 29.2021827454
BLYP 0.05 72.95 29.2620142416
BLYP 0.05 73.1 29.3218455241
BLYP 0.05 73.25 29.3816765939
BLYP 0.05 73.4 29.441507452
BLYP 0.05 73.55 29.5013380994
BLYP 0.05 73.7 29.561168537
BLYP 0.05 73.85 29.6209987658
BLYP 0.05 74 29.6808287867
BLYP 0.05 74.15 29.7406586006
BLYP 0.05 74.3 29.8004882086
BLYP 0.05 74.45 29.8603176114
BLYP 0.05 74.6 29.9201468101
BLYP 0.05 74.75 29.9799758054
BLYP 0.05 74.9 30.0398045985
BLYP 0.05 75.05 30.0996331901
BLYP 0.05 75.2 30.1594615811
BLYP 0.05 75.35 30.2192897724
BLYP 0.05 75.5 30.279117765
BLYP 0.05 75.65 30.3389455597
BLYP 0.05 75.8 30.3987731573
BLYP 0.05 75.95 30.4586005588
BLYP 0.05 76.1 30.5184277649
BLYP 0.05 76.25 30.5782547766
BLYP 0.05 76.4 30.6380815948
BLYP 0.05 76.55 30.6979082201
BLYP 0.05 76.7 30.7577346536
BLYP 0.05 76.85 30.8175608959
BLYP 0.05 77 30.877386948
BLYP 0.05 77.15 30.9372128107
BLYP 0.05 77.3 30.9970384848
BLYP 0.05 77.45 31.0568639711
BLYP 0.05 77.6 31.1166892704
BLYP 0.05 77.75 31.1765143835
BLYP 0.05 77.9 31.2363393113
BLYP 0.05 78.05 31.2961640544
BLYP 0.05 78.2 31.3559886138
BLYP 0.05 78.35 31.4158129902
BLYP 0.05 78.5 31.4756371843
BLYP 0.05 78.65 31.535461197
BLYP 0.05 78.8 31.5952850289
BLYP 0.05 78.95 31.655108681
BLYP 0.05 79.1 31.7149321539
BLYP 0.05 79.25 31.7747554484
BLYP 0.05 79.4 31.8345785652
BLYP 0.05 79.55 31.8944015051
BLYP 0.05 79.7 31.9542242688
BLYP 0.05 79.85 32.0140468572
BLYP 0.05 80 32.0738692707
BLYP 0.05 80.15 32.1336915104
BLYP 0.05 80.3 32.1935135768
BLYP 0.05 80.45 32.2533354706
BLYP 0.05 80.6 32.3131571927
BLYP 0.05 80.75 32.3729787437
BLYP 0.05 80.9 32.4328001242
BLYP 0.05 81.05 32.4926213351
BLYP 0.05 81.2 32.552442377
BLYP 0.05 81.35 32.6122632506
BLYP 0.05 81.5 32.6720839566
BLYP 0.05 81.65 32.7319044956
BLYP 0.05 81.8 32.7917248685
BLYP 0.05 81.95 32.8515450757
BLYP 0.05 82.1 32.9113651181
BLYP 0.05 82.25 32.9711849963
BLYP 0.05 82.4 33.0310047109
BLYP 0.05 82.55 33.0908242627
BLYP 0.05 82.7 33.1506436522
BLYP 0.05 82.85 33.2104628801
BLYP 0.05 83 33.2702819471
BLYP 0.05 83.15 33.3301008539
BLYP 0.05 83.3 33.389919601
BLYP 0.05 83.45 33.4497381891
BLYP 0.05 83.6 33.5095566188
BLYP 0.05 83.75 33.5693748909
BLYP 0.05 83.9 33.6291930058
BLYP 0.05 84.05 33.6890109643
BLYP 0.05 84.2 33.7488287669
BLYP 0.05 84.35 33.8086464142
BLYP 0.05 84.5 33.868463907
BLYP 0.05 84.65 33.9282812458
BLYP 0.05 84.8 33.9880984311
BLYP 0.05 84.95 34.0479154637
BLYP 0.05 85.1 34.107732344
BLYP 0.05 85.25 34.1675490728
BLYP 0.05 85.4 34.2273656506
BLYP 0.05 85.55 34.2871820779
BLYP 0.05 85.7 34.3469983554
BLYP 0.05 85.85 34.4068144837
BLYP 0.05 86 34.4666304633
BLYP 0.05 86.15 34.5264462948
BLYP 0.05 86.3 34.5862619788
BLYP 0.05 86.45 34.6460775159
BLYP 0.05 86.6 34.7058929066
BLYP 0.05 86.75 34.7657081515
BLYP 0.05 86.9 34.8255232511
BLYP 0.05 87.05 34.885338206
BLYP 0.05 87.2 34.9451530168
BLYP 0.05 87.35 35.004967684
BLYP 0.05 87.5 35.0647822082
BLYP 0.05 87.65 35.1245965899
BLYP 0.05 87.8 35.1844108297
BLYP 0.05 87.95 35.244224928
BLYP 0.05 88.1 35.3040388854
BLYP 0.05 88.25 35.3638527026
BLYP 0.05 88.4 35.4236663799
BLYP 0.05 88.55 35.4834799179
BLYP 0.05 88.7 35.5432933172
BLYP 0.05 88.85 35.6031065783
BLYP 0.05 89 35.6629197016
BLYP 0.05 89.15 35.7227326878
BLYP 0.05 89.3 35.7825455373
BLYP 0.05 89.45 35.8423582506
BLYP 0.05 89.6 35.9021708282
BLYP 0.05 89.75 35.9619832707
BLYP 0.05 89.9 36.0217955786
BLYP 0.05 90.05 36.0816077522
BLYP 0.05 90.2 36.1414197923
BLYP 0.05 90.35 36.2012316992
BLYP 0.05 90.5 36.2610434734
BLYP 0.05 90.65 36.3208551154
BLYP 0.05 90.8 36.3806666258
BLYP 0.05 90.95 36.4404780049
BLYP 0.05 91.1 36.5002892534
BLYP 0.05 91.25 36.5601003716
BLYP 0.05 91.4 36.61991136
BLYP 0.05 91.55 36.6797222191
BLYP 0.05 91.7 36.7395329494
BLYP 0.05 91.85 36.7993435514
BLYP 0.05 92 36.8591540255
BLYP 0.05 92.15 36.9189643722
BLYP 0.05 92.3 36.9787745919
BLYP 0.05 92.45 37.0385846851
BLYP 0.05 92.6 37.0983946523
BLYP 0.05 92.75 37.1582044939
BLYP 0.05 92.9 37.2180142104
BLYP 0.05 93.05 37.2778238022
BLYP 0.05 93.2 37.3376332698
BLYP 0.05 93.35 37.3974426135
BLYP 0.05 93.5 37.457251834
BLYP 0.05 93.65 37.5170609316
BLYP 0.05 93.8 37.5768699067
BLYP 0.05 93.95 37.6366787597
BLYP 0.05 94.1 37.6964874912
BLYP 0.05 94.25 37.7562961016
BLYP 0.05 94.4 37.8161045912
BLYP 0.05 94.55 37.8759129605
BLYP 0.05 94.7 37.93572121
BLYP 0.05 94.85 37.99552934
BLYP 0.05 95 38.055337351
BLYP 0.05 95.15 38.1151452434
BLYP 0.05 95.3 38.1749530176
BLYP 0.05 95.45 38.234760674
BLYP 0.05 95.6 38.2945682131
BLYP 0.05 95.75 38.3543756353
BLYP 0.05 95.9 38.4141829409
BLYP 0.05 96.05 38.4739901304
BLYP 0.05 96.2 38.5337972042
BLYP 0.05 96.35 38.5936041626
BLYP 0.05 96.5 38.6534110062
BLYP 0.05 96.65 38.7132177352
BLYP 0.05 96.8 38.7730243501
BLYP 0.05 96.95 38.8328308514
BLYP 0.05 97.1 38.8926372392
BLYP 0.05 97.25 38.9524435142
BLYP 0.05 97.4 39.0122496766
BLYP 0.05 97.55 39.0720557268
BLYP 0.05 97.7 39.1318616653
BLYP 0.05 97.85 39.1916674924
BLYP 0.05 98 39.2514732084
BLYP 0.05 98.15 39.3112788139
BLYP 0.05 98.3 39.3710843091
BLYP 0.05 98.45 39.4308896945
BLYP 0.05 98.6 39.4906949703
BLYP 0.05 98.75 39.550500137
BLYP 0.05 98.9 39.610305195
BLYP 0.05 99.05 39.6701101446
BLYP 0.05 99.2 39.7299149862
BLYP 0.05 99.35 39.7897197202
BLYP 0.05 99.5 39.8495243469
BLYP 0.05 99.65 39.9093288666
BLYP 0.05 99.8 39.9691332798
BLYP 0.05 99.95 40.0289375868
BLYP 0.05 100.1 40.0887417879
BLYP 0.05 100.25 40.1485458836
BLYP 0.05 100.4 40.2083498741
BLYP 0.05 100.55 40.2681537599
BLYP 0.05 100.7 40.3279575412
BLYP 0.05 100.85 40.3877612184
BLYP 0.05 101 40.4475647919
BLYP 0.05 101.15 40.5073682621
BLYP 0.05 101.3 40.5671716291
BLYP 0.05 101.45 40.6269748935
BLYP 0.05 101.6 40.6867780555
BLYP 0.05 101.75 40.7465811154
BLYP 0.05 101.9 40.8063840737
BLYP 0.05 102.05 40.8661869306
BLYP 0.05 102.2 40.9259896865
BLYP 0.05 102.35 40.9857923418
BLYP 0.05 102.5 41.0455948966
BLYP 0.05 102.65 41.1053973514
BLYP 0.05 102.8 41.1651997066
BLYP 0.05 102.95 41.2250019623
BLYP 0.05 103.1 41.284804119
BLYP 0.05 103.25 41.344606177
BLYP 0.05 103.4 41.4044081366
BLYP 0.05 103.55 41.4642099981
BLYP 0.05 103.7 41.5240117618
BLYP 0.05 103.85 41.5838134281
BLYP 0.05 104 41.6436149972
BLYP 0.05 104.15 41.7034164696
BLYP 0.05 104.3 41.7632178454
BLYP 0.05 104.45 41.823019125
BLYP 0.05 104.6 41.8828203087
BLYP 0.05 104.75 41.9426213968
BLYP 0.05 104.9 42.0024223897
BLYP 0.05 105.05 42.0622232876
BLYP 0.05 105.2 42.1220240909
BLYP 0.05 105.35 42.1818247998
BLYP 0.05 105.5 42.2416254146
BLYP 0.05 105.65 42.3014259356
BLYP 0.05 105.8 42.3612263632
BLYP 0.05 105.95 42.4210266977
BLYP 0.05 106.1 42.4808269392
BLYP 0.05 106.25 42.5406270882
BLYP 0.05 106.4 42.6004271449
BLYP 0.05 106.55 42.6602271096
BLYP 0.05 106.7 42.7200269826
BLYP 0.05 106.85 42.7798267642
BLYP 0.05 107 42.8396264547
BLYP 0.05 107.15 42.8994260544
BLYP 0.05 107.3 42.9592255634
BLYP 0.05 107.45 43.0190249822
BLYP 0.05 107.6 43.0788243111
BLYP 0.05 107.75 43.1386235502
BLYP 0.05 107.9 43.1984226999
BLYP 0.05 108.05 43.2582217604
BLYP 0.05 108.2 43.3180207321
BLYP 0.05 108.35 43.3778196152
BLYP 0.05 108.5 43.4376184099
BLYP 0.05 108.65 43.4974171166
BLYP 0.05 108.8 43.5572157356
BLYP 0.05 108.95 43.617014267
BLYP 0.05 109.1 43.6768127112
BLYP 0.05 109.25 43.7366110684
BLYP 0.05 109.4 43.7964093389
BLYP 0.05 109.55 43.856207523
BLYP 0.05 109.7 43.916005621
BLYP 0.05 109.85 43.975803633
BLYP 0.05 110 44.0356015594
BLYP 0.05 110.15 44.0953994004
BLYP 0.05 110.3 44.1551971563
BLYP 0.05 110.45 44.2149948273
BLYP 0.05 110.6 44.2747924138
BLYP 0.05 110.75 44.3345899159
BLYP 0.05 110.9 44.3943873339
BLYP 0.05 111.05 44.454184668
BLYP 0.05 111.2 44.5139819186
BLYP 0.05 111.35 44.5737790859
BLYP 0.05 111.5 44.63357617
BLYP 0.05 111.65 44.6933731714
BLYP 0.05 111.8 44.7531700902
BLYP 0.05 111.95 44.8129669266
BLYP 0.05 112.1 44.872763681
BLYP 0.05 112.25 44.9325603535
BLYP 0.05 112.4 44.9923569444
BLYP 0.05 112.55 45.052153454
BLYP 0.05 112.7 45.1119498825
BLYP 0.05 112.85 45.1717462301
BLYP 0.05 113 45.2315424971
BLYP 0.05 113.15 45.2913386837
BLYP 0.05 113.3 45.3511347901
BLYP 0.05 113.45 45.4109308167
BLYP 0.05 113.6 45.4707267635
BLYP 0.05 113.75 45.530522631
BLYP 0.05 113.9 45.5903184192
BLYP 0.05 114.05 45.6501141284
BLYP 0.05 114.2 45.7099097589
BLYP 0.05 114.35 45.7697053109
BLYP 0.05 114.5 45.8295007847
BLYP 0.05 114.65 45.8892961803
BLYP 0.05 114.8 45.9490914982
BLYP 0.05 114.95 46.0088867384
BLYP 0.05 115.1 46.0686819013
BLYP 0.05 115.25 46.128476987
BLYP 0.05 115.4 46.1882719959
BLYP 0.05 115.55 46.248066928
BLYP 0.05 115.7 46.3078617836
BLYP 0.05 115.85 46.367656563
BLYP 0.05 116 46.4274512664
BLYP 0.05 116.15 46.4872458939
BLYP 0.05 116.3 46.5470404458
BLYP 0.05 116.45 46.6068349224
BLYP 0.05 116.6 46.6666293238
BLYP 0.05 116.75 46.7264236502
BLYP 0.05 116.9 46.7862179019
BLYP 0.05 117.05 46.8460120791
BLYP 0.05 117.2 46.9058061819
BLYP 0.05 117.35 46.9656002107
BLYP 0.05 117.5 47.0253941655
BLYP 0.05 117.65 47.0851880467
BLYP 0.05 117.8 47.1449818544
BLYP 0.05 117.95 47.2047755888
BLYP 0.05 118.1 47.2645692501
BLYP 0.05 118.25 47.3243628386
BLYP 0.05 118.4 47.3841563544
BLYP 0.05 118.55 47.4439497977
BLYP 0.05 118.7 47.5037431688
BLYP 0.05 118.85 47.5635364678
BLYP 0.05 119 47.6233296949
BLYP 0.05 119.15 47.6831228503
BLYP 0.05 119.3 47.7429159343
BLYP 0.05 119.45 47.8027089469
BLYP 0.05 119.6 47.8625018884
BLYP 0.05 119.75 47.922294759
BLYP 0.05 119.9 47.9820875587
BLYP 0.05 120.05 48.0418802879
BLYP 0.05 120.2 48.1016729465
BLYP 0.05 120.35 48.1614655348
BLYP 0.05 120.5 48.2212580526
BLYP 0.05 120.65 48.281050472
BLYP 0.05 120.8 48.3408428222
BLYP 0.05 120.95 48.4006351029
BLYP 0.05 121.1 48.4604273143
BLYP 0.05 121.25 48.5202194566
BLYP 0.05 121.4 48.5800115303
BLYP 0.05 121.55 48.6398035353
BLYP 0.05 121.7 48.6995954721
BLYP 0.05 121.85 48.7593873407
BLYP 0.05 122 48.8191791413
BLYP 0.05 122.15 48.8789708743
BLYP 0.05 122.3 48.9387625397
BLYP 0.05 122.45 48.9985541378
BLYP 0.05 122.6 49.0583456688
BLYP 0.05 122.75 49.1181371328
BLYP 0.05 122.9 49.17792853
BLYP 0.05 123.05 49.2377198607
BLYP 0.05 123.2 49.297511125
BLYP 0.05 123.35 49.3573023232
BLYP 0.05 123.5 49.4170934553
BLYP 0.05 123.65 49.4768845215
BLYP 0.05 123.8 49.5366755222
BLYP 0.05 123.95 49.5964664573
BLYP 0.05 124.1 49.6562573272
BLYP 0.05 124.25 49.716048132
BLYP 0.05 124.4 49.7758388719
BLYP 0.05 124.55 49.835629547
BLYP 0.05 124.7 49.8954201576
BLYP 0.05 124.85 49.9552107037
BLYP 0.05 125 50.0150011857
BLYP 0.05 125.15 50.0747916036
BLYP 0.05 125.3 50.1345819576
BLYP 0.05 125.45 50.1943722479
BLYP 0.05 125.6 50.2541624748
BLYP 0.05 125.75 50.3139526382
BLYP 0.05 125.9 50.3737427385
BLYP 0.05 126.05 50.4335327758
BLYP 0.05 126.2 50.4933227502
BLYP 0.05 126.35 50.553112662
BLYP 0.05 126.5 50.6129025113
BLYP 0.05 126.65 50.6726922982
BLYP 0.05 126.8 50.732482023
BLYP 0.05 126.95 50.7922716857
BLYP 0.05 127.1 50.8520612867
BLYP 0.05 127.25 50.9118508259
BLYP 0.05 127.4 50.9716403037
BLYP 0.05 127.55 51.0314297201
BLYP 0.05 127.7 51.0912190753
BLYP 0.05 127.85 51.1510083695
BLYP 0.05 128 51.2107976028
BLYP 0.05 128.15 51.2705867754
BLYP 0.05 128.3 51.3303758875
BLYP 0.05 128.45 51.3901649393
BLYP 0.05 128.6 51.4499539308
BLYP 0.05 128.75 51.5097428622
BLYP 0.05 128.9 51.5695317337
BLYP 0.05 129.05 51.6293205455
BLYP 0.05 129.2 51.6891092977
BLYP 0.05 129.35 51.7488979905
BLYP 0.05 129.5 51.808686624
BLYP 0.05 129.65 51.8684751983
BLYP 0.05 129.8 51.9282637137
BLYP 0.05 129.95 51.9880521703
BLYP 0.05 130.1 52.0478405682
BLYP 0.05 130.25 52.1076289076
BLYP 0.05 130.4 52.1674171886
BLYP 0.05 130.55 52.2272054114
BLYP 0.05 130.7 52.2869935762
BLYP 0.05 130.85 52.3467816831
BLYP 0.05 131 52.4065697321
BLYP 0.05 131.15 52.4663577236
BLYP 0.05 131.3 52.5261456576
BLYP 0.05 131.45 52.5859335343
BLYP 0.05 131.6 52.6457213539
BLYP 0.05 131.75 52.7055091164
BLYP 0.05 131.9 52.765296822
BLYP 0.05 132.05 52.8250844709
BLYP 0.05 132.2 52.8848720632
BLYP 0.05 132.35 52.9446595991
BLYP 0.05 132.5 53.0044470787
BLYP 0.05 132.65 53.0642345021
BLYP 0.05 132.8 53.1240218695
BLYP 0.05 132.95 53.1838091811
BLYP 0.05 133.1 53.2435964369
BLYP 0.05 133.25 53.3033836371
BLYP 0.05 133.4 53.3631707819
BLYP 0.05 133.55 53.4229578714
BLYP 0.05 133.7 53.4827449057
BLYP 0.05 133.85 53.542531885
BLYP 0.05 134 53.6023188094
BLYP 0.05 134.15 53.6621056791
BLYP 0.05 134.3 53.7218924941
BLYP 0.05 134.45 53.7816792547
BLYP 0.05 134.6 53.8414659609
BLYP 0.05 134.75 53.901252613
BLYP 0.05 134.9 53.9610392109
BLYP 0.05 135.05 54.0208257549
BLYP 0.05 135.2 54.0806122452
BLYP 0.05 135.35 54.1403986817
BLYP 0.05 135.5 54.2001850648
BLYP 0.05 135.65 54.2599713944
BLYP 0.05 135.8 54.3197576708
BLYP 0.05 135.95 54.3795438941
BLYP 0.05 136.1 54.4393300643
BLYP 0.05 136.25 54.4991161817
BLYP 0.05 136.4 54.5589022463
BLYP 0.05 136.55 54.6186882584
BLYP 0.05 136.7 54.6784742179
BLYP 0.05 136.85 54.7382601251
BLYP 0.05 137 54.7980459801
BLYP 0.05 137.15 54.857831783
BLYP 0.05 137.3 54.917617534
BLYP 0.05 137.45 54.9774032331
BLYP 0.05 137.6 55.0371888805
BLYP 0.05 137.75 55.0969744763
BLYP 0.05 137.9 55.1567600207
BLYP 0.05 138.05 55.2165455137
BLYP 0.05 138.2 55.2763309555
BLYP 0.05 138.35 55.3361163463
BLYP 0.05 138.5 55.395901686
BLYP 0.05 138.65 55.455686975
BLYP 0.05 138.8 55.5154722133
BLYP 0.05 138.95 55.5752574009
BLYP 0.05 139.1 55.6350425381
BLYP 0.05 139.25 55.694827625
BLYP 0.05 139.4 55.7546126617
BLYP 0.05 139.55 55.8143976482
BLYP 0.05 139.7 55.8741825848
BLYP 0.05 139.85 55.9339674715
BLYP 0.05 140 55.9937523085
BLYP 0.05 140.15 56.0535370959
BLYP 0.05 140.3 56.1133218337
BLYP 0.05 140.45 56.1731065222
BLYP 0.05 140.6 56.2328911615
BLYP 0.05 140.75 56.2926757516
BLYP 0.05 140.9 56.3524602926
BLYP 0.05 141.05 56.4122447848
BLYP 0.05 141.2 56.4720292282
BLYP 0.05 141.35 56.5318136229
BLYP 0.05 141.5 56.5915979691
BLYP 0.05 141.65 56.6513822668
BLYP 0.05 141.8 56.7111665161
BLYP 0.05 141.95 56.7709507173
BLYP 0.05 142.1 56.8307348704
BLYP 0.05 142.25 56.8905189755
BLYP 0.05 142.4 56.9503030327
BLYP 0.05 142.55 57.0100870422
BLYP 0.05 142.7 57.069871004
BLYP 0.05 142.85 57.1296549183
BLYP 0.05 143 57.1894387851
BLYP 0.05 143.15 57.2492226047
BLYP 0.05 143.3 57.3090063771
BLYP 0.05 143.45 57.3687901023
BLYP 0.05 143.6 57.4285737806
BLYP 0.05 143.75 57.4883574121
BLYP 0.05 143.9 57.5481409968
BLYP 0.05 144.05 57.6079245348
BLYP 0.05 144.2 57.6677080263
BLYP 0.05 144.35 57.7274914714
BLYP 0.05 144.5 57.7872748701
BLYP 0.05 144.65 57.8470582227
BLYP 0.05 144.8 57.9068415291
BLYP 0.05 144.95 57.9666247895
BLYP 0.05 145.1 58.0264080041
BLYP 0.05 145.25 58.0861911729
BLYP 0.05 145.4 58.1459742959
BLYP 0.05 145.55 58.2057573734
BLYP 0.05 145.7 58.2655404055
BLYP 0.05 145.85 58.3253233922
BLYP 0.05 146 58.3851063336
BLYP 0.05 146.15 58.4448892299
BLYP 0.05 146.3 58.5046720811
BLYP 0.05 146.45 58.5644548874
BLYP 0.05 146.6 58.6242376488
BLYP 0.05 146.75 58.6840203655
BLYP 0.05 146.9 58.7438030376
BLYP 0.05 147.05 58.8035856651
BLYP 0.05 147.2 58.8633682482
BLYP 0.05 147.35 58.9231507869
BLYP 0.05 147.5 58.9829332815
BLYP 0.05 147.65 59.0427157319
BLYP 0.05 147.8 59.1024981382
BLYP 0.05 147.95 59.1622805007
BLYP 0.05 148.1 59.2220628193
BLYP 0.05 148.25 59.2818450942
BLYP 0.05 148.4 59.3416273254
BLYP 0.05 148.55 59.4014095131
BLYP 0.05 148.7 59.4611916574
BLYP 0.05 148.85 59.5209737584
BLYP 0.05 149 59.5807558161
BLYP 0.05 149.15 59.6405378307
BLYP 0.05 149.3 59.7003198022
BLYP 0.05 149.45 59.7601017308
BLYP 0.05 149.6 59.8198836166
BLYP 0.05 149.75 59.8796654596
BLYP 0.05 149.9 59.9394472599
BLYP 0.05 150.05 59.9992290177
BLYP 0.05 150.2 60.059010733
BLYP 0.05 150.35 60.1187924059
BLYP 0.05 150.5 60.1785740366
BLYP 0.05 150.65 60.2383556251
BLYP 0.05 150.8 60.2981371715
BLYP 0.05 150.95 60.3579186759
BLYP 0.05 151.1 60.4177001384
BLYP 0.05 151.25 60.4774815591
BLYP 0.05 151.4 60.537262938
BLYP 0.05 151.55 60.5970442754
BLYP 0.05 151.7 60.6568255712
BLYP 0.05 151.85 60.7166068256
BLYP 0.05 152 60.7763880387
BLYP 0.05 152.15 60.8361692105
BLYP 0.05 152.3 60.8959503411
BLYP 0.05 152.45 60.9557314307
BLYP 0.05 152.6 61.0155124792
BLYP 0.05 152.75 61.0752934869
BLYP 0.05 152.9 61.1350744538
BLYP 0.05 153.05 61.19485538
BLYP 0.05 153.2 61.2546362656
BLYP 0.05 153.35 61.3144171106
BLYP 0.05 153.5 61.3741979152
BLYP 0.05 153.65 61.4339786794
BLYP 0.05 153.8 61.4937594033
BLYP 0.05 153.95 61.5535400871
BLYP 0.05 154.1 61.6133207308
BLYP 0.05 154.25 61.6731013345
BLYP 0.05 154.4 61.7328818982
BLYP 0.05 154.55 61.7926624222
BLYP 0.05 154.7 61.8524429064
BLYP 0.05 154.85 61.9122233509
BLYP 0.05 155 61.9720037559
BLYP 0.05 155.15 62.0317841214
BLYP 0.05 155.3 62.0915644474
BLYP 0.05 155.45 62.1513447342
BLYP 0.05 155.6 62.2111249818
BLYP 0.05 155.75 62.2709051901
BLYP 0.05 155.9 62.3306853595
BLYP 0.05 156.05 62.3904654899
BLYP 0.05 156.2 62.4502455813
BLYP 0.05 156.35 62.510025634
BLYP 0.05 156.5 62.5698056479
BLYP 0.05 156.65 62.6295856232
BLYP 0.05 156.8 62.68936556
BLYP 0.05 156.95 62.7491454583
BLYP 0.05 157.1 62.8089253181
BLYP 0.05 157.25 62.8687051397
BLYP 0.05 157.4 62.9284849231
BLYP 0.05 157.55 62.9882646683
BLYP 0.05 157.7 63.0480443754
BLYP 0.05 157.85 63.1078240445
BLYP 0.05 158 63.1676036758
BLYP 0.05 158.15 63.2273832692
BLYP 0.05 158.3 63.2871628249
BLYP 0.05 158.45 63.3469423429
BLYP 0.05 158.6 63.4067218233
BLYP 0.05 158.75 63.4665012663
BLYP 0.05 158.9 63.5262806718
BLYP 0.05 159.05 63.5860600399
BLYP 0.05 159.2 63.6458393708
BLYP 0.05 159.35 63.7056186645
BLYP 0.05 159.5 63.7653979211
BLYP 0.05 159.65 63.8251771407
BLYP 0.05 159.8 63.8849563233
BLYP 0.05 159.95 63.944735469
BLYP 0.05 160.1 64.0045145779
BLYP 0.05 160.25 64.0642936501
BLYP 0.05 160.4 64.1240726857
BLYP 0.05 160.55 64.1838516846
BLYP 0.05 160.7 64.2436306471
BLYP 0.05 160.85 64.3034095731
BLYP 0.05 161 64.3631884628
BLYP 0.05 161.15 64.4229673163
BLYP 0.05 161.3 64.4827461335
BLYP 0.05 161.45 64.5425249146
BLYP 0.05 161.6 64.6023036596
BLYP 0.05 161.75 64.6620823686
BLYP 0.05 161.9 64.7218610418
BLYP 0.05 162.05 64.7816396791
BLYP 0.05 162.2 64.8414182806
BLYP 0.05 162.35 64.9011968464
BLYP 0.05 162.5 64.9609753765
BLYP 0.05 162.65 65.0207538711
BLYP 0.05 162.8 65.0805323302
BLYP 0.05 162.95 65.1403107538
BLYP 0.05 163.1 65.200089142
BLYP 0.05 163.25 65.2598674948
BLYP 0.05 163.4 65.319645815
BLYP 0.05 163.55 65.3794240846
BLYP 0.05 163.7 65.4392023189
BLYP 0.05 163.85 65.4989805181
BLYP 0.05 164 65.5587586823
BLYP 0.05 164.15 65.6185368116
BLYP 0.05 164.3 65.6783149061
BLYP 0.05 164.45 65.738092966
BLYP 0.05 164.6 65.7978709912
BLYP 0.05 164.75 65.8576489819
BLYP 0.05 164.9 65.9174269382
BLYP 0.05 165.05 65.97720486
BLYP 0.05 165.2 66.0369827476
BLYP 0.05 165.35 66.096760601
BLYP 0.05 165.5 66.1565384202
BLYP 0.05 165.65 66.2163162053
BLYP 0.05 165.8 66.2760939564
BLYP 0.05 165.95 66.3358716736
BLYP 0.05 166.1 66.3956493569
BLYP 0.05 166.25 66.4554270065
BLYP 0.05 166.4 66.5152046223
BLYP 0.05 166.55 66.5749822044
BLYP 0.05 166.7 66.634759753
BLYP 0.05 166.85 66.6945372681
BLYP 0.05 167 66.7543147497
BLYP 0.05 167.15 66.814092198
BLYP 0.05 167.3 66.8738696129
BLYP 0.05 167.45 66.9336469946
BLYP 0.05 167.6 66.9934243432
BLYP 0.05 167.75 67.0532016586
BLYP 0.05 167.9 67.112978941
BLYP 0.05 168.05 67.1727561905
BLYP 0.05 168.2 67.232533407
BLYP 0.05 168.35 67.2923105908
BLYP 0.05 168.5 67.3520877417
BLYP 0.05 168.65 67.41186486
BLYP 0.05 168.8 67.4716419456
BLYP 0.05 168.95 67.5314189987
BLYP 0.05 169.1 67.5911960192
BLYP 0.05 169.25 67.6509730074
BLYP 0.05 169.4 67.7107499631
BLYP 0.05 169.55 67.7705268866
BLYP 0.05 169.7 67.8303037778
BLYP 0.05 169.85 67.8900806368
BLYP 0.05 170 67.9498574637
BLYP 0.05 170.15 68.0096342586
BLYP 0.05 170.3 68.0694110215
BLYP 0.05 170.45 68.1291877525
BLYP 0.05 170.6 68.1889644516
BLYP 0.05 170.75 68.248741119
BLYP 0.05 170.9 68.3085177546
BLYP 0.05 171.05 68.3682943585
BLYP 0.05 171.2 68.4280709309
BLYP 0.05 171.35 68.4878474717
BLYP 0.05 171.5 68.547623981
BLYP 0.05 171.65 68.6074004589
BLYP 0.05 171.8 68.6671769055
BLYP 0.05 171.95 68.7269533207
BLYP 0.05 172.1 68.7867297048
BLYP 0.05 172.25 68.8465060576
BLYP 0.05 172.4 68.9062823794
BLYP 0.05 172.55 68.9660586701
BLYP 0.05 172.7 69.0258349299
BLYP 0.05 172.85 69.0856111587
BLYP 0.05 173 69.1453873566
BLYP 0.05 173.15 69.2051635238
BLYP 0.05 173.3 69.2649396602
BLYP 0.05 173.45 69.3247157659
BLYP 0.05 173.6 69.384491841
BLYP 0.05 173.75 69.4442678856
BLYP 0.05 173.9 69.5040438996
BLYP 0.05 174.05 69.5638198832
BLYP 0.05 174.2 69.6235958364
BLYP 0.05 174.35 69.6833717593
BLYP 0.05 174.5 69.7431476519
BLYP 0.05 174.65 69.8029235144
BLYP 0.05 174.8 69.8626993466
BLYP 0.05 174.95 69.9224751488
BLYP 0.05 175.1 69.982250921
BLYP 0.05 175.25 70.0420266632
BLYP 0.05 175.4 70.1018023754
BLYP 0.05 175.55 70.1615780578
BLYP 0.05 175.7 70.2213537104
BLYP 0.05 175.85 70.2811293333
BLYP 0.05 176 70.3409049265
BLYP 0.05 176.15 70.4006804901
BLYP 0.05 176.3 70.460456024
BLYP 0.05 176.45 70.5202315285
BLYP 0.05 176.6 70.5800070035
BLYP 0.05 176.75 70.6397824491
BLYP 0.05 176.9 70.6995578654
BLYP 0.05 177.05 70.7593332524
BLYP 0.05 177.2 70.8191086101
BLYP 0.05 177.35 70.8788839387
BLYP 0.05 177.5 70.9386592382
BLYP 0.05 177.65 70.9984345085
BLYP 0.05 177.8 71.05820975
BLYP 0.05 177.95 71.1179849623
BLYP 0.05 178.1 71.1777601458
BLYP 0.05 178.25 71.2375353005
BLYP 0.05 178.4 71.2973104264
BLYP 0.05 178.55 71.3570855236
BLYP 0.05 178.7 71.416860592
BLYP 0.05 178.85 71.4766356319
BLYP 0.05 179 71.5364106431
BLYP 0.05 179.15 71.5961856259
BLYP 0.05 179.3 71.6559605802
BLYP 0.05 179.45 71.7157355061
BLYP 0.05 179.6 71.7755104036
BLYP 0.05 179.75 71.8352852728
BLYP 0.05 179.9 71.8950601138
BLYP 0.05 180.05 71.9548349265
BLYP 0.05 180.2 72.0146097111
BLYP 0.05 180.35 72.0743844677
BLYP 0.05 180.5 72.1341591962
BLYP 0.05 180.65 72.1939338967
BLYP 0.05 180.8 72.2537085692
BLYP 0.05 180.95 72.3134832139
BLYP 0.05 181.1 72.3732578308
BLYP 0.05 181.25 72.4330324199
BLYP 0.05 181.4 72.4928069812
BLYP 0.05 181.55 72.5525815149
BLYP 0.05 181.7 72.612356021
BLYP 0.05 181.85 72.6721304995
BLYP 0.05 182 72.7319049505
BLYP 0.05 182.15 72.791679374
BLYP 0.05 182.3 72.85145377
BLYP 0.05 182.45 72.9112281388
BLYP 0.05 182.6 72.9710024802
BLYP 0.05 182.75 73.0307767943
BLYP 0.05 182.9 73.0905510812
BLYP 0.05 183.05 73.150325341
BLYP 0.05 183.2 73.2100995736
BLYP 0.05 183.35 73.2698737792
BLYP 0.05 183.5 73.3296479578
BLYP 0.05 183.65 73.3894221094
BLYP 0.05 183.8 73.4491962341
BLYP 0.05 183.95 73.5089703319
BLYP 0.05 184.1 73.5687444029
BLYP 0.05 184.25 73.6285184471
BLYP 0.05 184.4 73.6882924647
BLYP 0.05 184.55 73.7480664555
BLYP 0.05 184.7 73.8078404197
BLYP 0.05 184.85 73.8676143574
BLYP 0.05 185 73.9273882685
BLYP 0.05 185.15 73.9871621532
BLYP 0.05 185.3 74.0469360115
BLYP 0.05 185.45 74.1067098433
BLYP 0.05 185.6 74.1664836489
BLYP 0.05 185.75 74.2262574281
BLYP 0.05 185.9 74.2860311811
BLYP 0.05 186.05 74.345804908
BLYP 0.05 186.2 74.4055786087
BLYP 0.05 186.35 74.4653522833
BLYP 0.05 186.5 74.5251259318
BLYP 0.05 186.65 74.5848995544
BLYP 0.05 186.8 74.644673151
BLYP 0.05 186.95 74.7044467217
BLYP 0.05 187.1 74.7642202666
BLYP 0.05 187.25 74.8239937857
BLYP 0.05 187.4 74.883767279
BLYP 0.05 187.55 74.9435407465
BLYP 0.05 187.7 75.0033141884
BLYP 0.05 187.85 75.0630876047
BLYP 0.05 188 75.1228609954
BLYP 0.05 188.15 75.1826343606
BLYP 0.05 188.3 75.2424077003
BLYP 0.05 188.45 75.3021810146
BLYP 0.05 188.6 75.3619543034
BLYP 0.05 188.75 75.421727567
BLYP 0.05 188.9 75.4815008052
BLYP 0.05 189.05 75.5412740181
BLYP 0.05 189.2 75.6010472059
BLYP 0.05 189.35 75.6608203685
BLYP 0.05 189.5 75.7205935059
BLYP 0.05 189.65 75.7803666183
BLYP 0.05 189.8 75.8401397056
BLYP 0.05 189.95 75.899912768
BLYP 0.05 190.1 75.9596858054
BLYP 0.05 190.25 76.0194588179
BLYP 0.05 190.4 76.0792318056
BLYP 0.05 190.55 76.1390047685
BLYP 0.05 190.7 76.1987777065
BLYP 0.05 190.85 76.2585506199
BLYP 0.05 191 76.3183235086
BLYP 0.05 191.15 76.3780963726
BLYP 0.05 191.3 76.4378692121
BLYP 0.05 191.45 76.497642027
BLYP 0.05 191.6 76.5574148174
BLYP 0.05 191.75 76.6171875834
BLYP 0.05 191.9 76.6769603249
BLYP 0.05 192.05 76.7367330421
BLYP 0.05 192.2 76.7965057349
BLYP 0.05 192.35 76.8562784034
BLYP 0.05 192.5 76.9160510477
BLYP 0.05 192.65 76.9758236678
BLYP 0.05 192.8 77.0355962637
BLYP 0.05 192.95 77.0953688355
BLYP 0.05 193.1 77.1551413832
BLYP 0.05 193.25 77.2149139069
BLYP 0.05 193.4 77.2746864066
BLYP 0.05 193.55 77.3344588823
BLYP 0.05 193.7 77.3942313342
BLYP 0.05 193.85 77.4540037621
BLYP 0.05 194 77.5137761663
BLYP 0.05 194.15 77.5735485466
BLYP 0.05 194.3 77.6333209032
BLYP 0.05 194.45 77.6930932362
BLYP 0.05 194.6 77.7528655454
BLYP 0.05 194.75 77.812637831
BLYP 0.05 194.9 77.8724100931
BLYP 0.05 195.05 77.9321823316
BLYP 0.05 195.2 77.9919545466
BLYP 0.05 195.35 78.0517267382
BLYP 0.05 195.5 78.1114989063
BLYP 0.05 195.65 78.1712710511
BLYP 0.05 195.8 78.2310431725
BLYP 0.05 195.95 78.2908152707
BLYP 0.05 196.1 78.3505873456
BLYP 0.05 196.25 78.4103593973
BLYP 0.05 196.4 78.4701314258
BLYP 0.05 196.55 78.5299034311
BLYP 0.05 196.7 78.5896754134
BLYP 0.05 196.85 78.6494473726
BLYP 0.05 197 78.7092193088
BLYP 0.05 197.15 78.768991222
BLYP 0.05 197.3 78.8287631123
BLYP 0.05 197.45 78.8885349797
BLYP 0.05 197.6 78.9483068243
BLYP 0.05 197.75 79.008078646
BLYP 0.05 197.9 79.0678504449
BLYP 0.05 198.05 79.1276222211
BLYP 0.05 198.2 79.1873939746
BLYP 0.05 198.35 79.2471657054
BLYP 0.05 198.5 79.3069374136
BLYP 0.05 198.65 79.3667090992
BLYP 0.05 198.8 79.4264807623
BLYP 0.05 198.95 79.4862524029
BLYP 0.05 199.1 79.546024021
BLYP 0.05 199.25 79.6057956166
BLYP 0.05 199.4 79.6655671899
BLYP 0.05 199.55 79.7253387408
BLYP 0.05 199.7 79.7851102694
BLYP 0.05 199.85 79.8448817757
BLYP 0.05 200 79.9046532597
