Functional Exponent Coefficient Energy
BLYP 0.002 -175 -174.9627058285
BLYP 0.002 -174.7 -174.6633606285
BLYP 0.002 -174.4 -174.3640158149
BLYP 0.002 -174.1 -174.0646713884
BLYP 0.002 -173.8 -173.76532735
BLYP 0.002 -173.5 -173.4659837008
BLYP 0.002 -173.2 -173.1666404415
BLYP 0.002 -172.9 -172.8672975732
BLYP 0.002 -172.6 -172.5679550967
BLYP 0.002 -172.3 -172.2686130131
BLYP 0.002 -172 -171.9692713233
BLYP 0.002 -171.7 -171.6699300282
BLYP 0.002 -171.4 -171.3705891288
BLYP 0.002 -171.1 -171.0712486261
BLYP 0.002 -170.8 -170.7719085211
BLYP 0.002 -170.5 -170.4725688146
BLYP 0.002 -170.2 -170.1732295078
BLYP 0.002 -169.9 -169.8738906015
BLYP 0.002 -169.6 -169.5745520968
BLYP 0.002 -169.3 -169.2752139946
BLYP 0.002 -169 -168.975876296
BLYP 0.002 -168.7 -168.6765390019
BLYP 0.002 -168.4 -168.3772021134
BLYP 0.002 -168.1 -168.0778656314
BLYP 0.002 -167.8 -167.778529557
BLYP 0.002 -167.5 -167.4791938912
BLYP 0.002 -167.2 -167.1798586349
BLYP 0.002 -166.9 -166.8805237893
BLYP 0.002 -166.6 -166.5811893554
BLYP 0.002 -166.3 -166.2818553341
BLYP 0.002 -166 -165.9825217266
BLYP 0.002 -165.7 -165.6831885338
BLYP 0.002 -165.4 -165.3838557569
BLYP 0.002 -165.1 -165.0845233968
BLYP 0.002 -164.8 -164.7851914546
BLYP 0.002 -164.5 -164.4858599315
BLYP 0.002 -164.2 -164.1865288284
BLYP 0.002 -163.9 -163.8871981464
BLYP 0.002 -163.6 -163.5878678866
BLYP 0.002 -163.3 -163.28853805
BLYP 0.002 -163 -162.9892086379
BLYP 0.002 -162.7 -162.6898796511
BLYP 0.002 -162.4 -162.390551091
BLYP 0.002 -162.1 -162.0912229584
BLYP 0.002 -161.8 -161.7918952546
BLYP 0.002 -161.5 -161.4925679807
BLYP 0.002 -161.2 -161.1932411377
BLYP 0.002 -160.9 -160.8939147268
BLYP 0.002 -160.6 -160.5945887491
BLYP 0.002 -160.3 -160.2952632057
BLYP 0.002 -160 -159.9959380978
BLYP 0.002 -159.7 -159.6966134265
BLYP 0.002 -159.4 -159.397289193
BLYP 0.002 -159.1 -159.0979653983
BLYP 0.002 -158.8 -158.7986420437
BLYP 0.002 -158.5 -158.4993191303
BLYP 0.002 -158.2 -158.1999966592
BLYP 0.002 -157.9 -157.9006746317
BLYP 0.002 -157.6 -157.6013530489
BLYP 0.002 -157.3 -157.302031912
BLYP 0.002 -157 -157.0027112222
BLYP 0.002 -156.7 -156.7033909806
BLYP 0.002 -156.4 -156.4040711885
BLYP 0.002 -156.1 -156.104751847
BLYP 0.002 -155.8 -155.8054329574
BLYP 0.002 -155.5 -155.5061145209
BLYP 0.002 -155.2 -155.2067965386
BLYP 0.002 -154.9 -154.9074790119
BLYP 0.002 -154.6 -154.6081619419
BLYP 0.002 -154.3 -154.3088453299
BLYP 0.002 -154 -154.009529177
BLYP 0.002 -153.7 -153.7102134847
BLYP 0.002 -153.4 -153.410898254
BLYP 0.002 -153.1 -153.1115834863
BLYP 0.002 -152.8 -152.8122691828
BLYP 0.002 -152.5 -152.5129553448
BLYP 0.002 -152.2 -152.2136419736
BLYP 0.002 -151.9 -151.9143290704
BLYP 0.002 -151.6 -151.6150166365
BLYP 0.002 -151.3 -151.3157046732
BLYP 0.002 -151 -151.0163931818
BLYP 0.002 -150.7 -150.7170821637
BLYP 0.002 -150.4 -150.41777162
BLYP 0.002 -150.1 -150.1184615522
BLYP 0.002 -149.8 -149.8191519615
BLYP 0.002 -149.5 -149.5198428493
BLYP 0.002 -149.2 -149.2205342169
BLYP 0.002 -148.9 -148.9212260657
BLYP 0.002 -148.6 -148.6219183969
BLYP 0.002 -148.3 -148.322611212
BLYP 0.002 -148 -148.0233045123
BLYP 0.002 -147.7 -147.7239982991
BLYP 0.002 -147.4 -147.4246925738
BLYP 0.002 -147.1 -147.1253873379
BLYP 0.002 -146.8 -146.8260825926
BLYP 0.002 -146.5 -146.5267783395
BLYP 0.002 -146.2 -146.2274745798
BLYP 0.002 -145.9 -145.9281713149
BLYP 0.002 -145.6 -145.6288685463
BLYP 0.002 -145.3 -145.3295662755
BLYP 0.002 -145 -145.0302645037
BLYP 0.002 -144.7 -144.7309632325
BLYP 0.002 -144.4 -144.4316624632
BLYP 0.002 -144.1 -144.1323621974
BLYP 0.002 -143.8 -143.8330624364
BLYP 0.002 -143.5 -143.5337631818
BLYP 0.002 -143.2 -143.2344644349
BLYP 0.002 -142.9 -142.9351661972
BLYP 0.002 -142.6 -142.6358684703
BLYP 0.002 -142.3 -142.3365712556
BLYP 0.002 -142 -142.0372745546
BLYP 0.002 -141.7 -141.7379783688
BLYP 0.002 -141.4 -141.4386826997
BLYP 0.002 -141.1 -141.1393875487
BLYP 0.002 -140.8 -140.8400929175
BLYP 0.002 -140.5 -140.5407988076
BLYP 0.002 -140.2 -140.2415052204
BLYP 0.002 -139.9 -139.9422121575
BLYP 0.002 -139.6 -139.6429196205
BLYP 0.002 -139.3 -139.3436276109
BLYP 0.002 -139 -139.0443361303
BLYP 0.002 -138.7 -138.7450451803
BLYP 0.002 -138.4 -138.4457547623
BLYP 0.002 -138.1 -138.1464648781
BLYP 0.002 -137.8 -137.8471755292
BLYP 0.002 -137.5 -137.5478867172
BLYP 0.002 -137.2 -137.2485984437
BLYP 0.002 -136.9 -136.9493107103
BLYP 0.002 -136.6 -136.6500235186
BLYP 0.002 -136.3 -136.3507368703
BLYP 0.002 -136 -136.051450767
BLYP 0.002 -135.7 -135.7521652104
BLYP 0.002 -135.4 -135.4528802021
BLYP 0.002 -135.1 -135.1535957438
BLYP 0.002 -134.8 -134.8543118371
BLYP 0.002 -134.5 -134.5550284837
BLYP 0.002 -134.2 -134.2557456854
BLYP 0.002 -133.9 -133.9564634437
BLYP 0.002 -133.6 -133.6571817605
BLYP 0.002 -133.3 -133.3579006373
BLYP 0.002 -133 -133.058620076
BLYP 0.002 -132.7 -132.7593400783
BLYP 0.002 -132.4 -132.4600606459
BLYP 0.002 -132.1 -132.1607817805
BLYP 0.002 -131.8 -131.8615034839
BLYP 0.002 -131.5 -131.5622257578
BLYP 0.002 -131.2 -131.2629486041
BLYP 0.002 -130.9 -130.9636720246
BLYP 0.002 -130.6 -130.6643960209
BLYP 0.002 -130.3 -130.3651205949
BLYP 0.002 -130 -130.0658457484
BLYP 0.002 -129.7 -129.7665714832
BLYP 0.002 -129.4 -129.4672978012
BLYP 0.002 -129.1 -129.1680247041
BLYP 0.002 -128.8 -128.8687521939
BLYP 0.002 -128.5 -128.5694802723
BLYP 0.002 -128.2 -128.2702089412
BLYP 0.002 -127.9 -127.9709382026
BLYP 0.002 -127.6 -127.6716680582
BLYP 0.002 -127.3 -127.37239851
BLYP 0.002 -127 -127.0731295599
BLYP 0.002 -126.7 -126.7738612097
BLYP 0.002 -126.4 -126.4745934614
BLYP 0.002 -126.1 -126.1753263169
BLYP 0.002 -125.8 -125.8760597782
BLYP 0.002 -125.5 -125.5767938471
BLYP 0.002 -125.2 -125.2775285258
BLYP 0.002 -124.9 -124.978263816
BLYP 0.002 -124.6 -124.6789997198
BLYP 0.002 -124.3 -124.3797362392
BLYP 0.002 -124 -124.0804733762
BLYP 0.002 -123.7 -123.7812111328
BLYP 0.002 -123.4 -123.4819495109
BLYP 0.002 -123.1 -123.1826885127
BLYP 0.002 -122.8 -122.8834281401
BLYP 0.002 -122.5 -122.5841683953
BLYP 0.002 -122.2 -122.2849092802
BLYP 0.002 -121.9 -121.9856507969
BLYP 0.002 -121.6 -121.6863929475
BLYP 0.002 -121.3 -121.3871357342
BLYP 0.002 -121 -121.0878791589
BLYP 0.002 -120.7 -120.7886232238
BLYP 0.002 -120.4 -120.4893679311
BLYP 0.002 -120.1 -120.1901132828
BLYP 0.002 -119.8 -119.8908592812
BLYP 0.002 -119.5 -119.5916059283
BLYP 0.002 -119.2 -119.2923532263
BLYP 0.002 -118.9 -118.9931011774
BLYP 0.002 -118.6 -118.6938497838
BLYP 0.002 -118.3 -118.3945990477
BLYP 0.002 -118 -118.0953489713
BLYP 0.002 -117.7 -117.7960995568
BLYP 0.002 -117.4 -117.4968508065
BLYP 0.002 -117.1 -117.1976027225
BLYP 0.002 -116.8 -116.8983553072
BLYP 0.002 -116.5 -116.5991085629
BLYP 0.002 -116.2 -116.2998624917
BLYP 0.002 -115.9 -116.0006170961
BLYP 0.002 -115.6 -115.7013723782
BLYP 0.002 -115.3 -115.4021283405
BLYP 0.002 -115 -115.1028849852
BLYP 0.002 -114.7 -114.8036423147
BLYP 0.002 -114.4 -114.5044003314
BLYP 0.002 -114.1 -114.2051590375
BLYP 0.002 -113.8 -113.9059184355
BLYP 0.002 -113.5 -113.6066785279
BLYP 0.002 -113.2 -113.3074393169
BLYP 0.002 -112.9 -113.008200805
BLYP 0.002 -112.6 -112.7089629946
BLYP 0.002 -112.3 -112.4097258882
BLYP 0.002 -112 -112.1104894882
BLYP 0.002 -111.7 -111.8112537971
BLYP 0.002 -111.4 -111.5120188174
BLYP 0.002 -111.1 -111.2127845516
BLYP 0.002 -110.8 -110.9135510021
BLYP 0.002 -110.5 -110.6143181715
BLYP 0.002 -110.2 -110.3150860624
BLYP 0.002 -109.9 -110.0158546772
BLYP 0.002 -109.6 -109.7166240186
BLYP 0.002 -109.3 -109.4173940891
BLYP 0.002 -109 -109.1181648914
BLYP 0.002 -108.7 -108.8189364279
BLYP 0.002 -108.4 -108.5197087014
BLYP 0.002 -108.1 -108.2204817144
BLYP 0.002 -107.8 -107.9212554697
BLYP 0.002 -107.5 -107.6220299698
BLYP 0.002 -107.2 -107.3228052175
BLYP 0.002 -106.9 -107.0235812154
BLYP 0.002 -106.6 -106.7243579662
BLYP 0.002 -106.3 -106.4251354728
BLYP 0.002 -106 -106.1259137377
BLYP 0.002 -105.7 -105.8266927637
BLYP 0.002 -105.4 -105.5274725537
BLYP 0.002 -105.1 -105.2282531104
BLYP 0.002 -104.8 -104.9290344366
BLYP 0.002 -104.5 -104.629816535
BLYP 0.002 -104.2 -104.3305994086
BLYP 0.002 -103.9 -104.0313830602
BLYP 0.002 -103.6 -103.7321674925
BLYP 0.002 -103.3 -103.4329527086
BLYP 0.002 -103 -103.1337387113
BLYP 0.002 -102.7 -102.8345255034
BLYP 0.002 -102.4 -102.535313088
BLYP 0.002 -102.1 -102.2361014679
BLYP 0.002 -101.8 -101.9368906461
BLYP 0.002 -101.5 -101.6376806256
BLYP 0.002 -101.2 -101.3384714094
BLYP 0.002 -100.9 -101.0392630004
BLYP 0.002 -100.6 -100.7400554017
BLYP 0.002 -100.3 -100.4408486164
BLYP 0.002 -100 -100.1416426474
BLYP 0.002 -99.7 -99.8424374979
BLYP 0.002 -99.4 -99.543233171
BLYP 0.002 -99.1 -99.2440296697
BLYP 0.002 -98.8 -98.9448269971
BLYP 0.002 -98.5 -98.6456251565
BLYP 0.002 -98.2 -98.346424151
BLYP 0.002 -97.9 -98.0472239837
BLYP 0.002 -97.6 -97.7480246579
BLYP 0.002 -97.3 -97.4488261768
BLYP 0.002 -97 -97.1496285436
BLYP 0.002 -96.7 -96.8504317616
BLYP 0.002 -96.4 -96.551235834
BLYP 0.002 -96.1 -96.2520407641
BLYP 0.002 -95.8 -95.9528465552
BLYP 0.002 -95.5 -95.6536532107
BLYP 0.002 -95.2 -95.3544607339
BLYP 0.002 -94.9 -95.0552691282
BLYP 0.002 -94.6 -94.756078397
BLYP 0.002 -94.3 -94.4568885436
BLYP 0.002 -94 -94.1576995715
BLYP 0.002 -93.7 -93.8585114841
BLYP 0.002 -93.4 -93.559324285
BLYP 0.002 -93.1 -93.2601379776
BLYP 0.002 -92.8 -92.9609525653
BLYP 0.002 -92.5 -92.6617680518
BLYP 0.002 -92.2 -92.3625844406
BLYP 0.002 -91.9 -92.0634017352
BLYP 0.002 -91.6 -91.7642199393
BLYP 0.002 -91.3 -91.4650390564
BLYP 0.002 -91 -91.1658590902
BLYP 0.002 -90.7 -90.8666800443
BLYP 0.002 -90.4 -90.5675019225
BLYP 0.002 -90.1 -90.2683247283
BLYP 0.002 -89.8 -89.9691484656
BLYP 0.002 -89.5 -89.6699731381
BLYP 0.002 -89.2 -89.3707987496
BLYP 0.002 -88.9 -89.0716253038
BLYP 0.002 -88.6 -88.7724528045
BLYP 0.002 -88.3 -88.4732812556
BLYP 0.002 -88 -88.174110661
BLYP 0.002 -87.7 -87.8749410244
BLYP 0.002 -87.4 -87.57577235
BLYP 0.002 -87.1 -87.2766046414
BLYP 0.002 -86.8 -86.9774379028
BLYP 0.002 -86.5 -86.6782721381
BLYP 0.002 -86.2 -86.3791073513
BLYP 0.002 -85.9 -86.0799435464
BLYP 0.002 -85.6 -85.7807807274
BLYP 0.002 -85.3 -85.4816188985
BLYP 0.002 -85 -85.1824580638
BLYP 0.002 -84.7 -84.8832982273
BLYP 0.002 -84.4 -84.5841393933
BLYP 0.002 -84.1 -84.2849815659
BLYP 0.002 -83.8 -83.9858247493
BLYP 0.002 -83.5 -83.6866689477
BLYP 0.002 -83.2 -83.3875141654
BLYP 0.002 -82.9 -83.0883604068
BLYP 0.002 -82.6 -82.789207676
BLYP 0.002 -82.3 -82.4900559774
BLYP 0.002 -82 -82.1909053155
BLYP 0.002 -81.7 -81.8917556946
BLYP 0.002 -81.4 -81.5926071191
BLYP 0.002 -81.1 -81.2934595935
BLYP 0.002 -80.8 -80.9943131223
BLYP 0.002 -80.5 -80.6951677099
BLYP 0.002 -80.2 -80.3960233609
BLYP 0.002 -79.9 -80.0968800799
BLYP 0.002 -79.6 -79.7977378715
BLYP 0.002 -79.3 -79.4985967403
BLYP 0.002 -79 -79.1994566909
BLYP 0.002 -78.7 -78.9003177281
BLYP 0.002 -78.4 -78.6011798566
BLYP 0.002 -78.1 -78.3020430811
BLYP 0.002 -77.8 -78.0029074065
BLYP 0.002 -77.5 -77.7037728375
BLYP 0.002 -77.2 -77.404639379
BLYP 0.002 -76.9 -77.1055070359
BLYP 0.002 -76.6 -76.8063758132
BLYP 0.002 -76.3 -76.5072457148
BLYP 0.002 -76 -76.2081167548
BLYP 0.002 -75.7 -75.9089889305
BLYP 0.002 -75.4 -75.6098622468
BLYP 0.002 -75.1 -75.3107367086
BLYP 0.002 -74.8 -75.0116123212
BLYP 0.002 -74.5 -74.7124890895
BLYP 0.002 -74.2 -74.4133670188
BLYP 0.002 -73.9 -74.1142461143
BLYP 0.002 -73.6 -73.8151263812
BLYP 0.002 -73.3 -73.5160078247
BLYP 0.002 -73 -73.2168904503
BLYP 0.002 -72.7 -72.9177742633
BLYP 0.002 -72.4 -72.6186592691
BLYP 0.002 -72.1 -72.3195454731
BLYP 0.002 -71.8 -72.0204328807
BLYP 0.002 -71.5 -71.7213214976
BLYP 0.002 -71.2 -71.4222113292
BLYP 0.002 -70.9 -71.1231023811
BLYP 0.002 -70.6 -70.823994659
BLYP 0.002 -70.3 -70.5248881685
BLYP 0.002 -70 -70.2257829154
BLYP 0.002 -69.7 -69.9266789054
BLYP 0.002 -69.4 -69.6275761442
BLYP 0.002 -69.1 -69.3284746378
BLYP 0.002 -68.8 -69.029374392
BLYP 0.002 -68.5 -68.7302754127
BLYP 0.002 -68.2 -68.4311777059
BLYP 0.002 -67.9 -68.1320812775
BLYP 0.002 -67.6 -67.8329861337
BLYP 0.002 -67.3 -67.5338922806
BLYP 0.002 -67 -67.2347997242
BLYP 0.002 -66.7 -66.9357084708
BLYP 0.002 -66.4 -66.6366185266
BLYP 0.002 -66.1 -66.3375298979
BLYP 0.002 -65.8 -66.0384425911
BLYP 0.002 -65.5 -65.7393566124
BLYP 0.002 -65.2 -65.4402719686
BLYP 0.002 -64.9 -65.1411886659
BLYP 0.002 -64.6 -64.8421067113
BLYP 0.002 -64.3 -64.5430261115
BLYP 0.002 -64 -64.2439468735
BLYP 0.002 -63.7 -63.944869005
BLYP 0.002 -63.4 -63.6457925124
BLYP 0.002 -63.1 -63.3467174019
BLYP 0.002 -62.8 -63.04764368
BLYP 0.002 -62.5 -62.7485713532
BLYP 0.002 -62.2 -62.4495004284
BLYP 0.002 -61.9 -62.1504309124
BLYP 0.002 -61.6 -61.8513628122
BLYP 0.002 -61.3 -61.552296135
BLYP 0.002 -61 -61.2532308878
BLYP 0.002 -60.7 -60.9541670779
BLYP 0.002 -60.4 -60.6551047126
BLYP 0.002 -60.1 -60.3560437992
BLYP 0.002 -59.8 -60.0569843452
BLYP 0.002 -59.5 -59.7579263579
BLYP 0.002 -59.2 -59.458869845
BLYP 0.002 -58.9 -59.159814814
BLYP 0.002 -58.6 -58.8607612727
BLYP 0.002 -58.3 -58.5617092286
BLYP 0.002 -58 -58.2626586897
BLYP 0.002 -57.7 -57.9636096637
BLYP 0.002 -57.4 -57.6645621586
BLYP 0.002 -57.1 -57.3655161825
BLYP 0.002 -56.8 -57.0664717433
BLYP 0.002 -56.5 -56.7674288492
BLYP 0.002 -56.2 -56.4683875084
BLYP 0.002 -55.9 -56.1693477292
BLYP 0.002 -55.6 -55.87030952
BLYP 0.002 -55.3 -55.5712728892
BLYP 0.002 -55 -55.2722378452
BLYP 0.002 -54.7 -54.9732043968
BLYP 0.002 -54.4 -54.6741725524
BLYP 0.002 -54.1 -54.375142321
BLYP 0.002 -53.8 -54.0761137113
BLYP 0.002 -53.5 -53.7770867322
BLYP 0.002 -53.2 -53.4780613927
BLYP 0.002 -52.9 -53.179037702
BLYP 0.002 -52.6 -52.8800156691
BLYP 0.002 -52.3 -52.5809953032
BLYP 0.002 -52 -52.2819766139
BLYP 0.002 -51.7 -51.9829596104
BLYP 0.002 -51.4 -51.6839443024
BLYP 0.002 -51.1 -51.3849306994
BLYP 0.002 -50.8 -51.0859188111
BLYP 0.002 -50.5 -50.7869086474
BLYP 0.002 -50.2 -50.4879002182
BLYP 0.002 -49.9 -50.1888935334
BLYP 0.002 -49.6 -49.8898886033
BLYP 0.002 -49.3 -49.590885438
BLYP 0.002 -49 -49.2918840478
BLYP 0.002 -48.7 -48.9928844433
BLYP 0.002 -48.4 -48.6938866349
BLYP 0.002 -48.1 -48.3948906332
BLYP 0.002 -47.8 -48.0958964492
BLYP 0.002 -47.5 -47.7969040936
BLYP 0.002 -47.2 -47.4979135775
BLYP 0.002 -46.9 -47.198924912
BLYP 0.002 -46.6 -46.8999381084
BLYP 0.002 -46.3 -46.600953178
BLYP 0.002 -46 -46.3019701324
BLYP 0.002 -45.7 -46.0029889832
BLYP 0.002 -45.4 -45.7040097422
BLYP 0.002 -45.1 -45.4050324213
BLYP 0.002 -44.8 -45.1060570326
BLYP 0.002 -44.5 -44.8070835884
BLYP 0.002 -44.2 -44.5081121009
BLYP 0.002 -43.9 -44.2091425827
BLYP 0.002 -43.6 -43.9101750465
BLYP 0.002 -43.3 -43.6112095052
BLYP 0.002 -43 -43.312245972
BLYP 0.002 -42.7 -43.0132844603
BLYP 0.002 -42.4 -42.714324998
BLYP 0.002 -42.1 -42.4153675923
BLYP 0.002 -41.8 -42.1164122492
BLYP 0.002 -41.5 -41.8174589823
BLYP 0.002 -41.2 -41.5185078055
BLYP 0.002 -40.9 -41.2195587329
BLYP 0.002 -40.6 -40.9206117787
BLYP 0.002 -40.3 -40.6216669575
BLYP 0.002 -40 -40.3227242841
BLYP 0.002 -39.7 -40.0237837733
BLYP 0.002 -39.4 -39.7248454402
BLYP 0.002 -39.1 -39.4259093003
BLYP 0.002 -38.8 -39.1269753692
BLYP 0.002 -38.5 -38.8280436625
BLYP 0.002 -38.2 -38.5291141964
BLYP 0.002 -37.9 -38.2301869871
BLYP 0.002 -37.6 -37.9312620511
BLYP 0.002 -37.3 -37.6323394052
BLYP 0.002 -37 -37.3334190662
BLYP 0.002 -36.7 -37.0345010515
BLYP 0.002 -36.4 -36.7355853785
BLYP 0.002 -36.1 -36.4366720648
BLYP 0.002 -35.8 -36.1377611295
BLYP 0.002 -35.5 -35.8388526001
BLYP 0.002 -35.2 -35.5399464851
BLYP 0.002 -34.9 -35.2410428031
BLYP 0.002 -34.6 -34.9421415734
BLYP 0.002 -34.3 -34.6432428158
BLYP 0.002 -34 -34.3443465503
BLYP 0.002 -33.7 -34.045452797
BLYP 0.002 -33.4 -33.7465615768
BLYP 0.002 -33.1 -33.4476729105
BLYP 0.002 -32.8 -33.1487868197
BLYP 0.002 -32.5 -32.8499033261
BLYP 0.002 -32.2 -32.5510224521
BLYP 0.002 -31.9 -32.2521442296
BLYP 0.002 -31.6 -31.9532686815
BLYP 0.002 -31.3 -31.6543958231
BLYP 0.002 -31 -31.3555256777
BLYP 0.002 -30.7 -31.0566582695
BLYP 0.002 -30.4 -30.7577936233
BLYP 0.002 -30.1 -30.458931764
BLYP 0.002 -29.8 -30.1600727174
BLYP 0.002 -29.5 -29.8612165096
BLYP 0.002 -29.2 -29.5623631674
BLYP 0.002 -28.9 -29.2635127179
BLYP 0.002 -28.6 -28.9646651891
BLYP 0.002 -28.3 -28.6658206092
BLYP 0.002 -28 -28.3669790093
BLYP 0.002 -27.7 -28.0681404179
BLYP 0.002 -27.4 -27.7693048666
BLYP 0.002 -27.1 -27.4704723895
BLYP 0.002 -26.8 -27.1716430137
BLYP 0.002 -26.5 -26.8728167714
BLYP 0.002 -26.2 -26.5739936954
BLYP 0.002 -25.9 -26.2751738198
BLYP 0.002 -25.6 -25.976357179
BLYP 0.002 -25.3 -25.6775438095
BLYP 0.002 -25 -25.3787337486
BLYP 0.002 -24.7 -25.0799270318
BLYP 0.002 -24.4 -24.7811236973
BLYP 0.002 -24.1 -24.4823237846
BLYP 0.002 -23.8 -24.1835273333
BLYP 0.002 -23.5 -23.8847343845
BLYP 0.002 -23.2 -23.5859449804
BLYP 0.002 -22.9 -23.287159164
BLYP 0.002 -22.6 -22.9883769798
BLYP 0.002 -22.3 -22.689598473
BLYP 0.002 -22 -22.3908236905
BLYP 0.002 -21.7 -22.0920526803
BLYP 0.002 -21.4 -21.7932854916
BLYP 0.002 -21.1 -21.4945221752
BLYP 0.002 -20.8 -21.1957627831
BLYP 0.002 -20.5 -20.8970073689
BLYP 0.002 -20.2 -20.5982559878
BLYP 0.002 -19.9 -20.2995086966
BLYP 0.002 -19.6 -20.0007655537
BLYP 0.002 -19.3 -19.7020266193
BLYP 0.002 -19 -19.4032919556
BLYP 0.002 -18.7 -19.1045616264
BLYP 0.002 -18.4 -18.8058356977
BLYP 0.002 -18.1 -18.5071142376
BLYP 0.002 -17.8 -18.2083973162
BLYP 0.002 -17.5 -17.9096850061
BLYP 0.002 -17.2 -17.610977382
BLYP 0.002 -16.9 -17.3122745214
BLYP 0.002 -16.6 -17.0135765041
BLYP 0.002 -16.3 -16.7148834129
BLYP 0.002 -16 -16.416195333
BLYP 0.002 -15.7 -16.1175123531
BLYP 0.002 -15.4 -15.8188345647
BLYP 0.002 -15.1 -15.5201620627
BLYP 0.002 -14.8 -15.2214949451
BLYP 0.002 -14.5 -14.922833314
BLYP 0.002 -14.2 -14.6241772749
BLYP 0.002 -13.9 -14.3255269374
BLYP 0.002 -13.6 -14.026882415
BLYP 0.002 -13.3 -13.728243826
BLYP 0.002 -13 -13.4296112928
BLYP 0.002 -12.7 -13.1309849429
BLYP 0.002 -12.4 -12.8323649089
BLYP 0.002 -12.1 -12.5337513284
BLYP 0.002 -11.8 -12.2351443448
BLYP 0.002 -11.5 -11.9365441075
BLYP 0.002 -11.2 -11.637950772
BLYP 0.002 -10.9 -11.3393645002
BLYP 0.002 -10.6 -11.0407854611
BLYP 0.002 -10.3 -10.7422138308
BLYP 0.002 -10 -10.4436497933
BLYP 0.002 -9.7 -10.1450935405
BLYP 0.002 -9.4 -9.846545273
BLYP 0.002 -9.1 -9.5480052001
BLYP 0.002 -8.8 -9.2494735412
BLYP 0.002 -8.5 -8.9509505253
BLYP 0.002 -8.2 -8.6524363924
BLYP 0.002 -7.9 -8.3539313935
BLYP 0.002 -7.6 -8.0554357919
BLYP 0.002 -7.3 -7.7569498633
BLYP 0.002 -7 -7.4584738969
BLYP 0.002 -6.7 -7.1600081963
BLYP 0.002 -6.4 -6.8615530799
BLYP 0.002 -6.1 -6.5631088822
BLYP 0.002 -5.8 -6.2646759549
BLYP 0.002 -5.5 -5.9662546674
BLYP 0.002 -5.2 -5.6678454083
BLYP 0.002 -4.9 -5.3694485868
BLYP 0.002 -4.6 -5.0710646333
BLYP 0.002 -4.3 -4.7726940014
BLYP 0.002 -4 -4.474337169
BLYP 0.002 -3.7 -4.17599464
BLYP 0.002 -3.4 -3.8776669458
BLYP 0.002 -3.1 -3.5793546472
BLYP 0.002 -2.8 -3.2810583364
BLYP 0.002 -2.5 -2.9827786385
BLYP 0.002 -2.2 -2.684516214
BLYP 0.002 -1.9 -2.3862717614
BLYP 0.002 -1.6 -2.0880460188
BLYP 0.002 -1.3 -1.789839767
BLYP 0.002 -1 -1.4916538323
BLYP 0.002 -0.7 -1.193489089
BLYP 0.002 -0.4 -0.8953464628
BLYP 0.002 -0.1 -0.5972269339
BLYP 0.002 0.2 -0.2991315403
BLYP 0.002 0.5 -0.0010613818
BLYP 0.002 0.8 0.2969823769
BLYP 0.002 1.1 0.5949985014
BLYP 0.002 1.4 0.8929856841
BLYP 0.002 1.7 1.1909425397
BLYP 0.002 2 1.4888676005
BLYP 0.002 2.3 1.786759312
BLYP 0.002 2.6 2.0846160279
BLYP 0.002 2.9 2.3824360055
BLYP 0.002 3.2 2.6802174003
BLYP 0.002 3.5 2.9779582615
BLYP 0.002 3.8 3.2756565264
BLYP 0.002 4.1 3.5733100157
BLYP 0.002 4.4 3.8709164286
BLYP 0.002 4.7 4.1684733378
BLYP 0.002 5 4.465978185
BLYP 0.002 5.3 4.7634282768
BLYP 0.002 5.6 5.0608207806
BLYP 0.002 5.9 5.3581527213
BLYP 0.002 6.2 5.6554209781
BLYP 0.002 6.5 5.9526222826
BLYP 0.002 6.8 6.249753217
BLYP 0.002 7.1 6.5468102132
BLYP 0.002 7.4 6.8437895531
BLYP 0.002 7.7 7.1406873696
BLYP 0.002 8 7.4374996483
BLYP 0.002 8.3 7.7342222304
BLYP 0.002 8.6 8.0308508171
BLYP 0.002 8.9 8.3273809735
BLYP 0.002 9.2 8.6238081352
BLYP 0.002 9.5 8.9201276142
BLYP 0.002 9.8 9.2163346058
BLYP 0.002 10.1 9.5124241968
BLYP 0.002 10.4 9.8083913724
BLYP 0.002 10.7 10.1042310245
BLYP 0.002 11 10.3999379584
BLYP 0.002 11.3 10.6955068997
BLYP 0.002 11.6 10.9909324992
BLYP 0.002 11.9 11.2862093361
BLYP 0.002 12.2 11.5813319189
BLYP 0.002 12.5 11.8762946817
BLYP 0.002 12.8 12.171091977
BLYP 0.002 13.1 12.4657180609
BLYP 0.002 13.4 12.7601670699
BLYP 0.002 13.7 13.0544329867
BLYP 0.002 14 13.3485095916
BLYP 0.002 14.3 13.6423903988
BLYP 0.002 14.6 13.9360685829
BLYP 0.002 14.9 14.2295369425
BLYP 0.002 15.2 14.5227881249
BLYP 0.002 15.5 14.8158156969
BLYP 0.002 15.8 15.1086159984
BLYP 0.002 16.1 15.4011887793
BLYP 0.002 16.4 15.6935365249
BLYP 0.002 16.7 15.9856651645
BLYP 0.002 17 16.2775835893
BLYP 0.002 17.3 16.5693019246
BLYP 0.002 17.6 16.8608308472
BLYP 0.002 17.9 17.1521823889
BLYP 0.002 18.2 17.4433703534
BLYP 0.002 18.5 17.7344086417
BLYP 0.002 18.8 18.0253102954
BLYP 0.002 19.1 18.3160871917
BLYP 0.002 19.4 18.6067499689
BLYP 0.002 19.7 18.8973080645
BLYP 0.002 20 19.1877698844
BLYP 0.002 20.3 19.4781433689
BLYP 0.002 20.6 19.7684362591
BLYP 0.002 20.9 20.058655578
BLYP 0.002 21.2 20.3488074611
BLYP 0.002 21.5 20.6388972013
BLYP 0.002 21.8 20.9289293333
BLYP 0.002 22.1 21.2189077363
BLYP 0.002 22.4 21.5088358533
BLYP 0.002 22.7 21.7987170216
BLYP 0.002 23 22.0885545589
BLYP 0.002 23.3 22.3783515552
BLYP 0.002 23.6 22.6681107838
BLYP 0.002 23.9 22.9578347698
BLYP 0.002 24.2 23.2475257767
BLYP 0.002 24.5 23.5371858197
BLYP 0.002 24.8 23.8268167026
BLYP 0.002 25.1 24.1164200294
BLYP 0.002 25.4 24.4059972266
BLYP 0.002 25.7 24.6955495713
BLYP 0.002 26 24.9850782137
BLYP 0.002 26.3 25.2745841958
BLYP 0.002 26.6 25.5640684713
BLYP 0.002 26.9 25.8535319384
BLYP 0.002 27.2 26.1429754438
BLYP 0.002 27.5 26.4323997744
BLYP 0.002 27.8 26.7218056596
BLYP 0.002 28.1 27.0111937768
BLYP 0.002 28.4 27.3005647566
BLYP 0.002 28.7 27.589919188
BLYP 0.002 29 27.8792576231
BLYP 0.002 29.3 28.1685805807
BLYP 0.002 29.6 28.4578885497
BLYP 0.002 29.9 28.7471819921
BLYP 0.002 30.2 29.0364613449
BLYP 0.002 30.5 29.3257270228
BLYP 0.002 30.8 29.6149794194
BLYP 0.002 31.1 29.9042189093
BLYP 0.002 31.4 30.1934458493
BLYP 0.002 31.7 30.4826605806
BLYP 0.002 32 30.771863429
BLYP 0.002 32.3 31.061054707
BLYP 0.002 32.6 31.3502347141
BLYP 0.002 32.9 31.6394037371
BLYP 0.002 33.2 31.9285620514
BLYP 0.002 33.5 32.2177099205
BLYP 0.002 33.8 32.5068475966
BLYP 0.002 34.1 32.7959753214
BLYP 0.002 34.4 33.0850933252
BLYP 0.002 34.7 33.3742018269
BLYP 0.002 35 33.6633010279
BLYP 0.002 35.3 33.952390898
BLYP 0.002 35.6 34.2414718165
BLYP 0.002 35.9 34.5305439989
BLYP 0.002 36.2 34.8196076089
BLYP 0.002 36.5 35.1086612426
BLYP 0.002 36.8 35.3977066143
BLYP 0.002 37.1 35.6867439629
BLYP 0.002 37.4 35.975772284
BLYP 0.002 37.7 36.2647928916
BLYP 0.002 38 36.5538059877
BLYP 0.002 38.3 36.842811734
BLYP 0.002 38.6 37.1318102793
BLYP 0.002 38.9 37.4208017641
BLYP 0.002 39.2 37.7097863227
BLYP 0.002 39.5 37.9987640836
BLYP 0.002 39.8 38.28773517
BLYP 0.002 40.1 38.5766997002
BLYP 0.002 40.4 38.8656577874
BLYP 0.002 40.7 39.1546095391
BLYP 0.002 41 39.4435550559
BLYP 0.002 41.3 39.7324944294
BLYP 0.002 41.6 40.0214277331
BLYP 0.002 41.9 40.3103548305
BLYP 0.002 42.2 40.5992732618
BLYP 0.002 42.5 40.8881858812
BLYP 0.002 42.8 41.177092861
BLYP 0.002 43.1 41.4659942821
BLYP 0.002 43.4 41.7548902237
BLYP 0.002 43.7 42.0437808237
BLYP 0.002 44 42.3326661862
BLYP 0.002 44.3 42.6215463823
BLYP 0.002 44.6 42.9104207438
BLYP 0.002 44.9 43.199290035
BLYP 0.002 45.2 43.4881544345
BLYP 0.002 45.5 43.7770140267
BLYP 0.002 45.8 44.06586889
BLYP 0.002 46.1 44.3547190989
BLYP 0.002 46.4 44.6435647248
BLYP 0.002 46.7 44.9324058361
BLYP 0.002 47 45.2212424663
BLYP 0.002 47.3 45.5100745893
BLYP 0.002 47.6 45.7989023962
BLYP 0.002 47.9 46.0877259522
BLYP 0.002 48.2 46.3765453197
BLYP 0.002 48.5 46.6653605588
BLYP 0.002 48.8 46.9541717281
BLYP 0.002 49.1 47.2429788846
BLYP 0.002 49.4 47.5317820839
BLYP 0.002 49.7 47.8205813804
BLYP 0.002 50 48.1093768273
BLYP 0.002 50.3 48.3981684762
BLYP 0.002 50.6 48.6869563781
BLYP 0.002 50.9 48.9757405825
BLYP 0.002 51.2 49.264521138
BLYP 0.002 51.5 49.5532980919
BLYP 0.002 51.8 49.8420714909
BLYP 0.002 52.1 50.1308413803
BLYP 0.002 52.4 50.4196078047
BLYP 0.002 52.7 50.7083708075
BLYP 0.002 53 50.9971304315
BLYP 0.002 53.3 51.2858867182
BLYP 0.002 53.6 51.5746397085
BLYP 0.002 53.9 51.8633894422
BLYP 0.002 54.2 52.1521359583
BLYP 0.002 54.5 52.4408792948
BLYP 0.002 54.8 52.7296194889
BLYP 0.002 55.1 53.0183565766
BLYP 0.002 55.4 53.3070905934
BLYP 0.002 55.7 53.5958215734
BLYP 0.002 56 53.8845495498
BLYP 0.002 56.3 54.1732745541
BLYP 0.002 56.6 54.4619965981
BLYP 0.002 56.9 54.750715723
BLYP 0.002 57.2 55.0394319604
BLYP 0.002 57.5 55.3281453327
BLYP 0.002 57.8 55.6168558533
BLYP 0.002 58.1 55.9055635117
BLYP 0.002 58.4 56.1942660241
BLYP 0.002 58.7 56.4829652553
BLYP 0.002 59 56.7716617728
BLYP 0.002 59.3 57.0603556308
BLYP 0.002 59.6 57.3490468719
BLYP 0.002 59.9 57.6377355332
BLYP 0.002 60.2 57.9264216487
BLYP 0.002 60.5 58.2151052503
BLYP 0.002 60.8 58.5037863681
BLYP 0.002 61.1 58.7924650311
BLYP 0.002 61.4 59.0811412663
BLYP 0.002 61.7 59.3698150205
BLYP 0.002 62 59.658486414
BLYP 0.002 62.3 59.9471554625
BLYP 0.002 62.6 60.2358221917
BLYP 0.002 62.9 60.524486627
BLYP 0.002 63.2 60.8131487929
BLYP 0.002 63.5 61.1018087136
BLYP 0.002 63.8 61.3904664126
BLYP 0.002 64.1 61.6791219133
BLYP 0.002 64.4 61.9677752382
BLYP 0.002 64.7 62.2564264096
BLYP 0.002 65 62.5450754488
BLYP 0.002 65.3 62.8337223778
BLYP 0.002 65.6 63.1223672182
BLYP 0.002 65.9 63.4110099908
BLYP 0.002 66.2 63.6996507162
BLYP 0.002 66.5 63.9882894145
BLYP 0.002 66.8 64.2769261058
BLYP 0.002 67.1 64.5655608094
BLYP 0.002 67.4 64.8541935448
BLYP 0.002 67.7 65.1428243307
BLYP 0.002 68 65.431453186
BLYP 0.002 68.3 65.720080129
BLYP 0.002 68.6 66.0087051779
BLYP 0.002 68.9 66.2973283504
BLYP 0.002 69.2 66.5859496643
BLYP 0.002 69.5 66.8745691367
BLYP 0.002 69.8 67.1631867849
BLYP 0.002 70.1 67.4518026257
BLYP 0.002 70.4 67.7404166756
BLYP 0.002 70.7 68.029028951
BLYP 0.002 71 68.3176394682
BLYP 0.002 71.3 68.6062482429
BLYP 0.002 71.6 68.8948552909
BLYP 0.002 71.9 69.1834606276
BLYP 0.002 72.2 69.4720642684
BLYP 0.002 72.5 69.7606662283
BLYP 0.002 72.8 70.0492665221
BLYP 0.002 73.1 70.3378651645
BLYP 0.002 73.4 70.62646217
BLYP 0.002 73.7 70.9150575528
BLYP 0.002 74 71.2036513269
BLYP 0.002 74.3 71.4922435064
BLYP 0.002 74.6 71.7808341049
BLYP 0.002 74.9 72.0694231359
BLYP 0.002 75.2 72.3580106128
BLYP 0.002 75.5 72.6465965488
BLYP 0.002 75.8 72.9351809569
BLYP 0.002 76.1 73.2237638499
BLYP 0.002 76.4 73.5123452405
BLYP 0.002 76.7 73.8009251413
BLYP 0.002 77 74.0895035646
BLYP 0.002 77.3 74.3780805227
BLYP 0.002 77.6 74.6666560275
BLYP 0.002 77.9 74.955230091
BLYP 0.002 78.2 75.243802725
BLYP 0.002 78.5 75.5323739411
BLYP 0.002 78.8 75.8209437507
BLYP 0.002 79.1 76.1095121653
BLYP 0.002 79.4 76.3980791959
BLYP 0.002 79.7 76.6866448537
BLYP 0.002 80 76.9752091496
BLYP 0.002 80.3 77.2637720944
BLYP 0.002 80.6 77.5523336987
BLYP 0.002 80.9 77.8408939732
BLYP 0.002 81.2 78.1294529282
BLYP 0.002 81.5 78.418010574
BLYP 0.002 81.8 78.7065669208
BLYP 0.002 82.1 78.9951219786
BLYP 0.002 82.4 79.2836757575
BLYP 0.002 82.7 79.5722282672
BLYP 0.002 83 79.8607795174
BLYP 0.002 83.3 80.1493295177
BLYP 0.002 83.6 80.4378782776
BLYP 0.002 83.9 80.7264258065
BLYP 0.002 84.2 81.0149721138
BLYP 0.002 84.5 81.3035172084
BLYP 0.002 84.8 81.5920610997
BLYP 0.002 85.1 81.8806037964
BLYP 0.002 85.4 82.1691453074
BLYP 0.002 85.7 82.4576856416
BLYP 0.002 86 82.7462248076
BLYP 0.002 86.3 83.0347628139
BLYP 0.002 86.6 83.3232996691
BLYP 0.002 86.9 83.6118353815
BLYP 0.002 87.2 83.9003699595
BLYP 0.002 87.5 84.1889034112
BLYP 0.002 87.8 84.4774357447
BLYP 0.002 88.1 84.7659669681
BLYP 0.002 88.4 85.0544970894
BLYP 0.002 88.7 85.3430261163
BLYP 0.002 89 85.6315540567
BLYP 0.002 89.3 85.9200809182
BLYP 0.002 89.6 86.2086067084
BLYP 0.002 89.9 86.497131435
BLYP 0.002 90.2 86.7856551052
BLYP 0.002 90.5 87.0741777266
BLYP 0.002 90.8 87.3626993063
BLYP 0.002 91.1 87.6512198517
BLYP 0.002 91.4 87.9397393698
BLYP 0.002 91.7 88.2282578677
BLYP 0.002 92 88.5167753524
BLYP 0.002 92.3 88.8052918308
BLYP 0.002 92.6 89.0938073099
BLYP 0.002 92.9 89.3823217963
BLYP 0.002 93.2 89.6708352968
BLYP 0.002 93.5 89.959347818
BLYP 0.002 93.8 90.2478593665
BLYP 0.002 94.1 90.5363699488
BLYP 0.002 94.4 90.8248795714
BLYP 0.002 94.7 91.1133882406
BLYP 0.002 95 91.4018959628
BLYP 0.002 95.3 91.6904027442
BLYP 0.002 95.6 91.978908591
BLYP 0.002 95.9 92.2674135093
BLYP 0.002 96.2 92.5559175052
BLYP 0.002 96.5 92.8444205847
BLYP 0.002 96.8 93.1329227538
BLYP 0.002 97.1 93.4214240184
BLYP 0.002 97.4 93.7099243842
BLYP 0.002 97.7 93.9984238571
BLYP 0.002 98 94.2869224428
BLYP 0.002 98.3 94.575420147
BLYP 0.002 98.6 94.8639169752
BLYP 0.002 98.9 95.1524129331
BLYP 0.002 99.2 95.440908026
BLYP 0.002 99.5 95.7294022596
BLYP 0.002 99.8 96.0178956392
BLYP 0.002 100.1 96.30638817
BLYP 0.002 100.4 96.5948798575
BLYP 0.002 100.7 96.8833707069
BLYP 0.002 101 97.1718607234
BLYP 0.002 101.3 97.460349912
BLYP 0.002 101.6 97.748838278
BLYP 0.002 101.9 98.0373258263
BLYP 0.002 102.2 98.3258125621
BLYP 0.002 102.5 98.6142984901
BLYP 0.002 102.8 98.9027836154
BLYP 0.002 103.1 99.1912679428
BLYP 0.002 103.4 99.479751477
BLYP 0.002 103.7 99.768234223
BLYP 0.002 104 100.0567161854
BLYP 0.002 104.3 100.3451973689
BLYP 0.002 104.6 100.6336777782
BLYP 0.002 104.9 100.9221574177
BLYP 0.002 105.2 101.2106362922
BLYP 0.002 105.5 101.4991144061
BLYP 0.002 105.8 101.7875917638
BLYP 0.002 106.1 102.0760683699
BLYP 0.002 106.4 102.3645442286
BLYP 0.002 106.7 102.6530193444
BLYP 0.002 107 102.9414937215
BLYP 0.002 107.3 103.2299673642
BLYP 0.002 107.6 103.5184402768
BLYP 0.002 107.9 103.8069124633
BLYP 0.002 108.2 104.0953839281
BLYP 0.002 108.5 104.383854675
BLYP 0.002 108.8 104.6723247083
BLYP 0.002 109.1 104.960794032
BLYP 0.002 109.4 105.24926265
BLYP 0.002 109.7 105.5377305662
BLYP 0.002 110 105.8261977847
BLYP 0.002 110.3 106.1146643092
BLYP 0.002 110.6 106.4031301436
BLYP 0.002 110.9 106.6915952917
BLYP 0.002 111.2 106.9800597572
BLYP 0.002 111.5 107.2685235439
BLYP 0.002 111.8 107.5569866554
BLYP 0.002 112.1 107.8454490953
BLYP 0.002 112.4 108.1339108672
BLYP 0.002 112.7 108.4223719747
BLYP 0.002 113 108.7108324213
BLYP 0.002 113.3 108.9992922104
BLYP 0.002 113.6 109.2877513454
BLYP 0.002 113.9 109.5762098297
BLYP 0.002 114.2 109.8646676665
BLYP 0.002 114.5 110.1531248592
BLYP 0.002 114.8 110.4415814109
BLYP 0.002 115.1 110.7300373247
BLYP 0.002 115.4 111.0184926037
BLYP 0.002 115.7 111.3069472508
BLYP 0.002 116 111.5954012689
BLYP 0.002 116.3 111.8838546607
BLYP 0.002 116.6 112.1723074289
BLYP 0.002 116.9 112.4607595758
BLYP 0.002 117.2 112.7492111038
BLYP 0.002 117.5 113.0376620146
BLYP 0.002 117.8 113.3261123097
BLYP 0.002 118.1 113.6145619899
BLYP 0.002 118.4 113.9030110548
BLYP 0.002 118.7 114.1914595015
BLYP 0.002 119 114.4799073206
BLYP 0.002 119.3 114.7683530998
BLYP 0.002 119.6 115.0567984911
BLYP 0.002 119.9 115.3452432848
BLYP 0.002 120.2 115.6336874889
BLYP 0.002 120.5 115.9221311097
BLYP 0.002 120.8 116.2105741525
BLYP 0.002 121.1 116.4990166219
BLYP 0.002 121.4 116.7874585221
BLYP 0.002 121.7 117.075899857
BLYP 0.002 122 117.3643406305
BLYP 0.002 122.3 117.6527808462
BLYP 0.002 122.6 117.9412205074
BLYP 0.002 122.9 118.2296596175
BLYP 0.002 123.2 118.5180981799
BLYP 0.002 123.5 118.8065361976
BLYP 0.002 123.8 119.0949736738
BLYP 0.002 124.1 119.3834106115
BLYP 0.002 124.4 119.6718470138
BLYP 0.002 124.7 119.9602828836
BLYP 0.002 125 120.2487182238
BLYP 0.002 125.3 120.5371530373
BLYP 0.002 125.6 120.8255873269
BLYP 0.002 125.9 121.1140210953
BLYP 0.002 126.2 121.4024543454
BLYP 0.002 126.5 121.6908870799
BLYP 0.002 126.8 121.9793193014
BLYP 0.002 127.1 122.2677510127
BLYP 0.002 127.4 122.5561822163
BLYP 0.002 127.7 122.8446129149
BLYP 0.002 128 123.133043111
BLYP 0.002 128.3 123.4214728073
BLYP 0.002 128.6 123.7099020062
BLYP 0.002 128.9 123.9983307103
BLYP 0.002 129.2 124.2867589221
BLYP 0.002 129.5 124.575186644
BLYP 0.002 129.8 124.8636138784
BLYP 0.002 130.1 125.1520406278
BLYP 0.002 130.4 125.4404668947
BLYP 0.002 130.7 125.7288926813
BLYP 0.002 131 126.01731799
BLYP 0.002 131.3 126.3057428232
BLYP 0.002 131.6 126.5941671833
BLYP 0.002 131.9 126.8825910724
BLYP 0.002 132.2 127.1710144929
BLYP 0.002 132.5 127.4594374471
BLYP 0.002 132.8 127.7478599372
BLYP 0.002 133.1 128.0362819654
BLYP 0.002 133.4 128.3247035341
BLYP 0.002 133.7 128.6131246452
BLYP 0.002 134 128.9015453012
BLYP 0.002 134.3 129.189965504
BLYP 0.002 134.6 129.4783852559
BLYP 0.002 134.9 129.766804559
BLYP 0.002 135.2 130.0552234154
BLYP 0.002 135.5 130.3436418272
BLYP 0.002 135.8 130.6320597965
BLYP 0.002 136.1 130.9204773253
BLYP 0.002 136.4 131.2088944158
BLYP 0.002 136.7 131.49731107
BLYP 0.002 137 131.7857272898
BLYP 0.002 137.3 132.0741430774
BLYP 0.002 137.6 132.3625584346
BLYP 0.002 137.9 132.6509733635
BLYP 0.002 138.2 132.9393878661
BLYP 0.002 138.5 133.2278019443
BLYP 0.002 138.8 133.5162156001
BLYP 0.002 139.1 133.8046288353
BLYP 0.002 139.4 134.0930416519
BLYP 0.002 139.7 134.3814540518
BLYP 0.002 140 134.6698660369
BLYP 0.002 140.3 134.9582776091
BLYP 0.002 140.6 135.2466887701
BLYP 0.002 140.9 135.535099522
BLYP 0.002 141.2 135.8235098664
BLYP 0.002 141.5 136.1119198053
BLYP 0.002 141.8 136.4003293404
BLYP 0.002 142.1 136.6887384736
BLYP 0.002 142.4 136.9771472066
BLYP 0.002 142.7 137.2655555412
BLYP 0.002 143 137.5539634792
BLYP 0.002 143.3 137.8423710224
BLYP 0.002 143.6 138.1307781723
BLYP 0.002 143.9 138.4191849309
BLYP 0.002 144.2 138.7075912998
BLYP 0.002 144.5 138.9959972808
BLYP 0.002 144.8 139.2844028754
BLYP 0.002 145.1 139.5728080855
BLYP 0.002 145.4 139.8612129126
BLYP 0.002 145.7 140.1496173585
BLYP 0.002 146 140.4380214248
BLYP 0.002 146.3 140.7264251131
BLYP 0.002 146.6 141.014828425
BLYP 0.002 146.9 141.3032313623
BLYP 0.002 147.2 141.5916339265
BLYP 0.002 147.5 141.8800361191
BLYP 0.002 147.8 142.1684379419
BLYP 0.002 148.1 142.4568393963
BLYP 0.002 148.4 142.745240484
BLYP 0.002 148.7 143.0336412064
BLYP 0.002 149 143.3220415652
BLYP 0.002 149.3 143.6104415619
BLYP 0.002 149.6 143.898841198
BLYP 0.002 149.9 144.1872404751
BLYP 0.002 150.2 144.4756393946
BLYP 0.002 150.5 144.7640379581
BLYP 0.002 150.8 145.052436167
BLYP 0.002 151.1 145.3408340228
BLYP 0.002 151.4 145.6292315271
BLYP 0.002 151.7 145.9176286812
BLYP 0.002 152 146.2060254867
BLYP 0.002 152.3 146.4944219449
BLYP 0.002 152.6 146.7828180574
BLYP 0.002 152.9 147.0712138255
BLYP 0.002 153.2 147.3596092507
BLYP 0.002 153.5 147.6480043344
BLYP 0.002 153.8 147.936399078
BLYP 0.002 154.1 148.2247934828
BLYP 0.002 154.4 148.5131875504
BLYP 0.002 154.7 148.8015812819
BLYP 0.002 155 149.089974679
BLYP 0.002 155.3 149.3783677428
BLYP 0.002 155.6 149.6667604747
BLYP 0.002 155.9 149.9551528762
BLYP 0.002 156.2 150.2435449485
BLYP 0.002 156.5 150.5319366929
BLYP 0.002 156.8 150.8203281109
BLYP 0.002 157.1 151.1087192036
BLYP 0.002 157.4 151.3971099725
BLYP 0.002 157.7 151.6855004188
BLYP 0.002 158 151.9738905437
BLYP 0.002 158.3 152.2622803487
BLYP 0.002 158.6 152.550669835
BLYP 0.002 158.9 152.8390590038
BLYP 0.002 159.2 153.1274478564
BLYP 0.002 159.5 153.4158363941
BLYP 0.002 159.8 153.7042246181
BLYP 0.002 160.1 153.9926125297
BLYP 0.002 160.4 154.2810001301
BLYP 0.002 160.7 154.5693874205
BLYP 0.002 161 154.8577744021
BLYP 0.002 161.3 155.1461610762
BLYP 0.002 161.6 155.434547444
BLYP 0.002 161.9 155.7229335067
BLYP 0.002 162.2 156.0113192654
BLYP 0.002 162.5 156.2997047214
BLYP 0.002 162.8 156.5880898759
BLYP 0.002 163.1 156.8764747299
BLYP 0.002 163.4 157.1648592848
BLYP 0.002 163.7 157.4532435416
BLYP 0.002 164 157.7416275015
BLYP 0.002 164.3 158.0300111657
BLYP 0.002 164.6 158.3183945353
BLYP 0.002 164.9 158.6067776115
BLYP 0.002 165.2 158.8951603953
BLYP 0.002 165.5 159.1835428879
BLYP 0.002 165.8 159.4719250905
BLYP 0.002 166.1 159.7603070041
BLYP 0.002 166.4 160.0486886298
BLYP 0.002 166.7 160.3370699688
BLYP 0.002 167 160.6254510222
BLYP 0.002 167.3 160.913831791
BLYP 0.002 167.6 161.2022122764
BLYP 0.002 167.9 161.4905924793
BLYP 0.002 168.2 161.778972401
BLYP 0.002 168.5 162.0673520423
BLYP 0.002 168.8 162.3557314046
BLYP 0.002 169.1 162.6441104886
BLYP 0.002 169.4 162.9324892957
BLYP 0.002 169.7 163.2208678267
BLYP 0.002 170 163.5092460827
BLYP 0.002 170.3 163.7976240647
BLYP 0.002 170.6 164.0860017739
BLYP 0.002 170.9 164.3743792111
BLYP 0.002 171.2 164.6627563775
BLYP 0.002 171.5 164.951133274
BLYP 0.002 171.8 165.2395099016
BLYP 0.002 172.1 165.5278862614
BLYP 0.002 172.4 165.8162623544
BLYP 0.002 172.7 166.1046381815
BLYP 0.002 173 166.3930137437
BLYP 0.002 173.3 166.681389042
BLYP 0.002 173.6 166.9697640774
BLYP 0.002 173.9 167.2581388508
BLYP 0.002 174.2 167.5465133633
BLYP 0.002 174.5 167.8348876157
BLYP 0.002 174.8 168.1232616091
