Functional Exponent Coefficient Energy
BLYP 0.015 -175 -173.4300136979
BLYP 0.015 -174.7 -173.1322206018
BLYP 0.015 -174.4 -172.8344292131
BLYP 0.015 -174.1 -172.5366395365
BLYP 0.015 -173.8 -172.2388515768
BLYP 0.015 -173.5 -171.9410653387
BLYP 0.015 -173.2 -171.6432808272
BLYP 0.015 -172.9 -171.345498047
BLYP 0.015 -172.6 -171.047717003
BLYP 0.015 -172.3 -170.7499377001
BLYP 0.015 -172 -170.4521601431
BLYP 0.015 -171.7 -170.1543843371
BLYP 0.015 -171.4 -169.8566102869
BLYP 0.015 -171.1 -169.5588379974
BLYP 0.015 -170.8 -169.2610674737
BLYP 0.015 -170.5 -168.9632987207
BLYP 0.015 -170.2 -168.6655317434
BLYP 0.015 -169.9 -168.367766547
BLYP 0.015 -169.6 -168.0700031363
BLYP 0.015 -169.3 -167.7722415166
BLYP 0.015 -169 -167.4744816928
BLYP 0.015 -168.7 -167.1767236701
BLYP 0.015 -168.4 -166.8789674537
BLYP 0.015 -168.1 -166.5812130486
BLYP 0.015 -167.8 -166.2834604601
BLYP 0.015 -167.5 -165.9857096933
BLYP 0.015 -167.2 -165.6879607534
BLYP 0.015 -166.9 -165.3902136457
BLYP 0.015 -166.6 -165.0924683754
BLYP 0.015 -166.3 -164.7947249478
BLYP 0.015 -166 -164.4969833683
BLYP 0.015 -165.7 -164.199243642
BLYP 0.015 -165.4 -163.9015057743
BLYP 0.015 -165.1 -163.6037697706
BLYP 0.015 -164.8 -163.3060356363
BLYP 0.015 -164.5 -163.0083033768
BLYP 0.015 -164.2 -162.7105729974
BLYP 0.015 -163.9 -162.4128445037
BLYP 0.015 -163.6 -162.1151179011
BLYP 0.015 -163.3 -161.817393195
BLYP 0.015 -163 -161.519670391
BLYP 0.015 -162.7 -161.2219494946
BLYP 0.015 -162.4 -160.9242305113
BLYP 0.015 -162.1 -160.6265134468
BLYP 0.015 -161.8 -160.3287983066
BLYP 0.015 -161.5 -160.0310850963
BLYP 0.015 -161.2 -159.7333738215
BLYP 0.015 -160.9 -159.435664488
BLYP 0.015 -160.6 -159.1379571014
BLYP 0.015 -160.3 -158.8402516674
BLYP 0.015 -160 -158.5425481918
BLYP 0.015 -159.7 -158.2448466802
BLYP 0.015 -159.4 -157.9471471385
BLYP 0.015 -159.1 -157.6494495725
BLYP 0.015 -158.8 -157.3517539879
BLYP 0.015 -158.5 -157.0540603907
BLYP 0.015 -158.2 -156.7563687866
BLYP 0.015 -157.9 -156.4586791816
BLYP 0.015 -157.6 -156.1609915817
BLYP 0.015 -157.3 -155.8633059926
BLYP 0.015 -157 -155.5656224204
BLYP 0.015 -156.7 -155.2679408711
BLYP 0.015 -156.4 -154.9702613507
BLYP 0.015 -156.1 -154.6725838652
BLYP 0.015 -155.8 -154.3749084206
BLYP 0.015 -155.5 -154.0772350231
BLYP 0.015 -155.2 -153.7795636788
BLYP 0.015 -154.9 -153.4818943937
BLYP 0.015 -154.6 -153.1842271741
BLYP 0.015 -154.3 -152.8865620261
BLYP 0.015 -154 -152.5888989559
BLYP 0.015 -153.7 -152.2912379698
BLYP 0.015 -153.4 -151.9935790739
BLYP 0.015 -153.1 -151.6959222747
BLYP 0.015 -152.8 -151.3982675783
BLYP 0.015 -152.5 -151.1006149912
BLYP 0.015 -152.2 -150.8029645196
BLYP 0.015 -151.9 -150.50531617
BLYP 0.015 -151.6 -150.2076699488
BLYP 0.015 -151.3 -149.9100258624
BLYP 0.015 -151 -149.6123839172
BLYP 0.015 -150.7 -149.3147441198
BLYP 0.015 -150.4 -149.0171064766
BLYP 0.015 -150.1 -148.7194709943
BLYP 0.015 -149.8 -148.4218376793
BLYP 0.015 -149.5 -148.1242065382
BLYP 0.015 -149.2 -147.8265775777
BLYP 0.015 -148.9 -147.5289508045
BLYP 0.015 -148.6 -147.2313262251
BLYP 0.015 -148.3 -146.9337038464
BLYP 0.015 -148 -146.6360836749
BLYP 0.015 -147.7 -146.3384657176
BLYP 0.015 -147.4 -146.040849981
BLYP 0.015 -147.1 -145.7432364722
BLYP 0.015 -146.8 -145.4456251979
BLYP 0.015 -146.5 -145.1480161649
BLYP 0.015 -146.2 -144.8504093802
BLYP 0.015 -145.9 -144.5528048507
BLYP 0.015 -145.6 -144.2552025834
BLYP 0.015 -145.3 -143.9576025851
BLYP 0.015 -145 -143.660004863
BLYP 0.015 -144.7 -143.3624094241
BLYP 0.015 -144.4 -143.0648162754
BLYP 0.015 -144.1 -142.7672254241
BLYP 0.015 -143.8 -142.4696368772
BLYP 0.015 -143.5 -142.1720506419
BLYP 0.015 -143.2 -141.8744667254
BLYP 0.015 -142.9 -141.5768851349
BLYP 0.015 -142.6 -141.2793058776
BLYP 0.015 -142.3 -140.9817289609
BLYP 0.015 -142 -140.684154392
BLYP 0.015 -141.7 -140.3865821783
BLYP 0.015 -141.4 -140.0890123271
BLYP 0.015 -141.1 -139.7914448458
BLYP 0.015 -140.8 -139.4938797419
BLYP 0.015 -140.5 -139.1963170228
BLYP 0.015 -140.2 -138.8987566959
BLYP 0.015 -139.9 -138.6011987689
BLYP 0.015 -139.6 -138.3036432492
BLYP 0.015 -139.3 -138.0060901445
BLYP 0.015 -139 -137.7085394623
BLYP 0.015 -138.7 -137.4109912104
BLYP 0.015 -138.4 -137.1134453963
BLYP 0.015 -138.1 -136.8159020277
BLYP 0.015 -137.8 -136.5183611126
BLYP 0.015 -137.5 -136.2208226585
BLYP 0.015 -137.2 -135.9232866733
BLYP 0.015 -136.9 -135.6257531649
BLYP 0.015 -136.6 -135.328222141
BLYP 0.015 -136.3 -135.0306936098
BLYP 0.015 -136 -134.7331675789
BLYP 0.015 -135.7 -134.4356440565
BLYP 0.015 -135.4 -134.1381230506
BLYP 0.015 -135.1 -133.8406045691
BLYP 0.015 -134.8 -133.5430886202
BLYP 0.015 -134.5 -133.2455752119
BLYP 0.015 -134.2 -132.9480643525
BLYP 0.015 -133.9 -132.65055605
BLYP 0.015 -133.6 -132.3530503127
BLYP 0.015 -133.3 -132.0555471489
BLYP 0.015 -133 -131.7580465668
BLYP 0.015 -132.7 -131.4605485747
BLYP 0.015 -132.4 -131.163053181
BLYP 0.015 -132.1 -130.8655603941
BLYP 0.015 -131.8 -130.5680702224
BLYP 0.015 -131.5 -130.2705826743
BLYP 0.015 -131.2 -129.9730977584
BLYP 0.015 -130.9 -129.6756154832
BLYP 0.015 -130.6 -129.3781358572
BLYP 0.015 -130.3 -129.0806588891
BLYP 0.015 -130 -128.7831845875
BLYP 0.015 -129.7 -128.4857129611
BLYP 0.015 -129.4 -128.1882440185
BLYP 0.015 -129.1 -127.8907777686
BLYP 0.015 -128.8 -127.5933142202
BLYP 0.015 -128.5 -127.295853382
BLYP 0.015 -128.2 -126.998395263
BLYP 0.015 -127.9 -126.700939872
BLYP 0.015 -127.6 -126.403487218
BLYP 0.015 -127.3 -126.10603731
BLYP 0.015 -127 -125.808590157
BLYP 0.015 -126.7 -125.511145768
BLYP 0.015 -126.4 -125.2137041522
BLYP 0.015 -126.1 -124.9162653187
BLYP 0.015 -125.8 -124.6188292767
BLYP 0.015 -125.5 -124.3213960353
BLYP 0.015 -125.2 -124.023965604
BLYP 0.015 -124.9 -123.7265379919
BLYP 0.015 -124.6 -123.4291132084
BLYP 0.015 -124.3 -123.1316912628
BLYP 0.015 -124 -122.8342721647
BLYP 0.015 -123.7 -122.5368559235
BLYP 0.015 -123.4 -122.2394425487
BLYP 0.015 -123.1 -121.9420320498
BLYP 0.015 -122.8 -121.6446244364
BLYP 0.015 -122.5 -121.3472197182
BLYP 0.015 -122.2 -121.0498179048
BLYP 0.015 -121.9 -120.7524190059
BLYP 0.015 -121.6 -120.4550230314
BLYP 0.015 -121.3 -120.157629991
BLYP 0.015 -121 -119.8602398946
BLYP 0.015 -120.7 -119.562852752
BLYP 0.015 -120.4 -119.2654685733
BLYP 0.015 -120.1 -118.9680873683
BLYP 0.015 -119.8 -118.6707091471
BLYP 0.015 -119.5 -118.3733339198
BLYP 0.015 -119.2 -118.0759616965
BLYP 0.015 -118.9 -117.7785924874
BLYP 0.015 -118.6 -117.4812263026
BLYP 0.015 -118.3 -117.1838631524
BLYP 0.015 -118 -116.8865030472
BLYP 0.015 -117.7 -116.5891459972
BLYP 0.015 -117.4 -116.2917920129
BLYP 0.015 -117.1 -115.9944411047
BLYP 0.015 -116.8 -115.697093283
BLYP 0.015 -116.5 -115.3997485585
BLYP 0.015 -116.2 -115.1024069417
BLYP 0.015 -115.9 -114.8050684432
BLYP 0.015 -115.6 -114.5077330737
BLYP 0.015 -115.3 -114.210400844
BLYP 0.015 -115 -113.9130717648
BLYP 0.015 -114.7 -113.6157458469
BLYP 0.015 -114.4 -113.3184231013
BLYP 0.015 -114.1 -113.0211035388
BLYP 0.015 -113.8 -112.7237871704
BLYP 0.015 -113.5 -112.4264740072
BLYP 0.015 -113.2 -112.1291640603
BLYP 0.015 -112.9 -111.8318573407
BLYP 0.015 -112.6 -111.5345538597
BLYP 0.015 -112.3 -111.2372536284
BLYP 0.015 -112 -110.9399566582
BLYP 0.015 -111.7 -110.6426629605
BLYP 0.015 -111.4 -110.3453725466
BLYP 0.015 -111.1 -110.0480854279
BLYP 0.015 -110.8 -109.750801616
BLYP 0.015 -110.5 -109.4535211224
BLYP 0.015 -110.2 -109.1562439587
BLYP 0.015 -109.9 -108.8589701366
BLYP 0.015 -109.6 -108.5616996679
BLYP 0.015 -109.3 -108.2644325642
BLYP 0.015 -109 -107.9671688375
BLYP 0.015 -108.7 -107.6699084996
BLYP 0.015 -108.4 -107.3726515624
BLYP 0.015 -108.1 -107.075398038
BLYP 0.015 -107.8 -106.7781479385
BLYP 0.015 -107.5 -106.4809012759
BLYP 0.015 -107.2 -106.1836580625
BLYP 0.015 -106.9 -105.8864183104
BLYP 0.015 -106.6 -105.589182032
BLYP 0.015 -106.3 -105.2919492397
BLYP 0.015 -106 -104.9947199459
BLYP 0.015 -105.7 -104.697494163
BLYP 0.015 -105.4 -104.4002719036
BLYP 0.015 -105.1 -104.1030531804
BLYP 0.015 -104.8 -103.805838006
BLYP 0.015 -104.5 -103.5086263932
BLYP 0.015 -104.2 -103.2114183549
BLYP 0.015 -103.9 -102.9142139038
BLYP 0.015 -103.6 -102.617013053
BLYP 0.015 -103.3 -102.3198158157
BLYP 0.015 -103 -102.022622205
BLYP 0.015 -102.7 -101.7254322344
BLYP 0.015 -102.4 -101.4282459294
BLYP 0.015 -102.1 -101.1310633158
BLYP 0.015 -101.8 -100.8338843831
BLYP 0.015 -101.5 -100.5367091442
BLYP 0.015 -101.2 -100.2395376122
BLYP 0.015 -100.9 -99.9423698005
BLYP 0.015 -100.6 -99.6452057226
BLYP 0.015 -100.3 -99.3480453921
BLYP 0.015 -100 -99.0508888228
BLYP 0.015 -99.7 -98.7537360282
BLYP 0.015 -99.4 -98.4565870224
BLYP 0.015 -99.1 -98.1594418191
BLYP 0.015 -98.8 -97.8623004324
BLYP 0.015 -98.5 -97.5651628763
BLYP 0.015 -98.2 -97.268029165
BLYP 0.015 -97.9 -96.9708993127
BLYP 0.015 -97.6 -96.6737733337
BLYP 0.015 -97.3 -96.3766512423
BLYP 0.015 -97 -96.079533053
BLYP 0.015 -96.7 -95.7824187802
BLYP 0.015 -96.4 -95.4853084387
BLYP 0.015 -96.1 -95.188202043
BLYP 0.015 -95.8 -94.8910996079
BLYP 0.015 -95.5 -94.5940011483
BLYP 0.015 -95.2 -94.2969066791
BLYP 0.015 -94.9 -93.9998162152
BLYP 0.015 -94.6 -93.7027297717
BLYP 0.015 -94.3 -93.4056473639
BLYP 0.015 -94 -93.1085690069
BLYP 0.015 -93.7 -92.811494716
BLYP 0.015 -93.4 -92.5144245067
BLYP 0.015 -93.1 -92.2173583944
BLYP 0.015 -92.8 -91.9202963948
BLYP 0.015 -92.5 -91.6232385235
BLYP 0.015 -92.2 -91.3261847963
BLYP 0.015 -91.9 -91.0291352289
BLYP 0.015 -91.6 -90.7320898374
BLYP 0.015 -91.3 -90.4350486377
BLYP 0.015 -91 -90.138011646
BLYP 0.015 -90.7 -89.8409788784
BLYP 0.015 -90.4 -89.5439503513
BLYP 0.015 -90.1 -89.246926081
BLYP 0.015 -89.8 -88.949906084
BLYP 0.015 -89.5 -88.652890377
BLYP 0.015 -89.2 -88.3558789765
BLYP 0.015 -88.9 -88.0588718994
BLYP 0.015 -88.6 -87.7618691624
BLYP 0.015 -88.3 -87.4648707827
BLYP 0.015 -88 -87.1678767773
BLYP 0.015 -87.7 -86.8708871632
BLYP 0.015 -87.4 -86.5739019579
BLYP 0.015 -87.1 -86.2769211788
BLYP 0.015 -86.8 -85.9799448432
BLYP 0.015 -86.5 -85.6829729689
BLYP 0.015 -86.2 -85.3860055737
BLYP 0.015 -85.9 -85.0890426753
BLYP 0.015 -85.6 -84.7920842919
BLYP 0.015 -85.3 -84.4951304417
BLYP 0.015 -85 -84.1981811431
BLYP 0.015 -84.7 -83.901236415
BLYP 0.015 -84.4 -83.6042962765
BLYP 0.015 -84.1 -83.3073607473
BLYP 0.015 -83.8 -83.0104298482
BLYP 0.015 -83.5 -82.7135036
BLYP 0.015 -83.2 -82.4165820218
BLYP 0.015 -82.9 -82.1196651304
BLYP 0.015 -82.6 -81.8227529429
BLYP 0.015 -82.3 -81.5258454773
BLYP 0.015 -82 -81.2289427518
BLYP 0.015 -81.7 -80.9320447854
BLYP 0.015 -81.4 -80.6351515973
BLYP 0.015 -81.1 -80.3382632069
BLYP 0.015 -80.8 -80.0413796339
BLYP 0.015 -80.5 -79.7445008981
BLYP 0.015 -80.2 -79.4476270196
BLYP 0.015 -79.9 -79.1507580184
BLYP 0.015 -79.6 -78.8538939151
BLYP 0.015 -79.3 -78.5570347301
BLYP 0.015 -79 -78.2601804839
BLYP 0.015 -78.7 -77.9633311975
BLYP 0.015 -78.4 -77.6664868917
BLYP 0.015 -78.1 -77.3696475876
BLYP 0.015 -77.8 -77.0728133065
BLYP 0.015 -77.5 -76.7759840698
BLYP 0.015 -77.2 -76.4791598989
BLYP 0.015 -76.9 -76.1823408156
BLYP 0.015 -76.6 -75.8855268418
BLYP 0.015 -76.3 -75.5887179994
BLYP 0.015 -76 -75.2919143105
BLYP 0.015 -75.7 -74.9951157977
BLYP 0.015 -75.4 -74.6983224832
BLYP 0.015 -75.1 -74.4015343898
BLYP 0.015 -74.8 -74.1047515404
BLYP 0.015 -74.5 -73.8079739579
BLYP 0.015 -74.2 -73.5112016654
BLYP 0.015 -73.9 -73.2144346865
BLYP 0.015 -73.6 -72.9176730445
BLYP 0.015 -73.3 -72.6209167632
BLYP 0.015 -73 -72.3241658665
BLYP 0.015 -72.7 -72.0274203785
BLYP 0.015 -72.4 -71.7306803234
BLYP 0.015 -72.1 -71.4339457257
BLYP 0.015 -71.8 -71.1372166101
BLYP 0.015 -71.5 -70.8404930015
BLYP 0.015 -71.2 -70.5437749249
BLYP 0.015 -70.9 -70.2470624055
BLYP 0.015 -70.6 -69.9503554689
BLYP 0.015 -70.3 -69.6536541407
BLYP 0.015 -70 -69.3569584468
BLYP 0.015 -69.7 -69.0602684134
BLYP 0.015 -69.4 -68.7635840667
BLYP 0.015 -69.1 -68.4669054334
BLYP 0.015 -68.8 -68.1702325403
BLYP 0.015 -68.5 -67.8735654143
BLYP 0.015 -68.2 -67.5769040827
BLYP 0.015 -67.9 -67.2802485731
BLYP 0.015 -67.6 -66.9835989131
BLYP 0.015 -67.3 -66.6869551308
BLYP 0.015 -67 -66.3903172544
BLYP 0.015 -66.7 -66.0936853125
BLYP 0.015 -66.4 -65.7970593337
BLYP 0.015 -66.1 -65.5004393472
BLYP 0.015 -65.8 -65.2038253822
BLYP 0.015 -65.5 -64.9072174683
BLYP 0.015 -65.2 -64.6106156354
BLYP 0.015 -64.9 -64.3140199137
BLYP 0.015 -64.6 -64.0174303336
BLYP 0.015 -64.3 -63.720846926
BLYP 0.015 -64 -63.4242697218
BLYP 0.015 -63.7 -63.1276987525
BLYP 0.015 -63.4 -62.8311340498
BLYP 0.015 -63.1 -62.534575646
BLYP 0.015 -62.8 -62.2380235736
BLYP 0.015 -62.5 -61.9414778656
BLYP 0.015 -62.2 -61.6449385558
BLYP 0.015 -61.9 -61.3484056802
BLYP 0.015 -61.6 -61.0518793497
BLYP 0.015 -61.3 -60.7553595351
BLYP 0.015 -61 -60.4588462573
BLYP 0.015 -60.7 -60.16233955
BLYP 0.015 -60.4 -59.8658394476
BLYP 0.015 -60.1 -59.5693459854
BLYP 0.015 -59.8 -59.272859199
BLYP 0.015 -59.5 -58.9763791245
BLYP 0.015 -59.2 -58.6799057983
BLYP 0.015 -58.9 -58.3834392574
BLYP 0.015 -58.6 -58.0869795393
BLYP 0.015 -58.3 -57.7905266817
BLYP 0.015 -58 -57.4940807229
BLYP 0.015 -57.7 -57.1976417017
BLYP 0.015 -57.4 -56.9012096571
BLYP 0.015 -57.1 -56.6047846288
BLYP 0.015 -56.8 -56.3083666569
BLYP 0.015 -56.5 -56.011955782
BLYP 0.015 -56.2 -55.7155520453
BLYP 0.015 -55.9 -55.4191554881
BLYP 0.015 -55.6 -55.1227661528
BLYP 0.015 -55.3 -54.8263840818
BLYP 0.015 -55 -54.5300093184
BLYP 0.015 -54.7 -54.2336419061
BLYP 0.015 -54.4 -53.9372818893
BLYP 0.015 -54.1 -53.6409293128
BLYP 0.015 -53.8 -53.3445842219
BLYP 0.015 -53.5 -53.0482466626
BLYP 0.015 -53.2 -52.7519166816
BLYP 0.015 -52.9 -52.4555943259
BLYP 0.015 -52.6 -52.1592796434
BLYP 0.015 -52.3 -51.8629726826
BLYP 0.015 -52 -51.5666734925
BLYP 0.015 -51.7 -51.2703821227
BLYP 0.015 -51.4 -50.9740986236
BLYP 0.015 -51.1 -50.6778230457
BLYP 0.015 -50.8 -50.3815554441
BLYP 0.015 -50.5 -50.0852959088
BLYP 0.015 -50.2 -49.7890444539
BLYP 0.015 -49.9 -49.4928011304
BLYP 0.015 -49.6 -49.1965659944
BLYP 0.015 -49.3 -48.9003391022
BLYP 0.015 -49 -48.604120511
BLYP 0.015 -48.7 -48.3079102788
BLYP 0.015 -48.4 -48.0117084652
BLYP 0.015 -48.1 -47.7155151425
BLYP 0.015 -47.8 -47.4193304175
BLYP 0.015 -47.5 -47.1231542971
BLYP 0.015 -47.2 -46.8269868416
BLYP 0.015 -46.9 -46.5308281132
BLYP 0.015 -46.6 -46.2346781759
BLYP 0.015 -46.3 -45.9385370945
BLYP 0.015 -46 -45.642404935
BLYP 0.015 -45.7 -45.3462817648
BLYP 0.015 -45.4 -45.050167652
BLYP 0.015 -45.1 -44.7540626662
BLYP 0.015 -44.8 -44.457966878
BLYP 0.015 -44.5 -44.1618803593
BLYP 0.015 -44.2 -43.8658031831
BLYP 0.015 -43.9 -43.5697354239
BLYP 0.015 -43.6 -43.2736771573
BLYP 0.015 -43.3 -42.9776284605
BLYP 0.015 -43 -42.6815894118
BLYP 0.015 -42.7 -42.3855600913
BLYP 0.015 -42.4 -42.0895405805
BLYP 0.015 -42.1 -41.7935309644
BLYP 0.015 -41.8 -41.4975313512
BLYP 0.015 -41.5 -41.2015418046
BLYP 0.015 -41.2 -40.905562411
BLYP 0.015 -40.9 -40.6095932617
BLYP 0.015 -40.6 -40.3136344467
BLYP 0.015 -40.3 -40.0176860545
BLYP 0.015 -40 -39.7217481797
BLYP 0.015 -39.7 -39.4258209184
BLYP 0.015 -39.4 -39.1299043723
BLYP 0.015 -39.1 -38.8339986393
BLYP 0.015 -38.8 -38.5381038213
BLYP 0.015 -38.5 -38.2422200222
BLYP 0.015 -38.2 -37.9463473483
BLYP 0.015 -37.9 -37.6504859079
BLYP 0.015 -37.6 -37.3546358114
BLYP 0.015 -37.3 -37.0587971714
BLYP 0.015 -37 -36.7629701087
BLYP 0.015 -36.7 -36.4671547367
BLYP 0.015 -36.4 -36.1713511779
BLYP 0.015 -36.1 -35.8755595532
BLYP 0.015 -35.8 -35.5797799915
BLYP 0.015 -35.5 -35.2840126187
BLYP 0.015 -35.2 -34.9882575649
BLYP 0.015 -34.9 -34.6925149644
BLYP 0.015 -34.6 -34.3967849542
BLYP 0.015 -34.3 -34.1010676747
BLYP 0.015 -34 -33.8053632694
BLYP 0.015 -33.7 -33.5096718851
BLYP 0.015 -33.4 -33.2139936719
BLYP 0.015 -33.1 -32.9183287837
BLYP 0.015 -32.8 -32.6226773777
BLYP 0.015 -32.5 -32.3270396152
BLYP 0.015 -32.2 -32.0314156612
BLYP 0.015 -31.9 -31.7358056847
BLYP 0.015 -31.6 -31.4402098589
BLYP 0.015 -31.3 -31.1446283612
BLYP 0.015 -31 -30.8490613738
BLYP 0.015 -30.7 -30.5535090832
BLYP 0.015 -30.4 -30.2579716799
BLYP 0.015 -30.1 -29.96244936
BLYP 0.015 -29.8 -29.6669423245
BLYP 0.015 -29.5 -29.3714507803
BLYP 0.015 -29.2 -29.0759749387
BLYP 0.015 -28.9 -28.7805150168
BLYP 0.015 -28.6 -28.4850712388
BLYP 0.015 -28.3 -28.1896438332
BLYP 0.015 -28 -27.8942330346
BLYP 0.015 -27.7 -27.5988390845
BLYP 0.015 -27.4 -27.303462231
BLYP 0.015 -27.1 -27.0081027292
BLYP 0.015 -26.8 -26.7127608411
BLYP 0.015 -26.5 -26.4174368362
BLYP 0.015 -26.2 -26.1221309916
BLYP 0.015 -25.9 -25.8268435923
BLYP 0.015 -25.6 -25.5315749315
BLYP 0.015 -25.3 -25.2363253109
BLYP 0.015 -25 -24.9410950409
BLYP 0.015 -24.7 -24.6458844414
BLYP 0.015 -24.4 -24.3506938414
BLYP 0.015 -24.1 -24.0555235799
BLYP 0.015 -23.8 -23.7603740062
BLYP 0.015 -23.5 -23.4652454802
BLYP 0.015 -23.2 -23.1701383726
BLYP 0.015 -22.9 -22.8750530659
BLYP 0.015 -22.6 -22.5799899544
BLYP 0.015 -22.3 -22.2849494446
BLYP 0.015 -22 -21.9899319561
BLYP 0.015 -21.7 -21.6949379218
BLYP 0.015 -21.4 -21.3999677884
BLYP 0.015 -21.1 -21.1050220173
BLYP 0.015 -20.8 -20.8101010849
BLYP 0.015 -20.5 -20.5152054833
BLYP 0.015 -20.2 -20.2203357209
BLYP 0.015 -19.9 -19.925492323
BLYP 0.015 -19.6 -19.6306758331
BLYP 0.015 -19.3 -19.3358868126
BLYP 0.015 -19 -19.0411258427
BLYP 0.015 -18.7 -18.7463935245
BLYP 0.015 -18.4 -18.4516904799
BLYP 0.015 -18.1 -18.1570173531
BLYP 0.015 -17.8 -17.8623748109
BLYP 0.015 -17.5 -17.567763544
BLYP 0.015 -17.2 -17.2731842682
BLYP 0.015 -16.9 -16.9786377254
BLYP 0.015 -16.6 -16.6841246846
BLYP 0.015 -16.3 -16.3896459436
BLYP 0.015 -16 -16.0952023301
BLYP 0.015 -15.7 -15.8007947029
BLYP 0.015 -15.4 -15.5064239538
BLYP 0.015 -15.1 -15.2120910091
BLYP 0.015 -14.8 -14.9177968311
BLYP 0.015 -14.5 -14.62354242
BLYP 0.015 -14.2 -14.329328816
BLYP 0.015 -13.9 -14.0351571011
BLYP 0.015 -13.6 -13.7410284016
BLYP 0.015 -13.3 -13.4469438899
BLYP 0.015 -13 -13.1529047879
BLYP 0.015 -12.7 -12.8589123688
BLYP 0.015 -12.4 -12.5649679607
BLYP 0.015 -12.1 -12.2710729497
BLYP 0.015 -11.8 -11.9772287828
BLYP 0.015 -11.5 -11.6834369726
BLYP 0.015 -11.2 -11.3896991008
BLYP 0.015 -10.9 -11.0960168235
BLYP 0.015 -10.6 -10.8023919024
BLYP 0.015 -10.3 -10.5088261758
BLYP 0.015 -10 -10.2153215179
BLYP 0.015 -9.7 -9.9218799338
BLYP 0.015 -9.4 -9.6285035336
BLYP 0.015 -9.1 -9.3351945469
BLYP 0.015 -8.8 -9.0419553634
BLYP 0.015 -8.5 -8.7487884238
BLYP 0.015 -8.2 -8.4556963458
BLYP 0.015 -7.9 -8.1626819155
BLYP 0.015 -7.6 -7.8697480961
BLYP 0.015 -7.3 -7.5768980469
BLYP 0.015 -7 -7.2841351466
BLYP 0.015 -6.7 -6.9914630202
BLYP 0.015 -6.4 -6.6988855734
BLYP 0.015 -6.1 -6.4064070994
BLYP 0.015 -5.8 -6.1140322752
BLYP 0.015 -5.5 -5.8217660091
BLYP 0.015 -5.2 -5.5296138191
BLYP 0.015 -4.9 -5.2375818261
BLYP 0.015 -4.6 -4.9456768244
BLYP 0.015 -4.3 -4.6539065054
BLYP 0.015 -4 -4.3622794707
BLYP 0.015 -3.7 -4.0708056669
BLYP 0.015 -3.4 -3.7794965529
BLYP 0.015 -3.1 -3.4883655755
BLYP 0.015 -2.8 -3.1974287063
BLYP 0.015 -2.5 -2.9067051845
BLYP 0.015 -2.2 -2.6162185473
BLYP 0.015 -1.9 -2.3259980719
BLYP 0.015 -1.6 -2.036080828
BLYP 0.015 -1.3 -1.7465146385
BLYP 0.015 -1 -1.4573624193
BLYP 0.015 -0.7 -1.1687086201
BLYP 0.015 -0.4 -0.8806688778
BLYP 0.015 -0.1 -0.5934045176
BLYP 0.015 0.2 -0.3071441031
BLYP 0.015 0.5 -0.0222143716
BLYP 0.015 0.8 0.2609187313
BLYP 0.015 1.1 0.5416039717
BLYP 0.015 1.4 0.8189700704
BLYP 0.015 1.7 1.0919285876
BLYP 0.015 2 1.3592291377
BLYP 0.015 2.3 1.619527233
BLYP 0.015 2.6 1.8714391327
BLYP 0.015 2.9 2.1152314741
BLYP 0.015 3.2 2.3536138004
BLYP 0.015 3.5 2.5888727007
BLYP 0.015 3.8 2.8222236646
BLYP 0.015 4.1 3.0543242434
BLYP 0.015 4.4 3.28553396
BLYP 0.015 4.7 3.5160557105
BLYP 0.015 5 3.7460213614
BLYP 0.015 5.3 3.9755238954
BLYP 0.015 5.6 4.2046331987
BLYP 0.015 5.9 4.4334023411
BLYP 0.015 6.2 4.6618630941
BLYP 0.015 6.5 4.890053165
BLYP 0.015 6.8 5.1180094733
BLYP 0.015 7.1 5.3457497284
BLYP 0.015 7.4 5.5732836481
BLYP 0.015 7.7 5.8006422604
BLYP 0.015 8 6.0278447366
BLYP 0.015 8.3 6.2549047393
BLYP 0.015 8.6 6.4818336509
BLYP 0.015 8.9 6.7086414436
BLYP 0.015 9.2 6.9353368308
BLYP 0.015 9.5 7.1619276003
BLYP 0.015 9.8 7.3884206023
BLYP 0.015 10.1 7.614813639
BLYP 0.015 10.4 7.8411116638
BLYP 0.015 10.7 8.0673301444
BLYP 0.015 11 8.2934741762
BLYP 0.015 11.3 8.519548206
BLYP 0.015 11.6 8.7455562423
BLYP 0.015 11.9 8.9715019362
BLYP 0.015 12.2 9.1973886325
BLYP 0.015 12.5 9.4232194075
BLYP 0.015 12.8 9.6489970994
BLYP 0.015 13.1 9.8747243335
BLYP 0.015 13.4 10.1004035436
BLYP 0.015 13.7 10.3260369917
BLYP 0.015 14 10.5516267829
BLYP 0.015 14.3 10.7771748807
BLYP 0.015 14.6 11.002683119
BLYP 0.015 14.9 11.2281532138
BLYP 0.015 15.2 11.453586773
BLYP 0.015 15.5 11.6789853052
BLYP 0.015 15.8 11.904350228
BLYP 0.015 16.1 12.1296828749
BLYP 0.015 16.4 12.3549845021
BLYP 0.015 16.7 12.5802562941
BLYP 0.015 17 12.8054993689
BLYP 0.015 17.3 13.0307147834
BLYP 0.015 17.6 13.2559035368
BLYP 0.015 17.9 13.4810665755
BLYP 0.015 18.2 13.706204796
BLYP 0.015 18.5 13.9313190485
BLYP 0.015 18.8 14.1564101395
BLYP 0.015 19.1 14.3814788349
BLYP 0.015 19.4 14.6065258616
BLYP 0.015 19.7 14.8315519101
BLYP 0.015 20 15.0565576352
BLYP 0.015 20.3 15.2815436572
BLYP 0.015 20.6 15.5065105609
BLYP 0.015 20.9 15.7314588915
BLYP 0.015 21.2 15.9563891389
BLYP 0.015 21.5 16.1813016464
BLYP 0.015 21.8 16.4061905876
BLYP 0.015 22.1 16.6310629925
BLYP 0.015 22.4 16.8559194757
BLYP 0.015 22.7 17.0807605473
BLYP 0.015 23 17.3055866676
BLYP 0.015 23.3 17.5303982659
BLYP 0.015 23.6 17.7551957484
BLYP 0.015 23.9 17.9799795011
BLYP 0.015 24.2 18.2047498928
BLYP 0.015 24.5 18.4295072766
BLYP 0.015 24.8 18.654251991
BLYP 0.015 25.1 18.8789843611
BLYP 0.015 25.4 19.1037046994
BLYP 0.015 25.7 19.3284133064
BLYP 0.015 26 19.5531104718
BLYP 0.015 26.3 19.7777964744
BLYP 0.015 26.6 20.0024715832
BLYP 0.015 26.9 20.2271360575
BLYP 0.015 27.2 20.4517901478
BLYP 0.015 27.5 20.6764340959
BLYP 0.015 27.8 20.9010681355
BLYP 0.015 28.1 21.1256924926
BLYP 0.015 28.4 21.3503073855
BLYP 0.015 28.7 21.5749130259
BLYP 0.015 29 21.7995096185
BLYP 0.015 29.3 22.0240973618
BLYP 0.015 29.6 22.2486764479
BLYP 0.015 29.9 22.4732470635
BLYP 0.015 30.2 22.6978093895
BLYP 0.015 30.5 22.9223636015
BLYP 0.015 30.8 23.1469098694
BLYP 0.015 31.1 23.3714483581
BLYP 0.015 31.4 23.5959792265
BLYP 0.015 31.7 23.8205025557
BLYP 0.015 32 24.0450184694
BLYP 0.015 32.3 24.2695272157
BLYP 0.015 32.6 24.4940289394
BLYP 0.015 32.9 24.7185237801
BLYP 0.015 33.2 24.943011873
BLYP 0.015 33.5 25.1674933493
BLYP 0.015 33.8 25.3919683364
BLYP 0.015 34.1 25.6164369578
BLYP 0.015 34.4 25.840899334
BLYP 0.015 34.7 26.0653555816
BLYP 0.015 35 26.2898058146
BLYP 0.015 35.3 26.5142501433
BLYP 0.015 35.6 26.7386886754
BLYP 0.015 35.9 26.9631215156
BLYP 0.015 36.2 27.1875487659
BLYP 0.015 36.5 27.4119705255
BLYP 0.015 36.8 27.6363868911
BLYP 0.015 37.1 27.8607979569
BLYP 0.015 37.4 28.0852038147
BLYP 0.015 37.7 28.3096045539
BLYP 0.015 38 28.5340002619
BLYP 0.015 38.3 28.7583910235
BLYP 0.015 38.6 28.9827769218
BLYP 0.015 38.9 29.2071580377
BLYP 0.015 39.2 29.43153445
BLYP 0.015 39.5 29.6559062359
BLYP 0.015 39.8 29.8802734705
BLYP 0.015 40.1 30.1046362273
BLYP 0.015 40.4 30.3289945778
BLYP 0.015 40.7 30.5533485922
BLYP 0.015 41 30.7776983387
BLYP 0.015 41.3 31.0020438843
BLYP 0.015 41.6 31.2263852941
BLYP 0.015 41.9 31.450722632
BLYP 0.015 42.2 31.6750559604
BLYP 0.015 42.5 31.8993853402
BLYP 0.015 42.8 32.1237108309
BLYP 0.015 43.1 32.348032491
BLYP 0.015 43.4 32.5723503775
BLYP 0.015 43.7 32.7966645462
BLYP 0.015 44 33.0209750515
BLYP 0.015 44.3 33.2452819471
BLYP 0.015 44.6 33.4695852851
BLYP 0.015 44.9 33.6938851167
BLYP 0.015 45.2 33.9181814922
BLYP 0.015 45.5 34.1424744604
BLYP 0.015 45.8 34.3667640696
BLYP 0.015 46.1 34.5910503667
BLYP 0.015 46.4 34.8153333979
BLYP 0.015 46.7 35.0396132083
BLYP 0.015 47 35.2638898423
BLYP 0.015 47.3 35.4881633433
BLYP 0.015 47.6 35.7124337537
BLYP 0.015 47.9 35.9367011152
BLYP 0.015 48.2 36.1609654688
BLYP 0.015 48.5 36.3852268545
BLYP 0.015 48.8 36.6094853117
BLYP 0.015 49.1 36.8337408789
BLYP 0.015 49.4 37.0579935939
BLYP 0.015 49.7 37.2822434938
BLYP 0.015 50 37.5064906152
BLYP 0.015 50.3 37.7307349937
BLYP 0.015 50.6 37.9549766645
BLYP 0.015 50.9 38.179215662
BLYP 0.015 51.2 38.40345202
BLYP 0.015 51.5 38.6276857718
BLYP 0.015 51.8 38.85191695
BLYP 0.015 52.1 39.0761455868
BLYP 0.015 52.4 39.3003717135
BLYP 0.015 52.7 39.5245953612
BLYP 0.015 53 39.7488165603
BLYP 0.015 53.3 39.9730353406
BLYP 0.015 53.6 40.1972517315
BLYP 0.015 53.9 40.421465762
BLYP 0.015 54.2 40.6456774602
BLYP 0.015 54.5 40.8698868541
BLYP 0.015 54.8 41.0940939711
BLYP 0.015 55.1 41.3182988381
BLYP 0.015 55.4 41.5425014815
BLYP 0.015 55.7 41.7667019274
BLYP 0.015 56 41.9909002013
BLYP 0.015 56.3 42.2150963283
BLYP 0.015 56.6 42.4392903332
BLYP 0.015 56.9 42.6634822403
BLYP 0.015 57.2 42.8876720735
BLYP 0.015 57.5 43.1118598562
BLYP 0.015 57.8 43.3360456117
BLYP 0.015 58.1 43.5602293626
BLYP 0.015 58.4 43.7844111313
BLYP 0.015 58.7 44.0085909398
BLYP 0.015 59 44.2327688098
BLYP 0.015 59.3 44.4569447625
BLYP 0.015 59.6 44.6811188191
BLYP 0.015 59.9 44.905291
BLYP 0.015 60.2 45.1294613256
BLYP 0.015 60.5 45.3536298158
BLYP 0.015 60.8 45.5777964905
BLYP 0.015 61.1 45.8019613688
BLYP 0.015 61.4 46.02612447
BLYP 0.015 61.7 46.2502858127
BLYP 0.015 62 46.4744454155
BLYP 0.015 62.3 46.6986032966
BLYP 0.015 62.6 46.9227594739
BLYP 0.015 62.9 47.146913965
BLYP 0.015 63.2 47.3710667873
BLYP 0.015 63.5 47.5952179581
BLYP 0.015 63.8 47.8193674941
BLYP 0.015 64.1 48.0435154119
BLYP 0.015 64.4 48.267661728
BLYP 0.015 64.7 48.4918064586
BLYP 0.015 65 48.7159496194
BLYP 0.015 65.3 48.9400912262
BLYP 0.015 65.6 49.1642312944
BLYP 0.015 65.9 49.3883698392
BLYP 0.015 66.2 49.6125068757
BLYP 0.015 66.5 49.8366424186
BLYP 0.015 66.8 50.0607764825
BLYP 0.015 67.1 50.2849090818
BLYP 0.015 67.4 50.5090402306
BLYP 0.015 67.7 50.733169943
BLYP 0.015 68 50.9572982326
BLYP 0.015 68.3 51.181425113
BLYP 0.015 68.6 51.4055505977
BLYP 0.015 68.9 51.6296746999
BLYP 0.015 69.2 51.8537974326
BLYP 0.015 69.5 52.0779188086
BLYP 0.015 69.8 52.3020388405
BLYP 0.015 70.1 52.526157541
BLYP 0.015 70.4 52.7502749223
BLYP 0.015 70.7 52.9743909967
BLYP 0.015 71 53.198505776
BLYP 0.015 71.3 53.4226192721
BLYP 0.015 71.6 53.6467314968
BLYP 0.015 71.9 53.8708424615
BLYP 0.015 72.2 54.0949521777
BLYP 0.015 72.5 54.3190606565
BLYP 0.015 72.8 54.543167909
BLYP 0.015 73.1 54.7672739462
BLYP 0.015 73.4 54.9913787789
BLYP 0.015 73.7 55.2154824177
BLYP 0.015 74 55.4395848731
BLYP 0.015 74.3 55.6636861556
BLYP 0.015 74.6 55.8877862753
BLYP 0.015 74.9 56.1118852424
BLYP 0.015 75.2 56.3359830668
BLYP 0.015 75.5 56.5600797585
BLYP 0.015 75.8 56.7841753272
BLYP 0.015 76.1 57.0082697825
BLYP 0.015 76.4 57.2323631339
BLYP 0.015 76.7 57.4564553908
BLYP 0.015 77 57.6805465624
BLYP 0.015 77.3 57.9046366579
BLYP 0.015 77.6 58.1287256863
BLYP 0.015 77.9 58.3528136566
BLYP 0.015 78.2 58.5769005776
BLYP 0.015 78.5 58.800986458
BLYP 0.015 78.8 59.0250713063
BLYP 0.015 79.1 59.2491551312
BLYP 0.015 79.4 59.4732379409
BLYP 0.015 79.7 59.6973197439
BLYP 0.015 80 59.9214005482
BLYP 0.015 80.3 60.1454803621
BLYP 0.015 80.6 60.3695591935
BLYP 0.015 80.9 60.5936370504
BLYP 0.015 81.2 60.8177139406
BLYP 0.015 81.5 61.0417898718
BLYP 0.015 81.8 61.2658648517
BLYP 0.015 82.1 61.4899388878
BLYP 0.015 82.4 61.7140119878
BLYP 0.015 82.7 61.9380841588
BLYP 0.015 83 62.1621554084
BLYP 0.015 83.3 62.3862257436
BLYP 0.015 83.6 62.6102951717
BLYP 0.015 83.9 62.8343636997
BLYP 0.015 84.2 63.0584313346
BLYP 0.015 84.5 63.2824980833
BLYP 0.015 84.8 63.5065639527
BLYP 0.015 85.1 63.7306289494
BLYP 0.015 85.4 63.9546930803
BLYP 0.015 85.7 64.1787563519
BLYP 0.015 86 64.4028187707
BLYP 0.015 86.3 64.6268803432
BLYP 0.015 86.6 64.8509410758
BLYP 0.015 86.9 65.0750009748
BLYP 0.015 87.2 65.2990600464
BLYP 0.015 87.5 65.5231182969
BLYP 0.015 87.8 65.7471757323
BLYP 0.015 88.1 65.9712323588
BLYP 0.015 88.4 66.1952881822
BLYP 0.015 88.7 66.4193432086
BLYP 0.015 89 66.6433974437
BLYP 0.015 89.3 66.8674508934
BLYP 0.015 89.6 67.0915035634
BLYP 0.015 89.9 67.3155554594
BLYP 0.015 90.2 67.539606587
BLYP 0.015 90.5 67.7636569517
BLYP 0.015 90.8 67.987706559
BLYP 0.015 91.1 68.2117554144
BLYP 0.015 91.4 68.4358035233
BLYP 0.015 91.7 68.659850891
BLYP 0.015 92 68.8838975227
BLYP 0.015 92.3 69.1079434236
BLYP 0.015 92.6 69.331988599
BLYP 0.015 92.9 69.5560330539
BLYP 0.015 93.2 69.7800767934
BLYP 0.015 93.5 70.0041198225
BLYP 0.015 93.8 70.2281621462
BLYP 0.015 94.1 70.4522037693
BLYP 0.015 94.4 70.6762446968
BLYP 0.015 94.7 70.9002849333
BLYP 0.015 95 71.1243244837
BLYP 0.015 95.3 71.3483633527
BLYP 0.015 95.6 71.572401545
BLYP 0.015 95.9 71.7964390651
BLYP 0.015 96.2 72.0204759176
BLYP 0.015 96.5 72.2445121072
BLYP 0.015 96.8 72.4685476381
BLYP 0.015 97.1 72.692582515
BLYP 0.015 97.4 72.9166167421
BLYP 0.015 97.7 73.1406503238
BLYP 0.015 98 73.3646832645
BLYP 0.015 98.3 73.5887155683
BLYP 0.015 98.6 73.8127472396
BLYP 0.015 98.9 74.0367782825
BLYP 0.015 99.2 74.2608087012
BLYP 0.015 99.5 74.4848384997
BLYP 0.015 99.8 74.7088676822
BLYP 0.015 100.1 74.9328962526
BLYP 0.015 100.4 75.156924215
BLYP 0.015 100.7 75.3809515732
BLYP 0.015 101 75.6049783313
BLYP 0.015 101.3 75.829004493
BLYP 0.015 101.6 76.0530300623
BLYP 0.015 101.9 76.2770550429
BLYP 0.015 102.2 76.5010794386
BLYP 0.015 102.5 76.7251032532
BLYP 0.015 102.8 76.9491264903
BLYP 0.015 103.1 77.1731491535
BLYP 0.015 103.4 77.3971712467
BLYP 0.015 103.7 77.6211927732
BLYP 0.015 104 77.8452137367
BLYP 0.015 104.3 78.0692341408
BLYP 0.015 104.6 78.2932539889
BLYP 0.015 104.9 78.5172732845
BLYP 0.015 105.2 78.741292031
BLYP 0.015 105.5 78.9653102319
BLYP 0.015 105.8 79.1893278905
BLYP 0.015 106.1 79.4133450101
BLYP 0.015 106.4 79.6373615942
BLYP 0.015 106.7 79.8613776458
BLYP 0.015 107 80.0853931684
BLYP 0.015 107.3 80.3094081652
BLYP 0.015 107.6 80.5334226393
BLYP 0.015 107.9 80.7574365938
BLYP 0.015 108.2 80.9814500321
BLYP 0.015 108.5 81.2054629571
BLYP 0.015 108.8 81.4294753719
BLYP 0.015 109.1 81.6534872797
BLYP 0.015 109.4 81.8774986834
BLYP 0.015 109.7 82.1015095861
BLYP 0.015 110 82.3255199907
BLYP 0.015 110.3 82.5495299002
BLYP 0.015 110.6 82.7735393174
BLYP 0.015 110.9 82.9975482454
BLYP 0.015 111.2 83.221556687
BLYP 0.015 111.5 83.4455646451
BLYP 0.015 111.8 83.6695721224
BLYP 0.015 112.1 83.8935791218
BLYP 0.015 112.4 84.117585646
BLYP 0.015 112.7 84.3415916978
BLYP 0.015 113 84.56559728
BLYP 0.015 113.3 84.7896023952
BLYP 0.015 113.6 85.0136070462
BLYP 0.015 113.9 85.2376112354
BLYP 0.015 114.2 85.4616149643
BLYP 0.015 114.5 85.6856182359
BLYP 0.015 114.8 85.9096210536
BLYP 0.015 115.1 86.1336234202
BLYP 0.015 115.4 86.3576253381
BLYP 0.015 115.7 86.5816268099
BLYP 0.015 116 86.805627838
BLYP 0.015 116.3 87.0296284251
BLYP 0.015 116.6 87.2536285735
BLYP 0.015 116.9 87.4776282856
BLYP 0.015 117.2 87.701627564
BLYP 0.015 117.5 87.9256264109
BLYP 0.015 117.8 88.1496248288
BLYP 0.015 118.1 88.3736228199
BLYP 0.015 118.4 88.5976203865
BLYP 0.015 118.7 88.8216175308
BLYP 0.015 119 89.045614254
BLYP 0.015 119.3 89.2696105328
BLYP 0.015 119.6 89.4936063958
BLYP 0.015 119.9 89.7176018457
BLYP 0.015 120.2 89.9415968849
BLYP 0.015 120.5 90.1655915156
BLYP 0.015 120.8 90.3895857402
BLYP 0.015 121.1 90.6135795609
BLYP 0.015 121.4 90.8375729799
BLYP 0.015 121.7 91.0615659994
BLYP 0.015 122 91.2855586216
BLYP 0.015 122.3 91.5095508486
BLYP 0.015 122.6 91.7335426826
BLYP 0.015 122.9 91.9575341256
BLYP 0.015 123.2 92.1815251797
BLYP 0.015 123.5 92.405515847
BLYP 0.015 123.8 92.6295061296
BLYP 0.015 124.1 92.8534960295
BLYP 0.015 124.4 93.0774855487
BLYP 0.015 124.7 93.3014746892
BLYP 0.015 125 93.5254634531
BLYP 0.015 125.3 93.7494518422
BLYP 0.015 125.6 93.9734398586
BLYP 0.015 125.9 94.1974275041
BLYP 0.015 126.2 94.4214147808
BLYP 0.015 126.5 94.6454016905
BLYP 0.015 126.8 94.8693882352
BLYP 0.015 127.1 95.0933744166
BLYP 0.015 127.4 95.3173602367
BLYP 0.015 127.7 95.5413456974
BLYP 0.015 128 95.7653308004
BLYP 0.015 128.3 95.9893155477
BLYP 0.015 128.6 96.2132999409
BLYP 0.015 128.9 96.437283982
BLYP 0.015 129.2 96.6612676726
BLYP 0.015 129.5 96.8852510147
BLYP 0.015 129.8 97.1092340098
BLYP 0.015 130.1 97.3332166599
BLYP 0.015 130.4 97.5571989665
BLYP 0.015 130.7 97.7811809315
BLYP 0.015 131 98.0051625566
BLYP 0.015 131.3 98.2291438433
BLYP 0.015 131.6 98.4531247935
BLYP 0.015 131.9 98.6771054087
BLYP 0.015 132.2 98.9010856907
BLYP 0.015 132.5 99.1250656411
BLYP 0.015 132.8 99.3490452615
BLYP 0.015 133.1 99.5730245535
BLYP 0.015 133.4 99.7970035188
BLYP 0.015 133.7 100.0209821589
BLYP 0.015 134 100.2449604754
BLYP 0.015 134.3 100.4689384699
BLYP 0.015 134.6 100.692916144
BLYP 0.015 134.9 100.9168934992
BLYP 0.015 135.2 101.140870537
BLYP 0.015 135.5 101.3648472589
BLYP 0.015 135.8 101.5888236666
BLYP 0.015 136.1 101.8127997614
BLYP 0.015 136.4 102.0367755448
BLYP 0.015 136.7 102.2607510184
BLYP 0.015 137 102.4847261836
BLYP 0.015 137.3 102.7087010419
BLYP 0.015 137.6 102.9326755946
BLYP 0.015 137.9 103.1566498432
BLYP 0.015 138.2 103.3806237891
BLYP 0.015 138.5 103.6045974338
BLYP 0.015 138.8 103.8285707785
BLYP 0.015 139.1 104.0525438247
BLYP 0.015 139.4 104.2765165736
BLYP 0.015 139.7 104.5004890265
BLYP 0.015 140 104.7244611848
BLYP 0.015 140.3 104.9484330497
BLYP 0.015 140.6 105.1724046222
BLYP 0.015 140.9 105.3963759032
BLYP 0.015 141.2 105.6203468933
BLYP 0.015 141.5 105.8443175097
BLYP 0.015 141.8 106.0682878308
BLYP 0.015 142.1 106.292257866
BLYP 0.015 142.4 106.5162276172
BLYP 0.015 142.7 106.7401970859
BLYP 0.015 143 106.9641662736
BLYP 0.015 143.3 107.1881351816
BLYP 0.015 143.6 107.4121038115
BLYP 0.015 143.9 107.6360721644
BLYP 0.015 144.2 107.8600402419
BLYP 0.015 144.5 108.084008045
BLYP 0.015 144.8 108.3079755752
BLYP 0.015 145.1 108.5319428338
BLYP 0.015 145.4 108.7559098218
BLYP 0.015 145.7 108.9798765407
BLYP 0.015 146 109.2038429917
BLYP 0.015 146.3 109.4278091759
BLYP 0.015 146.6 109.6517750947
BLYP 0.015 146.9 109.8757407491
BLYP 0.015 147.2 110.0997061404
BLYP 0.015 147.5 110.3236712698
BLYP 0.015 147.8 110.5476361384
BLYP 0.015 148.1 110.7716007475
BLYP 0.015 148.4 110.9955650981
BLYP 0.015 148.7 111.2195291915
BLYP 0.015 149 111.4434930288
BLYP 0.015 149.3 111.6674566111
BLYP 0.015 149.6 111.8914199395
BLYP 0.015 149.9 112.1153830152
BLYP 0.015 150.2 112.3393458393
BLYP 0.015 150.5 112.5633084129
BLYP 0.015 150.8 112.787270737
BLYP 0.015 151.1 113.0112328128
BLYP 0.015 151.4 113.2351946414
BLYP 0.015 151.7 113.4591562237
BLYP 0.015 152 113.683117561
BLYP 0.015 152.3 113.9070786543
BLYP 0.015 152.6 114.1310395045
BLYP 0.015 152.9 114.3550001129
BLYP 0.015 153.2 114.5789604803
BLYP 0.015 153.5 114.8029206079
BLYP 0.015 153.8 115.0268804967
BLYP 0.015 154.1 115.2508401476
BLYP 0.015 154.4 115.4747995617
BLYP 0.015 154.7 115.6987587401
BLYP 0.015 155 115.9227176837
BLYP 0.015 155.3 116.1466763935
BLYP 0.015 155.6 116.3706348705
BLYP 0.015 155.9 116.5945931157
BLYP 0.015 156.2 116.8185511301
BLYP 0.015 156.5 117.0425089146
BLYP 0.015 156.8 117.2664664702
BLYP 0.015 157.1 117.4904237978
BLYP 0.015 157.4 117.7143808985
BLYP 0.015 157.7 117.9383377732
BLYP 0.015 158 118.1622944227
BLYP 0.015 158.3 118.3862508481
BLYP 0.015 158.6 118.6102070503
BLYP 0.015 158.9 118.8341630302
BLYP 0.015 159.2 119.0581187887
BLYP 0.015 159.5 119.2820743267
BLYP 0.015 159.8 119.5060296452
BLYP 0.015 160.1 119.729984745
BLYP 0.015 160.4 119.953939627
BLYP 0.015 160.7 120.1778942922
BLYP 0.015 161 120.4018487414
BLYP 0.015 161.3 120.6258029755
BLYP 0.015 161.6 120.8497569954
BLYP 0.015 161.9 121.0737108019
BLYP 0.015 162.2 121.297664396
BLYP 0.015 162.5 121.5216177784
BLYP 0.015 162.8 121.7455709501
BLYP 0.015 163.1 121.9695239118
BLYP 0.015 163.4 122.1934766644
BLYP 0.015 163.7 122.4174292089
BLYP 0.015 164 122.6413815459
BLYP 0.015 164.3 122.8653336763
BLYP 0.015 164.6 123.089285601
BLYP 0.015 164.9 123.3132373208
BLYP 0.015 165.2 123.5371888365
BLYP 0.015 165.5 123.7611401489
BLYP 0.015 165.8 123.9850912588
BLYP 0.015 166.1 124.209042167
BLYP 0.015 166.4 124.4329928744
BLYP 0.015 166.7 124.6569433816
BLYP 0.015 167 124.8808936895
BLYP 0.015 167.3 125.1048437989
BLYP 0.015 167.6 125.3287937106
BLYP 0.015 167.9 125.5527434253
BLYP 0.015 168.2 125.7766929438
BLYP 0.015 168.5 126.0006422669
BLYP 0.015 168.8 126.2245913952
BLYP 0.015 169.1 126.4485403297
BLYP 0.015 169.4 126.672489071
BLYP 0.015 169.7 126.89643762
BLYP 0.015 170 127.1203859772
BLYP 0.015 170.3 127.3443341435
BLYP 0.015 170.6 127.5682821196
BLYP 0.015 170.9 127.7922299063
BLYP 0.015 171.2 128.0161775042
BLYP 0.015 171.5 128.2401249142
BLYP 0.015 171.8 128.4640721368
BLYP 0.015 172.1 128.6880191729
BLYP 0.015 172.4 128.9119660231
BLYP 0.015 172.7 129.1359126882
BLYP 0.015 173 129.3598591688
BLYP 0.015 173.3 129.5838054656
BLYP 0.015 173.6 129.8077515795
BLYP 0.015 173.9 130.0316975109
BLYP 0.015 174.2 130.2556432607
BLYP 0.015 174.5 130.4795888295
BLYP 0.015 174.8 130.703534218
