Functional Exponent Coefficient Energy
BLYP 100 -100 -1.4999725162
BLYP 100 -99.85 -1.4942124893
BLYP 100 -99.7 -1.4884838576
BLYP 100 -99.55 -1.4827864955
BLYP 100 -99.4 -1.4771202769
BLYP 100 -99.25 -1.4714850761
BLYP 100 -99.1 -1.465880767
BLYP 100 -98.95 -1.4603072234
BLYP 100 -98.8 -1.4547643192
BLYP 100 -98.65 -1.449251928
BLYP 100 -98.5 -1.4437699238
BLYP 100 -98.35 -1.43831818
BLYP 100 -98.2 -1.4328965704
BLYP 100 -98.05 -1.4275049684
BLYP 100 -97.9 -1.4221432477
BLYP 100 -97.75 -1.4168112818
BLYP 100 -97.6 -1.4115089443
BLYP 100 -97.45 -1.4062361085
BLYP 100 -97.3 -1.400992648
BLYP 100 -97.15 -1.3957784363
BLYP 100 -97 -1.3905933468
BLYP 100 -96.85 -1.3854372531
BLYP 100 -96.7 -1.3803100287
BLYP 100 -96.55 -1.3752115471
BLYP 100 -96.4 -1.3701416819
BLYP 100 -96.25 -1.3651003067
BLYP 100 -96.1 -1.3600872951
BLYP 100 -95.95 -1.3551025208
BLYP 100 -95.8 -1.3501458575
BLYP 100 -95.65 -1.345217179
BLYP 100 -95.5 -1.3403163592
BLYP 100 -95.35 -1.3354432719
BLYP 100 -95.2 -1.3305977912
BLYP 100 -95.05 -1.325779791
BLYP 100 -94.9 -1.3209891457
BLYP 100 -94.75 -1.3162257293
BLYP 100 -94.6 -1.3114894161
BLYP 100 -94.45 -1.3067800808
BLYP 100 -94.3 -1.3020975976
BLYP 100 -94.15 -1.2974418413
BLYP 100 -94 -1.2928126867
BLYP 100 -93.85 -1.2882100085
BLYP 100 -93.7 -1.2836336819
BLYP 100 -93.55 -1.2790835819
BLYP 100 -93.4 -1.2745595838
BLYP 100 -93.25 -1.2700615629
BLYP 100 -93.1 -1.2655893949
BLYP 100 -92.95 -1.2611429555
BLYP 100 -92.8 -1.2567221204
BLYP 100 -92.65 -1.2523267658
BLYP 100 -92.5 -1.2479567678
BLYP 100 -92.35 -1.2436120028
BLYP 100 -92.2 -1.2392923472
BLYP 100 -92.05 -1.2349976779
BLYP 100 -91.9 -1.2307278716
BLYP 100 -91.75 -1.2264828056
BLYP 100 -91.6 -1.2222623571
BLYP 100 -91.45 -1.2180664035
BLYP 100 -91.3 -1.2138948226
BLYP 100 -91.15 -1.2097474923
BLYP 100 -91 -1.2056242906
BLYP 100 -90.85 -1.201525096
BLYP 100 -90.7 -1.1974497869
BLYP 100 -90.55 -1.1933982422
BLYP 100 -90.4 -1.1893703408
BLYP 100 -90.25 -1.1853659621
BLYP 100 -90.1 -1.1813849854
BLYP 100 -89.95 -1.1774272906
BLYP 100 -89.8 -1.1734927577
BLYP 100 -89.65 -1.1695812668
BLYP 100 -89.5 -1.1656926985
BLYP 100 -89.35 -1.1618269335
BLYP 100 -89.2 -1.1579838529
BLYP 100 -89.05 -1.1541633379
BLYP 100 -88.9 -1.1503652701
BLYP 100 -88.75 -1.1465895314
BLYP 100 -88.6 -1.1428360038
BLYP 100 -88.45 -1.1391045699
BLYP 100 -88.3 -1.1353951122
BLYP 100 -88.15 -1.1317075139
BLYP 100 -88 -1.1280416581
BLYP 100 -87.85 -1.1243974285
BLYP 100 -87.7 -1.120774709
BLYP 100 -87.55 -1.1171733837
BLYP 100 -87.4 -1.1135933372
BLYP 100 -87.25 -1.1100344542
BLYP 100 -87.1 -1.1064966201
BLYP 100 -86.95 -1.1029797201
BLYP 100 -86.8 -1.0994836401
BLYP 100 -86.65 -1.0960082663
BLYP 100 -86.5 -1.0925534849
BLYP 100 -86.35 -1.0891191829
BLYP 100 -86.2 -1.0857052474
BLYP 100 -86.05 -1.0823115657
BLYP 100 -85.9 -1.0789380258
BLYP 100 -85.75 -1.0755845156
BLYP 100 -85.6 -1.0722509238
BLYP 100 -85.45 -1.0689371392
BLYP 100 -85.3 -1.0656430509
BLYP 100 -85.15 -1.0623685486
BLYP 100 -85 -1.059113522
BLYP 100 -84.85 -1.0558778616
BLYP 100 -84.7 -1.0526614579
BLYP 100 -84.55 -1.0494642019
BLYP 100 -84.4 -1.0462859851
BLYP 100 -84.25 -1.0431266991
BLYP 100 -84.1 -1.0399862362
BLYP 100 -83.95 -1.0368644887
BLYP 100 -83.8 -1.0337613495
BLYP 100 -83.65 -1.030676712
BLYP 100 -83.5 -1.0276104697
BLYP 100 -83.35 -1.0245625167
BLYP 100 -83.2 -1.0215327474
BLYP 100 -83.05 -1.0185210566
BLYP 100 -82.9 -1.0155273395
BLYP 100 -82.75 -1.0125514916
BLYP 100 -82.6 -1.009593409
BLYP 100 -82.45 -1.0066529881
BLYP 100 -82.3 -1.0037301255
BLYP 100 -82.15 -1.0008247185
BLYP 100 -82 -0.9979366647
BLYP 100 -81.85 -0.9950658621
BLYP 100 -81.7 -0.992212209
BLYP 100 -81.55 -0.9893756042
BLYP 100 -81.4 -0.986555947
BLYP 100 -81.25 -0.9837531369
BLYP 100 -81.1 -0.9809670739
BLYP 100 -80.95 -0.9781976586
BLYP 100 -80.8 -0.9754447917
BLYP 100 -80.65 -0.9727083746
BLYP 100 -80.5 -0.9699883088
BLYP 100 -80.35 -0.9672844966
BLYP 100 -80.2 -0.9645968403
BLYP 100 -80.05 -0.961925243
BLYP 100 -79.9 -0.959269608
BLYP 100 -79.75 -0.956629839
BLYP 100 -79.6 -0.9540058403
BLYP 100 -79.45 -0.9513975165
BLYP 100 -79.3 -0.9488047726
BLYP 100 -79.15 -0.9462275142
BLYP 100 -79 -0.943665647
BLYP 100 -78.85 -0.9411190774
BLYP 100 -78.7 -0.9385877122
BLYP 100 -78.55 -0.9360714586
BLYP 100 -78.4 -0.933570224
BLYP 100 -78.25 -0.9310839167
BLYP 100 -78.1 -0.9286124449
BLYP 100 -77.95 -0.9261557176
BLYP 100 -77.8 -0.9237136442
BLYP 100 -77.65 -0.9212861344
BLYP 100 -77.5 -0.9188730983
BLYP 100 -77.35 -0.9164744465
BLYP 100 -77.2 -0.9140900902
BLYP 100 -77.05 -0.9117199407
BLYP 100 -76.9 -0.90936391
BLYP 100 -76.75 -0.9070219104
BLYP 100 -76.6 -0.9046938546
BLYP 100 -76.45 -0.9023796559
BLYP 100 -76.3 -0.9000792279
BLYP 100 -76.15 -0.8977924847
BLYP 100 -76 -0.8955193406
BLYP 100 -75.85 -0.8932597107
BLYP 100 -75.7 -0.8910135103
BLYP 100 -75.55 -0.8887806553
BLYP 100 -75.4 -0.8865610617
BLYP 100 -75.25 -0.8843546462
BLYP 100 -75.1 -0.882161326
BLYP 100 -74.95 -0.8799810185
BLYP 100 -74.8 -0.8778136416
BLYP 100 -74.65 -0.8756591138
BLYP 100 -74.5 -0.8735173538
BLYP 100 -74.35 -0.8713882808
BLYP 100 -74.2 -0.8692718145
BLYP 100 -74.05 -0.867167875
BLYP 100 -73.9 -0.8650763828
BLYP 100 -73.75 -0.8629972587
BLYP 100 -73.6 -0.8609304242
BLYP 100 -73.45 -0.8588758011
BLYP 100 -73.3 -0.8568333114
BLYP 100 -73.15 -0.854802878
BLYP 100 -73 -0.8527844238
BLYP 100 -72.85 -0.8507778723
BLYP 100 -72.7 -0.8487831474
BLYP 100 -72.55 -0.8468001734
BLYP 100 -72.4 -0.8448288751
BLYP 100 -72.25 -0.8428691776
BLYP 100 -72.1 -0.8409210066
BLYP 100 -71.95 -0.8389842879
BLYP 100 -71.8 -0.8370589481
BLYP 100 -71.65 -0.8351449139
BLYP 100 -71.5 -0.8332421126
BLYP 100 -71.35 -0.8313504718
BLYP 100 -71.2 -0.8294699197
BLYP 100 -71.05 -0.8276003847
BLYP 100 -70.9 -0.8257417957
BLYP 100 -70.75 -0.8238940821
BLYP 100 -70.6 -0.8220571734
BLYP 100 -70.45 -0.8202309999
BLYP 100 -70.3 -0.8184154921
BLYP 100 -70.15 -0.816610581
BLYP 100 -70 -0.8148161978
BLYP 100 -69.85 -0.8130322743
BLYP 100 -69.7 -0.8112587426
BLYP 100 -69.55 -0.8094955354
BLYP 100 -69.4 -0.8077425855
BLYP 100 -69.25 -0.8059998264
BLYP 100 -69.1 -0.8042671917
BLYP 100 -68.95 -0.8025446155
BLYP 100 -68.8 -0.8008320325
BLYP 100 -68.65 -0.7991293776
BLYP 100 -68.5 -0.797436586
BLYP 100 -68.35 -0.7957535935
BLYP 100 -68.2 -0.7940803362
BLYP 100 -68.05 -0.7924167506
BLYP 100 -67.9 -0.7907627736
BLYP 100 -67.75 -0.7891183424
BLYP 100 -67.6 -0.7874833946
BLYP 100 -67.45 -0.7858578684
BLYP 100 -67.3 -0.784241702
BLYP 100 -67.15 -0.7826348344
BLYP 100 -67 -0.7810372046
BLYP 100 -66.85 -0.7794487523
BLYP 100 -66.7 -0.7778694173
BLYP 100 -66.55 -0.77629914
BLYP 100 -66.4 -0.7747378609
BLYP 100 -66.25 -0.7731855212
BLYP 100 -66.1 -0.7716420623
BLYP 100 -65.95 -0.7701074259
BLYP 100 -65.8 -0.7685815542
BLYP 100 -65.65 -0.7670643896
BLYP 100 -65.5 -0.7655558752
BLYP 100 -65.35 -0.764055954
BLYP 100 -65.2 -0.7625645698
BLYP 100 -65.05 -0.7610816663
BLYP 100 -64.9 -0.7596071881
BLYP 100 -64.75 -0.7581410796
BLYP 100 -64.6 -0.7566832861
BLYP 100 -64.45 -0.7552337527
BLYP 100 -64.3 -0.7537924253
BLYP 100 -64.15 -0.7523592498
BLYP 100 -64 -0.7509341729
BLYP 100 -63.85 -0.7495171411
BLYP 100 -63.7 -0.7481081017
BLYP 100 -63.55 -0.746707002
BLYP 100 -63.4 -0.7453137899
BLYP 100 -63.25 -0.7439284134
BLYP 100 -63.1 -0.7425508212
BLYP 100 -62.95 -0.7411809619
BLYP 100 -62.8 -0.7398187848
BLYP 100 -62.65 -0.7384642393
BLYP 100 -62.5 -0.7371172752
BLYP 100 -62.35 -0.7357778426
BLYP 100 -62.2 -0.734445892
BLYP 100 -62.05 -0.7331213743
BLYP 100 -61.9 -0.7318042404
BLYP 100 -61.75 -0.730494442
BLYP 100 -61.6 -0.7291919306
BLYP 100 -61.45 -0.7278966585
BLYP 100 -61.3 -0.7266085779
BLYP 100 -61.15 -0.7253276417
BLYP 100 -61 -0.7240538028
BLYP 100 -60.85 -0.7227870146
BLYP 100 -60.7 -0.7215272308
BLYP 100 -60.55 -0.7202744052
BLYP 100 -60.4 -0.7190284923
BLYP 100 -60.25 -0.7177894465
BLYP 100 -60.1 -0.7165572227
BLYP 100 -59.95 -0.7153317761
BLYP 100 -59.8 -0.7141130623
BLYP 100 -59.65 -0.7129010369
BLYP 100 -59.5 -0.7116956562
BLYP 100 -59.35 -0.7104968764
BLYP 100 -59.2 -0.7093046542
BLYP 100 -59.05 -0.7081189466
BLYP 100 -58.9 -0.7069397109
BLYP 100 -58.75 -0.7057669047
BLYP 100 -58.6 -0.7046004856
BLYP 100 -58.45 -0.703440412
BLYP 100 -58.3 -0.7022866421
BLYP 100 -58.15 -0.7011391347
BLYP 100 -58 -0.6999978488
BLYP 100 -57.85 -0.6988627435
BLYP 100 -57.7 -0.6977337785
BLYP 100 -57.55 -0.6966109135
BLYP 100 -57.4 -0.6954941087
BLYP 100 -57.25 -0.6943833243
BLYP 100 -57.1 -0.693278521
BLYP 100 -56.95 -0.6921796598
BLYP 100 -56.8 -0.6910867017
BLYP 100 -56.65 -0.6899996082
BLYP 100 -56.5 -0.688918341
BLYP 100 -56.35 -0.687842862
BLYP 100 -56.2 -0.6867731336
BLYP 100 -56.05 -0.6857091181
BLYP 100 -55.9 -0.6846507783
BLYP 100 -55.75 -0.6835980772
BLYP 100 -55.6 -0.6825509781
BLYP 100 -55.45 -0.6815094444
BLYP 100 -55.3 -0.68047344
BLYP 100 -55.15 -0.6794429288
BLYP 100 -55 -0.6784178751
BLYP 100 -54.85 -0.6773982434
BLYP 100 -54.7 -0.6763839984
BLYP 100 -54.55 -0.6753751053
BLYP 100 -54.4 -0.6743715291
BLYP 100 -54.25 -0.6733732354
BLYP 100 -54.1 -0.67238019
BLYP 100 -53.95 -0.6713923587
BLYP 100 -53.8 -0.6704097078
BLYP 100 -53.65 -0.6694322037
BLYP 100 -53.5 -0.668459813
BLYP 100 -53.35 -0.6674925028
BLYP 100 -53.2 -0.66653024
BLYP 100 -53.05 -0.6655729921
BLYP 100 -52.9 -0.6646207267
BLYP 100 -52.75 -0.6636734115
BLYP 100 -52.6 -0.6627310146
BLYP 100 -52.45 -0.6617935043
BLYP 100 -52.3 -0.6608608491
BLYP 100 -52.15 -0.6599330176
BLYP 100 -52 -0.6590099788
BLYP 100 -51.85 -0.6580917019
BLYP 100 -51.7 -0.6571781561
BLYP 100 -51.55 -0.6562693111
BLYP 100 -51.4 -0.6553651366
BLYP 100 -51.25 -0.6544656026
BLYP 100 -51.1 -0.6535706794
BLYP 100 -50.95 -0.6526803374
BLYP 100 -50.8 -0.6517945472
BLYP 100 -50.65 -0.6509132795
BLYP 100 -50.5 -0.6500365056
BLYP 100 -50.35 -0.6491641965
BLYP 100 -50.2 -0.6482963238
BLYP 100 -50.05 -0.647432859
BLYP 100 -49.9 -0.6465737741
BLYP 100 -49.75 -0.645719041
BLYP 100 -49.6 -0.644868632
BLYP 100 -49.45 -0.6440225196
BLYP 100 -49.3 -0.6431806763
BLYP 100 -49.15 -0.6423430749
BLYP 100 -49 -0.6415096886
BLYP 100 -48.85 -0.6406804904
BLYP 100 -48.7 -0.6398554537
BLYP 100 -48.55 -0.6390345522
BLYP 100 -48.4 -0.6382177596
BLYP 100 -48.25 -0.6374050499
BLYP 100 -48.1 -0.6365963971
BLYP 100 -47.95 -0.6357917755
BLYP 100 -47.8 -0.6349911598
BLYP 100 -47.65 -0.6341945245
BLYP 100 -47.5 -0.6334018445
BLYP 100 -47.35 -0.6326130948
BLYP 100 -47.2 -0.6318282507
BLYP 100 -47.05 -0.6310472874
BLYP 100 -46.9 -0.6302701806
BLYP 100 -46.75 -0.629496906
BLYP 100 -46.6 -0.6287274394
BLYP 100 -46.45 -0.627961757
BLYP 100 -46.3 -0.6271998349
BLYP 100 -46.15 -0.6264416496
BLYP 100 -46 -0.6256871776
BLYP 100 -45.85 -0.6249363957
BLYP 100 -45.7 -0.6241892808
BLYP 100 -45.55 -0.6234458099
BLYP 100 -45.4 -0.6227059602
BLYP 100 -45.25 -0.6219697091
BLYP 100 -45.1 -0.6212370342
BLYP 100 -44.95 -0.6205079132
BLYP 100 -44.8 -0.6197823238
BLYP 100 -44.65 -0.6190602442
BLYP 100 -44.5 -0.6183416525
BLYP 100 -44.35 -0.6176265269
BLYP 100 -44.2 -0.6169148461
BLYP 100 -44.05 -0.6162065885
BLYP 100 -43.9 -0.615501733
BLYP 100 -43.75 -0.6148002585
BLYP 100 -43.6 -0.6141021441
BLYP 100 -43.45 -0.613407369
BLYP 100 -43.3 -0.6127159124
BLYP 100 -43.15 -0.6120277541
BLYP 100 -43 -0.6113428736
BLYP 100 -42.85 -0.6106612506
BLYP 100 -42.7 -0.6099828652
BLYP 100 -42.55 -0.6093076975
BLYP 100 -42.4 -0.6086357275
BLYP 100 -42.25 -0.6079669358
BLYP 100 -42.1 -0.6073013027
BLYP 100 -41.95 -0.606638809
BLYP 100 -41.8 -0.6059794354
BLYP 100 -41.65 -0.6053231628
BLYP 100 -41.5 -0.6046699721
BLYP 100 -41.35 -0.6040198447
BLYP 100 -41.2 -0.6033727618
BLYP 100 -41.05 -0.6027287049
BLYP 100 -40.9 -0.6020876554
BLYP 100 -40.75 -0.6014495951
BLYP 100 -40.6 -0.6008145058
BLYP 100 -40.45 -0.6001823695
BLYP 100 -40.3 -0.5995531682
BLYP 100 -40.15 -0.5989268842
BLYP 100 -40 -0.5983034997
BLYP 100 -39.85 -0.5976829971
BLYP 100 -39.7 -0.5970653592
BLYP 100 -39.55 -0.5964505685
BLYP 100 -39.4 -0.5958386078
BLYP 100 -39.25 -0.5952294602
BLYP 100 -39.1 -0.5946231086
BLYP 100 -38.95 -0.5940195362
BLYP 100 -38.8 -0.5934187263
BLYP 100 -38.65 -0.5928206623
BLYP 100 -38.5 -0.5922253278
BLYP 100 -38.35 -0.5916327062
BLYP 100 -38.2 -0.5910427815
BLYP 100 -38.05 -0.5904555375
BLYP 100 -37.9 -0.589870958
BLYP 100 -37.75 -0.5892890273
BLYP 100 -37.6 -0.5887097295
BLYP 100 -37.45 -0.5881330489
BLYP 100 -37.3 -0.5875589699
BLYP 100 -37.15 -0.586987477
BLYP 100 -37 -0.5864185549
BLYP 100 -36.85 -0.5858521883
BLYP 100 -36.7 -0.5852883621
BLYP 100 -36.55 -0.5847270611
BLYP 100 -36.4 -0.5841682704
BLYP 100 -36.25 -0.5836119753
BLYP 100 -36.1 -0.5830581608
BLYP 100 -35.95 -0.5825068125
BLYP 100 -35.8 -0.5819579157
BLYP 100 -35.65 -0.581411456
BLYP 100 -35.5 -0.5808674191
BLYP 100 -35.35 -0.5803257907
BLYP 100 -35.2 -0.5797865567
BLYP 100 -35.05 -0.579249703
BLYP 100 -34.9 -0.5787152156
BLYP 100 -34.75 -0.5781830808
BLYP 100 -34.6 -0.5776532848
BLYP 100 -34.45 -0.5771258138
BLYP 100 -34.3 -0.5766006544
BLYP 100 -34.15 -0.576077793
BLYP 100 -34 -0.5755572163
BLYP 100 -33.85 -0.5750389109
BLYP 100 -33.7 -0.5745228637
BLYP 100 -33.55 -0.5740090615
BLYP 100 -33.4 -0.5734974914
BLYP 100 -33.25 -0.5729881403
BLYP 100 -33.1 -0.5724809955
BLYP 100 -32.95 -0.5719760442
BLYP 100 -32.8 -0.5714732737
BLYP 100 -32.65 -0.5709726714
BLYP 100 -32.5 -0.5704742248
BLYP 100 -32.35 -0.5699779216
BLYP 100 -32.2 -0.5694837493
BLYP 100 -32.05 -0.5689916958
BLYP 100 -31.9 -0.5685017489
BLYP 100 -31.75 -0.5680138965
BLYP 100 -31.6 -0.5675281266
BLYP 100 -31.45 -0.5670444273
BLYP 100 -31.3 -0.5665627867
BLYP 100 -31.15 -0.5660831931
BLYP 100 -31 -0.5656056349
BLYP 100 -30.85 -0.5651301004
BLYP 100 -30.7 -0.5646565781
BLYP 100 -30.55 -0.5641850566
BLYP 100 -30.4 -0.5637155245
BLYP 100 -30.25 -0.5632479705
BLYP 100 -30.1 -0.5627823834
BLYP 100 -29.95 -0.5623187522
BLYP 100 -29.8 -0.5618570656
BLYP 100 -29.65 -0.5613973128
BLYP 100 -29.5 -0.5609394829
BLYP 100 -29.35 -0.5604835649
BLYP 100 -29.2 -0.5600295482
BLYP 100 -29.05 -0.559577422
BLYP 100 -28.9 -0.5591271758
BLYP 100 -28.75 -0.5586787989
BLYP 100 -28.6 -0.5582322809
BLYP 100 -28.45 -0.5577876114
BLYP 100 -28.3 -0.5573447801
BLYP 100 -28.15 -0.5569037766
BLYP 100 -28 -0.5564645909
BLYP 100 -27.85 -0.5560272127
BLYP 100 -27.7 -0.555591632
BLYP 100 -27.55 -0.5551578388
BLYP 100 -27.4 -0.5547258231
BLYP 100 -27.25 -0.5542955751
BLYP 100 -27.1 -0.5538670851
BLYP 100 -26.95 -0.5534403432
BLYP 100 -26.8 -0.5530153398
BLYP 100 -26.65 -0.5525920653
BLYP 100 -26.5 -0.5521705102
BLYP 100 -26.35 -0.5517506649
BLYP 100 -26.2 -0.5513325201
BLYP 100 -26.05 -0.5509160665
BLYP 100 -25.9 -0.5505012946
BLYP 100 -25.75 -0.5500881953
BLYP 100 -25.6 -0.5496767595
BLYP 100 -25.45 -0.5492669779
BLYP 100 -25.3 -0.5488588417
BLYP 100 -25.15 -0.5484523417
BLYP 100 -25 -0.5480474691
BLYP 100 -24.85 -0.5476442149
BLYP 100 -24.7 -0.5472425705
BLYP 100 -24.55 -0.5468425269
BLYP 100 -24.4 -0.5464440756
BLYP 100 -24.25 -0.5460472079
BLYP 100 -24.1 -0.5456519151
BLYP 100 -23.95 -0.5452581888
BLYP 100 -23.8 -0.5448660206
BLYP 100 -23.65 -0.5444754019
BLYP 100 -23.5 -0.5440863245
BLYP 100 -23.35 -0.54369878
BLYP 100 -23.2 -0.5433127601
BLYP 100 -23.05 -0.5429282568
BLYP 100 -22.9 -0.5425452617
BLYP 100 -22.75 -0.542163767
BLYP 100 -22.6 -0.5417837644
BLYP 100 -22.45 -0.541405246
BLYP 100 -22.3 -0.5410282039
BLYP 100 -22.15 -0.5406526303
BLYP 100 -22 -0.5402785172
BLYP 100 -21.85 -0.5399058568
BLYP 100 -21.7 -0.5395346416
BLYP 100 -21.55 -0.5391648637
BLYP 100 -21.4 -0.5387965156
BLYP 100 -21.25 -0.5384295896
BLYP 100 -21.1 -0.5380640782
BLYP 100 -20.95 -0.537699974
BLYP 100 -20.8 -0.5373372696
BLYP 100 -20.65 -0.5369759574
BLYP 100 -20.5 -0.5366160302
BLYP 100 -20.35 -0.5362574808
BLYP 100 -20.2 -0.5359003017
BLYP 100 -20.05 -0.5355444859
BLYP 100 -19.9 -0.5351900262
BLYP 100 -19.75 -0.5348369155
BLYP 100 -19.6 -0.5344851467
BLYP 100 -19.45 -0.5341347128
BLYP 100 -19.3 -0.5337856068
BLYP 100 -19.15 -0.5334378218
BLYP 100 -19 -0.5330913509
BLYP 100 -18.85 -0.5327461873
BLYP 100 -18.7 -0.5324023242
BLYP 100 -18.55 -0.5320597548
BLYP 100 -18.4 -0.5317184724
BLYP 100 -18.25 -0.5313784703
BLYP 100 -18.1 -0.531039742
BLYP 100 -17.95 -0.5307022808
BLYP 100 -17.8 -0.5303660802
BLYP 100 -17.65 -0.5300311337
BLYP 100 -17.5 -0.5296974348
BLYP 100 -17.35 -0.5293649772
BLYP 100 -17.2 -0.5290337543
BLYP 100 -17.05 -0.52870376
BLYP 100 -16.9 -0.5283749879
BLYP 100 -16.75 -0.5280474316
BLYP 100 -16.6 -0.5277210852
BLYP 100 -16.45 -0.5273959422
BLYP 100 -16.3 -0.5270719967
BLYP 100 -16.15 -0.5267492424
BLYP 100 -16 -0.5264276734
BLYP 100 -15.85 -0.5261072836
BLYP 100 -15.7 -0.5257880669
BLYP 100 -15.55 -0.5254700176
BLYP 100 -15.4 -0.5251531296
BLYP 100 -15.25 -0.5248373971
BLYP 100 -15.1 -0.5245228141
BLYP 100 -14.95 -0.5242093751
BLYP 100 -14.8 -0.523897074
BLYP 100 -14.65 -0.5235859053
BLYP 100 -14.5 -0.5232758632
BLYP 100 -14.35 -0.5229669421
BLYP 100 -14.2 -0.5226591363
BLYP 100 -14.05 -0.5223524403
BLYP 100 -13.9 -0.5220468484
BLYP 100 -13.75 -0.5217423552
BLYP 100 -13.6 -0.5214389552
BLYP 100 -13.45 -0.5211366429
BLYP 100 -13.3 -0.5208354128
BLYP 100 -13.15 -0.5205352597
BLYP 100 -13 -0.5202361782
BLYP 100 -12.85 -0.5199381629
BLYP 100 -12.7 -0.5196412085
BLYP 100 -12.55 -0.5193453098
BLYP 100 -12.4 -0.5190504616
BLYP 100 -12.25 -0.5187566586
BLYP 100 -12.1 -0.5184638958
BLYP 100 -11.95 -0.5181721679
BLYP 100 -11.8 -0.5178814699
BLYP 100 -11.65 -0.5175917967
BLYP 100 -11.5 -0.5173031433
BLYP 100 -11.35 -0.5170155047
BLYP 100 -11.2 -0.5167288758
BLYP 100 -11.05 -0.5164432518
BLYP 100 -10.9 -0.5161586278
BLYP 100 -10.75 -0.5158749988
BLYP 100 -10.6 -0.51559236
BLYP 100 -10.45 -0.5153107066
BLYP 100 -10.3 -0.5150300337
BLYP 100 -10.15 -0.5147503367
BLYP 100 -10 -0.5144716107
BLYP 100 -9.85 -0.5141938511
BLYP 100 -9.7 -0.5139170531
BLYP 100 -9.55 -0.5136412122
BLYP 100 -9.4 -0.5133663237
BLYP 100 -9.25 -0.513092383
BLYP 100 -9.1 -0.5128193855
BLYP 100 -8.95 -0.5125473267
BLYP 100 -8.8 -0.512276202
BLYP 100 -8.65 -0.5120060071
BLYP 100 -8.5 -0.5117367373
BLYP 100 -8.35 -0.5114683884
BLYP 100 -8.2 -0.5112009558
BLYP 100 -8.05 -0.5109344352
BLYP 100 -7.9 -0.5106688223
BLYP 100 -7.75 -0.5104041127
BLYP 100 -7.6 -0.510140302
BLYP 100 -7.45 -0.5098773861
BLYP 100 -7.3 -0.5096153607
BLYP 100 -7.15 -0.5093542215
BLYP 100 -7 -0.5090939644
BLYP 100 -6.85 -0.5088345851
BLYP 100 -6.7 -0.5085760795
BLYP 100 -6.55 -0.5083184435
BLYP 100 -6.4 -0.508061673
BLYP 100 -6.25 -0.5078057639
BLYP 100 -6.1 -0.5075507121
BLYP 100 -5.95 -0.5072965136
BLYP 100 -5.8 -0.5070431645
BLYP 100 -5.65 -0.5067906606
BLYP 100 -5.5 -0.5065389981
BLYP 100 -5.35 -0.506288173
BLYP 100 -5.2 -0.5060381814
BLYP 100 -5.05 -0.5057890194
BLYP 100 -4.9 -0.5055406832
BLYP 100 -4.75 -0.5052931688
BLYP 100 -4.6 -0.5050464725
BLYP 100 -4.45 -0.5048005904
BLYP 100 -4.3 -0.5045555189
BLYP 100 -4.15 -0.504311254
BLYP 100 -4 -0.5040677922
BLYP 100 -3.85 -0.5038251296
BLYP 100 -3.7 -0.5035832626
BLYP 100 -3.55 -0.5033421875
BLYP 100 -3.4 -0.5031019007
BLYP 100 -3.25 -0.5028623985
BLYP 100 -3.1 -0.5026236773
BLYP 100 -2.95 -0.5023857336
BLYP 100 -2.8 -0.5021485637
BLYP 100 -2.65 -0.5019121642
BLYP 100 -2.5 -0.5016765314
BLYP 100 -2.35 -0.5014416619
BLYP 100 -2.2 -0.5012075523
BLYP 100 -2.05 -0.5009741989
BLYP 100 -1.9 -0.5007415985
BLYP 100 -1.75 -0.5005097476
BLYP 100 -1.6 -0.5002786427
BLYP 100 -1.45 -0.5000482804
BLYP 100 -1.3 -0.4998186575
BLYP 100 -1.15 -0.4995897706
BLYP 100 -1 -0.4993616163
BLYP 100 -0.85 -0.4991341913
BLYP 100 -0.7 -0.4989074923
BLYP 100 -0.55 -0.4986815161
BLYP 100 -0.4 -0.4984562594
BLYP 100 -0.25 -0.498231719
BLYP 100 -0.1 -0.4980078917
BLYP 100 0.05 -0.4977847742
BLYP 100 0.2 -0.4975623634
BLYP 100 0.35 -0.497340656
BLYP 100 0.5 -0.4971196491
BLYP 100 0.65 -0.4968993394
BLYP 100 0.8 -0.4966797239
BLYP 100 0.95 -0.4964607993
BLYP 100 1.1 -0.4962425628
BLYP 100 1.25 -0.4960250112
BLYP 100 1.4 -0.4958081414
BLYP 100 1.55 -0.4955919505
BLYP 100 1.7 -0.4953764354
BLYP 100 1.85 -0.4951615932
BLYP 100 2 -0.4949474209
BLYP 100 2.15 -0.4947339155
BLYP 100 2.3 -0.4945210741
BLYP 100 2.45 -0.4943088937
BLYP 100 2.6 -0.4940973716
BLYP 100 2.75 -0.4938865046
BLYP 100 2.9 -0.4936762901
BLYP 100 3.05 -0.4934667252
BLYP 100 3.2 -0.4932578069
BLYP 100 3.35 -0.4930495325
BLYP 100 3.5 -0.4928418991
BLYP 100 3.65 -0.4926349041
BLYP 100 3.8 -0.4924285445
BLYP 100 3.95 -0.4922228176
BLYP 100 4.1 -0.4920177207
BLYP 100 4.25 -0.491813251
BLYP 100 4.4 -0.4916094059
BLYP 100 4.55 -0.4914061826
BLYP 100 4.7 -0.4912035784
BLYP 100 4.85 -0.4910015906
BLYP 100 5 -0.4908002167
BLYP 100 5.15 -0.4905994539
BLYP 100 5.3 -0.4903992996
BLYP 100 5.45 -0.4901997512
BLYP 100 5.6 -0.4900008062
BLYP 100 5.75 -0.4898024618
BLYP 100 5.9 -0.4896047156
BLYP 100 6.05 -0.489407565
BLYP 100 6.2 -0.4892110074
BLYP 100 6.35 -0.4890150403
BLYP 100 6.5 -0.4888196612
BLYP 100 6.65 -0.4886248676
BLYP 100 6.8 -0.4884306569
BLYP 100 6.95 -0.4882370268
BLYP 100 7.1 -0.4880439748
BLYP 100 7.25 -0.4878514983
BLYP 100 7.4 -0.4876595951
BLYP 100 7.55 -0.4874682625
BLYP 100 7.7 -0.4872774983
BLYP 100 7.85 -0.4870873001
BLYP 100 8 -0.4868976653
BLYP 100 8.15 -0.4867085918
BLYP 100 8.3 -0.4865200771
BLYP 100 8.45 -0.4863321189
BLYP 100 8.6 -0.4861447148
BLYP 100 8.75 -0.4859578625
BLYP 100 8.9 -0.4857715597
BLYP 100 9.05 -0.4855858042
BLYP 100 9.2 -0.4854005935
BLYP 100 9.35 -0.4852159256
BLYP 100 9.5 -0.485031798
BLYP 100 9.65 -0.4848482086
BLYP 100 9.8 -0.4846651551
BLYP 100 9.95 -0.4844826353
BLYP 100 10.1 -0.4843006469
BLYP 100 10.25 -0.4841191879
BLYP 100 10.4 -0.4839382559
BLYP 100 10.55 -0.4837578489
BLYP 100 10.7 -0.4835779646
BLYP 100 10.85 -0.4833986009
BLYP 100 11 -0.4832197556
BLYP 100 11.15 -0.4830414267
BLYP 100 11.3 -0.4828636119
BLYP 100 11.45 -0.4826863093
BLYP 100 11.6 -0.4825095166
BLYP 100 11.75 -0.4823332319
BLYP 100 11.9 -0.4821574529
BLYP 100 12.05 -0.4819821778
BLYP 100 12.2 -0.4818074043
BLYP 100 12.35 -0.4816331305
BLYP 100 12.5 -0.4814593544
BLYP 100 12.65 -0.4812860739
BLYP 100 12.8 -0.4811132869
BLYP 100 12.95 -0.4809409916
BLYP 100 13.1 -0.4807691859
BLYP 100 13.25 -0.4805978678
BLYP 100 13.4 -0.4804270353
BLYP 100 13.55 -0.4802566866
BLYP 100 13.7 -0.4800868196
BLYP 100 13.85 -0.4799174324
BLYP 100 14 -0.4797485232
BLYP 100 14.15 -0.4795800898
BLYP 100 14.3 -0.4794121305
BLYP 100 14.45 -0.4792446434
BLYP 100 14.6 -0.4790776266
BLYP 100 14.75 -0.4789110781
BLYP 100 14.9 -0.4787449961
BLYP 100 15.05 -0.4785793788
BLYP 100 15.2 -0.4784142243
BLYP 100 15.35 -0.4782495307
BLYP 100 15.5 -0.4780852963
BLYP 100 15.65 -0.4779215192
BLYP 100 15.8 -0.4777581976
BLYP 100 15.95 -0.4775953296
BLYP 100 16.1 -0.4774329136
BLYP 100 16.25 -0.4772709476
BLYP 100 16.4 -0.47710943
BLYP 100 16.55 -0.476948359
BLYP 100 16.7 -0.4767877327
BLYP 100 16.85 -0.4766275495
BLYP 100 17 -0.4764678076
BLYP 100 17.15 -0.4763085053
BLYP 100 17.3 -0.4761496409
BLYP 100 17.45 -0.4759912126
BLYP 100 17.6 -0.4758332187
BLYP 100 17.75 -0.4756756576
BLYP 100 17.9 -0.4755185275
BLYP 100 18.05 -0.4753618268
BLYP 100 18.2 -0.4752055538
BLYP 100 18.35 -0.4750497068
BLYP 100 18.5 -0.4748942842
BLYP 100 18.65 -0.4747392844
BLYP 100 18.8 -0.4745847056
BLYP 100 18.95 -0.4744305463
BLYP 100 19.1 -0.4742768048
BLYP 100 19.25 -0.4741234796
BLYP 100 19.4 -0.473970569
BLYP 100 19.55 -0.4738180714
BLYP 100 19.7 -0.4736659853
BLYP 100 19.85 -0.473514309
BLYP 100 20 -0.4733630409
BLYP 100 20.15 -0.4732121796
BLYP 100 20.3 -0.4730617235
BLYP 100 20.45 -0.4729116709
BLYP 100 20.6 -0.4727620204
BLYP 100 20.75 -0.4726127704
BLYP 100 20.9 -0.4724639194
BLYP 100 21.05 -0.4723154659
BLYP 100 21.2 -0.4721674083
BLYP 100 21.35 -0.4720197452
BLYP 100 21.5 -0.471872475
BLYP 100 21.65 -0.4717255963
BLYP 100 21.8 -0.4715791076
BLYP 100 21.95 -0.4714330074
BLYP 100 22.1 -0.4712872942
BLYP 100 22.25 -0.4711419666
BLYP 100 22.4 -0.4709970231
BLYP 100 22.55 -0.4708524622
BLYP 100 22.7 -0.4707082826
BLYP 100 22.85 -0.4705644827
BLYP 100 23 -0.4704210612
BLYP 100 23.15 -0.4702780167
BLYP 100 23.3 -0.4701353477
BLYP 100 23.45 -0.4699930528
BLYP 100 23.6 -0.4698511306
BLYP 100 23.75 -0.4697095797
BLYP 100 23.9 -0.4695683987
BLYP 100 24.05 -0.4694275864
BLYP 100 24.2 -0.4692871411
BLYP 100 24.35 -0.4691470617
BLYP 100 24.5 -0.4690073468
BLYP 100 24.65 -0.4688679949
BLYP 100 24.8 -0.4687290048
BLYP 100 24.95 -0.4685903751
BLYP 100 25.1 -0.4684521044
BLYP 100 25.25 -0.4683141915
BLYP 100 25.4 -0.4681766349
BLYP 100 25.55 -0.4680394335
BLYP 100 25.7 -0.4679025858
BLYP 100 25.85 -0.4677660906
BLYP 100 26 -0.4676299466
BLYP 100 26.15 -0.4674941525
BLYP 100 26.3 -0.4673587069
BLYP 100 26.45 -0.4672236087
BLYP 100 26.6 -0.4670888565
BLYP 100 26.75 -0.466954449
BLYP 100 26.9 -0.466820385
BLYP 100 27.05 -0.4666866633
BLYP 100 27.2 -0.4665532825
BLYP 100 27.35 -0.4664202414
BLYP 100 27.5 -0.4662875389
BLYP 100 27.65 -0.4661551736
BLYP 100 27.8 -0.4660231443
BLYP 100 27.95 -0.4658914498
BLYP 100 28.1 -0.4657600888
BLYP 100 28.25 -0.4656290602
BLYP 100 28.4 -0.4654983628
BLYP 100 28.55 -0.4653679953
BLYP 100 28.7 -0.4652379565
BLYP 100 28.85 -0.4651082452
BLYP 100 29 -0.4649788603
BLYP 100 29.15 -0.4648498006
BLYP 100 29.3 -0.4647210649
BLYP 100 29.45 -0.464592652
BLYP 100 29.6 -0.4644645607
BLYP 100 29.75 -0.4643367899
BLYP 100 29.9 -0.4642093384
BLYP 100 30.05 -0.4640822051
BLYP 100 30.2 -0.4639553888
BLYP 100 30.35 -0.4638288884
BLYP 100 30.5 -0.4637027027
BLYP 100 30.65 -0.4635768306
BLYP 100 30.8 -0.463451271
BLYP 100 30.95 -0.4633260227
BLYP 100 31.1 -0.4632010847
BLYP 100 31.25 -0.4630764558
BLYP 100 31.4 -0.4629521349
BLYP 100 31.55 -0.4628281209
BLYP 100 31.7 -0.4627044127
BLYP 100 31.85 -0.4625810092
BLYP 100 32 -0.4624579093
BLYP 100 32.15 -0.462335112
BLYP 100 32.3 -0.462212616
BLYP 100 32.45 -0.4620904205
BLYP 100 32.6 -0.4619685243
BLYP 100 32.75 -0.4618469263
BLYP 100 32.9 -0.4617256254
BLYP 100 33.05 -0.4616046207
BLYP 100 33.2 -0.461483911
BLYP 100 33.35 -0.4613634954
BLYP 100 33.5 -0.4612433726
BLYP 100 33.65 -0.4611235419
BLYP 100 33.8 -0.461004002
BLYP 100 33.95 -0.4608847519
BLYP 100 34.1 -0.4607657907
BLYP 100 34.25 -0.4606471173
BLYP 100 34.4 -0.4605287307
BLYP 100 34.55 -0.4604106298
BLYP 100 34.7 -0.4602928137
BLYP 100 34.85 -0.4601752813
BLYP 100 35 -0.4600580318
BLYP 100 35.15 -0.4599410639
BLYP 100 35.3 -0.4598243769
BLYP 100 35.45 -0.4597079696
BLYP 100 35.6 -0.4595918411
BLYP 100 35.75 -0.4594759904
BLYP 100 35.9 -0.4593604165
BLYP 100 36.05 -0.4592451185
BLYP 100 36.2 -0.4591300955
BLYP 100 36.35 -0.4590153463
BLYP 100 36.5 -0.4589008701
BLYP 100 36.65 -0.4587866659
BLYP 100 36.8 -0.4586727328
BLYP 100 36.95 -0.4585590698
BLYP 100 37.1 -0.458445676
BLYP 100 37.25 -0.4583325504
BLYP 100 37.4 -0.4582196922
BLYP 100 37.55 -0.4581071003
BLYP 100 37.7 -0.4579947738
BLYP 100 37.85 -0.4578827118
BLYP 100 38 -0.4577709135
BLYP 100 38.15 -0.4576593778
BLYP 100 38.3 -0.4575481039
BLYP 100 38.45 -0.4574370908
BLYP 100 38.6 -0.4573263377
BLYP 100 38.75 -0.4572158437
BLYP 100 38.9 -0.4571056078
BLYP 100 39.05 -0.4569956292
BLYP 100 39.2 -0.456885907
BLYP 100 39.35 -0.4567764402
BLYP 100 39.5 -0.4566672281
BLYP 100 39.65 -0.4565582697
BLYP 100 39.8 -0.4564495641
BLYP 100 39.95 -0.4563411105
BLYP 100 40.1 -0.4562329081
BLYP 100 40.25 -0.4561249559
BLYP 100 40.4 -0.4560172531
BLYP 100 40.55 -0.4559097988
BLYP 100 40.7 -0.4558025922
BLYP 100 40.85 -0.4556956324
BLYP 100 41 -0.4555889187
BLYP 100 41.15 -0.4554824501
BLYP 100 41.3 -0.4553762258
BLYP 100 41.45 -0.4552702449
BLYP 100 41.6 -0.4551645067
BLYP 100 41.75 -0.4550590103
BLYP 100 41.9 -0.454953755
BLYP 100 42.05 -0.4548487397
BLYP 100 42.2 -0.4547439639
BLYP 100 42.35 -0.4546394265
BLYP 100 42.5 -0.4545351269
BLYP 100 42.65 -0.4544310642
BLYP 100 42.8 -0.4543272377
BLYP 100 42.95 -0.4542236464
BLYP 100 43.1 -0.4541202896
BLYP 100 43.25 -0.4540171666
BLYP 100 43.4 -0.4539142765
BLYP 100 43.55 -0.4538116186
BLYP 100 43.7 -0.453709192
BLYP 100 43.85 -0.4536069959
BLYP 100 44 -0.4535050297
BLYP 100 44.15 -0.4534032925
BLYP 100 44.3 -0.4533017836
BLYP 100 44.45 -0.4532005021
BLYP 100 44.6 -0.4530994474
BLYP 100 44.75 -0.4529986186
BLYP 100 44.9 -0.452898015
BLYP 100 45.05 -0.4527976359
BLYP 100 45.2 -0.4526974804
BLYP 100 45.35 -0.4525975479
BLYP 100 45.5 -0.4524978377
BLYP 100 45.65 -0.4523983488
BLYP 100 45.8 -0.4522990807
BLYP 100 45.95 -0.4522000325
BLYP 100 46.1 -0.4521012036
BLYP 100 46.25 -0.4520025932
BLYP 100 46.4 -0.4519042006
BLYP 100 46.55 -0.4518060251
BLYP 100 46.7 -0.4517080659
BLYP 100 46.85 -0.4516103223
BLYP 100 47 -0.4515127936
BLYP 100 47.15 -0.4514154791
BLYP 100 47.3 -0.4513183781
BLYP 100 47.45 -0.4512214899
BLYP 100 47.6 -0.4511248138
BLYP 100 47.75 -0.451028349
BLYP 100 47.9 -0.4509320949
BLYP 100 48.05 -0.4508360508
BLYP 100 48.2 -0.4507402159
BLYP 100 48.35 -0.4506445897
BLYP 100 48.5 -0.4505491714
BLYP 100 48.65 -0.4504539603
BLYP 100 48.8 -0.4503589557
BLYP 100 48.95 -0.450264157
BLYP 100 49.1 -0.4501695635
BLYP 100 49.25 -0.4500751746
BLYP 100 49.4 -0.4499809894
BLYP 100 49.55 -0.4498870075
BLYP 100 49.7 -0.4497932281
BLYP 100 49.85 -0.4496996505
BLYP 100 50 -0.4496062742
BLYP 100 50.15 -0.4495130983
BLYP 100 50.3 -0.4494201224
BLYP 100 50.45 -0.4493273457
BLYP 100 50.6 -0.4492347676
BLYP 100 50.75 -0.4491423875
BLYP 100 50.9 -0.4490502046
BLYP 100 51.05 -0.4489582184
BLYP 100 51.2 -0.4488664282
BLYP 100 51.35 -0.4487748335
BLYP 100 51.5 -0.4486834335
BLYP 100 51.65 -0.4485922276
BLYP 100 51.8 -0.4485012152
BLYP 100 51.95 -0.4484103957
BLYP 100 52.1 -0.4483197684
BLYP 100 52.25 -0.4482293328
BLYP 100 52.4 -0.4481390882
BLYP 100 52.55 -0.448049034
BLYP 100 52.7 -0.4479591696
BLYP 100 52.85 -0.4478694944
BLYP 100 53 -0.4477800078
BLYP 100 53.15 -0.4476907091
BLYP 100 53.3 -0.4476015978
BLYP 100 53.45 -0.4475126733
BLYP 100 53.6 -0.4474239349
BLYP 100 53.75 -0.4473353822
BLYP 100 53.9 -0.4472470144
BLYP 100 54.05 -0.447158831
BLYP 100 54.2 -0.4470708314
BLYP 100 54.35 -0.4469830151
BLYP 100 54.5 -0.4468953814
BLYP 100 54.65 -0.4468079297
BLYP 100 54.8 -0.4467206596
BLYP 100 54.95 -0.4466335703
BLYP 100 55.1 -0.4465466614
BLYP 100 55.25 -0.4464599323
BLYP 100 55.4 -0.4463733823
BLYP 100 55.55 -0.446287011
BLYP 100 55.7 -0.4462008178
BLYP 100 55.85 -0.446114802
BLYP 100 56 -0.4460289632
BLYP 100 56.15 -0.4459433008
BLYP 100 56.3 -0.4458578143
BLYP 100 56.45 -0.445772503
BLYP 100 56.6 -0.4456873664
BLYP 100 56.75 -0.4456024041
BLYP 100 56.9 -0.4455176153
BLYP 100 57.05 -0.4454329997
BLYP 100 57.2 -0.4453485566
BLYP 100 57.35 -0.4452642855
BLYP 100 57.5 -0.4451801859
BLYP 100 57.65 -0.4450962573
BLYP 100 57.8 -0.445012499
BLYP 100 57.95 -0.4449289107
BLYP 100 58.1 -0.4448454916
BLYP 100 58.25 -0.4447622414
BLYP 100 58.4 -0.4446791595
BLYP 100 58.55 -0.4445962454
BLYP 100 58.7 -0.4445134986
BLYP 100 58.85 -0.4444309184
BLYP 100 59 -0.4443485045
BLYP 100 59.15 -0.4442662563
BLYP 100 59.3 -0.4441841733
BLYP 100 59.45 -0.444102255
BLYP 100 59.6 -0.4440205008
BLYP 100 59.75 -0.4439389104
BLYP 100 59.9 -0.4438574831
BLYP 100 60.05 -0.4437762184
BLYP 100 60.2 -0.443695116
BLYP 100 60.35 -0.4436141752
BLYP 100 60.5 -0.4435333956
BLYP 100 60.65 -0.4434527766
BLYP 100 60.8 -0.4433723179
BLYP 100 60.95 -0.4432920188
BLYP 100 61.1 -0.443211879
BLYP 100 61.25 -0.4431318978
BLYP 100 61.4 -0.443052075
BLYP 100 61.55 -0.4429724098
BLYP 100 61.7 -0.442892902
BLYP 100 61.85 -0.4428135509
BLYP 100 62 -0.4427343562
BLYP 100 62.15 -0.4426553173
BLYP 100 62.3 -0.4425764338
BLYP 100 62.45 -0.4424977052
BLYP 100 62.6 -0.4424191311
BLYP 100 62.75 -0.4423407109
BLYP 100 62.9 -0.4422624442
BLYP 100 63.05 -0.4421843305
BLYP 100 63.2 -0.4421063695
BLYP 100 63.35 -0.4420285605
BLYP 100 63.5 -0.4419509032
BLYP 100 63.65 -0.4418733971
BLYP 100 63.8 -0.4417960418
BLYP 100 63.95 -0.4417188367
BLYP 100 64.1 -0.4416417815
BLYP 100 64.25 -0.4415648757
BLYP 100 64.4 -0.4414881189
BLYP 100 64.55 -0.4414115105
BLYP 100 64.7 -0.4413350503
BLYP 100 64.85 -0.4412587376
BLYP 100 65 -0.4411825721
BLYP 100 65.15 -0.4411065533
BLYP 100 65.3 -0.4410306809
BLYP 100 65.45 -0.4409549543
BLYP 100 65.6 -0.4408793731
BLYP 100 65.75 -0.440803937
BLYP 100 65.9 -0.4407286454
BLYP 100 66.05 -0.440653498
BLYP 100 66.2 -0.4405784942
BLYP 100 66.35 -0.4405036338
BLYP 100 66.5 -0.4404289162
BLYP 100 66.65 -0.4403543411
BLYP 100 66.8 -0.440279908
BLYP 100 66.95 -0.4402056165
BLYP 100 67.1 -0.4401314662
BLYP 100 67.25 -0.4400574567
BLYP 100 67.4 -0.4399835875
BLYP 100 67.55 -0.4399098583
BLYP 100 67.7 -0.4398362686
BLYP 100 67.85 -0.439762818
BLYP 100 68 -0.4396895062
BLYP 100 68.15 -0.4396163327
BLYP 100 68.3 -0.4395432971
BLYP 100 68.45 -0.439470399
BLYP 100 68.6 -0.439397638
BLYP 100 68.75 -0.4393250137
BLYP 100 68.9 -0.4392525257
BLYP 100 69.05 -0.4391801736
BLYP 100 69.2 -0.439107957
BLYP 100 69.35 -0.4390358756
BLYP 100 69.5 -0.4389639289
BLYP 100 69.65 -0.4388921165
BLYP 100 69.8 -0.4388204381
BLYP 100 69.95 -0.4387488932
BLYP 100 70.1 -0.4386774816
BLYP 100 70.25 -0.4386062027
BLYP 100 70.4 -0.4385350562
BLYP 100 70.55 -0.4384640417
BLYP 100 70.7 -0.4383931589
BLYP 100 70.85 -0.4383224074
BLYP 100 71 -0.4382517867
BLYP 100 71.15 -0.4381812966
BLYP 100 71.3 -0.4381109366
BLYP 100 71.45 -0.4380407064
BLYP 100 71.6 -0.4379706056
BLYP 100 71.75 -0.4379006338
BLYP 100 71.9 -0.4378307906
BLYP 100 72.05 -0.4377610757
BLYP 100 72.2 -0.4376914888
BLYP 100 72.35 -0.4376220294
BLYP 100 72.5 -0.4375526972
BLYP 100 72.65 -0.4374834919
BLYP 100 72.8 -0.437414413
BLYP 100 72.95 -0.4373454602
BLYP 100 73.1 -0.4372766332
BLYP 100 73.25 -0.4372079316
BLYP 100 73.4 -0.437139355
BLYP 100 73.55 -0.4370709031
BLYP 100 73.7 -0.4370025755
BLYP 100 73.85 -0.436934372
BLYP 100 74 -0.436866292
BLYP 100 74.15 -0.4367983354
BLYP 100 74.3 -0.4367305016
BLYP 100 74.45 -0.4366627905
BLYP 100 74.6 -0.4365952016
BLYP 100 74.75 -0.4365277346
BLYP 100 74.9 -0.4364603892
BLYP 100 75.05 -0.436393165
BLYP 100 75.2 -0.4363260617
BLYP 100 75.35 -0.4362590789
BLYP 100 75.5 -0.4361922164
BLYP 100 75.65 -0.4361254737
BLYP 100 75.8 -0.4360588505
BLYP 100 75.95 -0.4359923465
BLYP 100 76.1 -0.4359259614
BLYP 100 76.25 -0.4358596949
BLYP 100 76.4 -0.4357935465
BLYP 100 76.55 -0.435727516
BLYP 100 76.7 -0.4356616031
BLYP 100 76.85 -0.4355958074
BLYP 100 77 -0.4355301286
BLYP 100 77.15 -0.4354645664
BLYP 100 77.3 -0.4353991204
BLYP 100 77.45 -0.4353337904
BLYP 100 77.6 -0.435268576
BLYP 100 77.75 -0.4352034768
BLYP 100 77.9 -0.4351384927
BLYP 100 78.05 -0.4350736232
BLYP 100 78.2 -0.435008868
BLYP 100 78.35 -0.4349442269
BLYP 100 78.5 -0.4348796995
BLYP 100 78.65 -0.4348152855
BLYP 100 78.8 -0.4347509846
BLYP 100 78.95 -0.4346867964
BLYP 100 79.1 -0.4346227208
BLYP 100 79.25 -0.4345587573
BLYP 100 79.4 -0.4344949056
BLYP 100 79.55 -0.4344311656
BLYP 100 79.7 -0.4343675367
BLYP 100 79.85 -0.4343040189
BLYP 100 80 -0.4342406116
BLYP 100 80.15 -0.4341773147
BLYP 100 80.3 -0.4341141279
BLYP 100 80.45 -0.4340510508
BLYP 100 80.6 -0.4339880831
BLYP 100 80.75 -0.4339252246
BLYP 100 80.9 -0.433862475
BLYP 100 81.05 -0.4337998339
BLYP 100 81.2 -0.4337373011
BLYP 100 81.35 -0.4336748762
BLYP 100 81.5 -0.4336125591
BLYP 100 81.65 -0.4335503493
BLYP 100 81.8 -0.4334882466
BLYP 100 81.95 -0.4334262508
BLYP 100 82.1 -0.4333643615
BLYP 100 82.25 -0.4333025784
BLYP 100 82.4 -0.4332409013
BLYP 100 82.55 -0.4331793298
BLYP 100 82.7 -0.4331178638
BLYP 100 82.85 -0.4330565028
BLYP 100 83 -0.4329952467
BLYP 100 83.15 -0.4329340951
BLYP 100 83.3 -0.4328730478
BLYP 100 83.45 -0.4328121045
BLYP 100 83.6 -0.4327512649
BLYP 100 83.75 -0.4326905287
BLYP 100 83.9 -0.4326298957
BLYP 100 84.05 -0.4325693656
BLYP 100 84.2 -0.4325089381
BLYP 100 84.35 -0.4324486129
BLYP 100 84.5 -0.4323883899
BLYP 100 84.65 -0.4323282686
BLYP 100 84.8 -0.4322682488
BLYP 100 84.95 -0.4322083303
BLYP 100 85.1 -0.4321485128
BLYP 100 85.25 -0.432088796
BLYP 100 85.4 -0.4320291797
BLYP 100 85.55 -0.4319696636
BLYP 100 85.7 -0.4319102474
BLYP 100 85.85 -0.4318509309
BLYP 100 86 -0.4317917138
BLYP 100 86.15 -0.4317325959
BLYP 100 86.3 -0.4316735769
BLYP 100 86.45 -0.4316146564
BLYP 100 86.6 -0.4315558344
BLYP 100 86.75 -0.4314971104
BLYP 100 86.9 -0.4314384844
BLYP 100 87.05 -0.4313799559
BLYP 100 87.2 -0.4313215248
BLYP 100 87.35 -0.4312631907
BLYP 100 87.5 -0.4312049535
BLYP 100 87.65 -0.4311468129
BLYP 100 87.8 -0.4310887687
BLYP 100 87.95 -0.4310308205
BLYP 100 88.1 -0.4309729682
BLYP 100 88.25 -0.4309152114
BLYP 100 88.4 -0.43085755
BLYP 100 88.55 -0.4307999837
BLYP 100 88.7 -0.4307425123
BLYP 100 88.85 -0.4306851354
BLYP 100 89 -0.4306278529
BLYP 100 89.15 -0.4305706646
BLYP 100 89.3 -0.4305135701
BLYP 100 89.45 -0.4304565692
BLYP 100 89.6 -0.4303996617
BLYP 100 89.75 -0.4303428474
BLYP 100 89.9 -0.430286126
BLYP 100 90.05 -0.4302294973
BLYP 100 90.2 -0.430172961
BLYP 100 90.35 -0.4301165169
BLYP 100 90.5 -0.4300601648
BLYP 100 90.65 -0.4300039044
BLYP 100 90.8 -0.4299477355
BLYP 100 90.95 -0.4298916579
BLYP 100 91.1 -0.4298356713
BLYP 100 91.25 -0.4297797754
BLYP 100 91.4 -0.4297239702
BLYP 100 91.55 -0.4296682553
BLYP 100 91.7 -0.4296126305
BLYP 100 91.85 -0.4295570956
BLYP 100 92 -0.4295016503
BLYP 100 92.15 -0.4294462944
BLYP 100 92.3 -0.4293910278
BLYP 100 92.45 -0.4293358501
BLYP 100 92.6 -0.4292807611
BLYP 100 92.75 -0.4292257607
BLYP 100 92.9 -0.4291708486
BLYP 100 93.05 -0.4291160245
BLYP 100 93.2 -0.4290612883
BLYP 100 93.35 -0.4290066398
BLYP 100 93.5 -0.4289520786
BLYP 100 93.65 -0.4288976047
BLYP 100 93.8 -0.4288432177
BLYP 100 93.95 -0.4287889174
BLYP 100 94.1 -0.4287347037
BLYP 100 94.25 -0.4286805764
BLYP 100 94.4 -0.4286265351
BLYP 100 94.55 -0.4285725797
BLYP 100 94.7 -0.42851871
BLYP 100 94.85 -0.4284649257
BLYP 100 95 -0.4284112267
BLYP 100 95.15 -0.4283576128
BLYP 100 95.3 -0.4283040836
BLYP 100 95.45 -0.4282506391
BLYP 100 95.6 -0.428197279
BLYP 100 95.75 -0.428144003
BLYP 100 95.9 -0.4280908111
BLYP 100 96.05 -0.4280377029
BLYP 100 96.2 -0.4279846783
BLYP 100 96.35 -0.427931737
BLYP 100 96.5 -0.4278788789
BLYP 100 96.65 -0.4278261038
BLYP 100 96.8 -0.4277734114
BLYP 100 96.95 -0.4277208015
BLYP 100 97.1 -0.427668274
BLYP 100 97.25 -0.4276158286
BLYP 100 97.4 -0.4275634652
BLYP 100 97.55 -0.4275111834
BLYP 100 97.7 -0.4274589832
BLYP 100 97.85 -0.4274068644
BLYP 100 98 -0.4273548266
BLYP 100 98.15 -0.4273028698
BLYP 100 98.3 -0.4272509938
BLYP 100 98.45 -0.4271991982
BLYP 100 98.6 -0.427147483
BLYP 100 98.75 -0.427095848
BLYP 100 98.9 -0.4270442929
BLYP 100 99.05 -0.4269928175
BLYP 100 99.2 -0.4269414217
BLYP 100 99.35 -0.4268901053
BLYP 100 99.5 -0.4268388681
BLYP 100 99.65 -0.4267877098
BLYP 100 99.8 -0.4267366303
BLYP 100 99.95 -0.4266856294
BLYP 100 100.1 -0.4266347069
BLYP 100 100.25 -0.4265838627
BLYP 100 100.4 -0.4265330964
BLYP 100 100.55 -0.426482408
BLYP 100 100.7 -0.4264317973
BLYP 100 100.85 -0.426381264
BLYP 100 101 -0.426330808
BLYP 100 101.15 -0.426280429
BLYP 100 101.3 -0.426230127
BLYP 100 101.45 -0.4261799017
BLYP 100 101.6 -0.426129753
BLYP 100 101.75 -0.4260796806
BLYP 100 101.9 -0.4260296843
BLYP 100 102.05 -0.4259797641
BLYP 100 102.2 -0.4259299196
BLYP 100 102.35 -0.4258801508
BLYP 100 102.5 -0.4258304574
BLYP 100 102.65 -0.4257808392
BLYP 100 102.8 -0.4257312962
BLYP 100 102.95 -0.425681828
BLYP 100 103.1 -0.4256324346
BLYP 100 103.25 -0.4255831157
BLYP 100 103.4 -0.4255338712
BLYP 100 103.55 -0.4254847009
BLYP 100 103.7 -0.4254356046
BLYP 100 103.85 -0.4253865821
BLYP 100 104 -0.4253376333
BLYP 100 104.15 -0.425288758
BLYP 100 104.3 -0.425239956
BLYP 100 104.45 -0.4251912271
BLYP 100 104.6 -0.4251425712
BLYP 100 104.75 -0.4250939882
BLYP 100 104.9 -0.4250454777
BLYP 100 105.05 -0.4249970397
BLYP 100 105.2 -0.4249486739
BLYP 100 105.35 -0.4249003803
BLYP 100 105.5 -0.4248521586
BLYP 100 105.65 -0.4248040087
BLYP 100 105.8 -0.4247559304
BLYP 100 105.95 -0.4247079235
BLYP 100 106.1 -0.4246599879
BLYP 100 106.25 -0.4246121234
BLYP 100 106.4 -0.4245643299
BLYP 100 106.55 -0.4245166071
BLYP 100 106.7 -0.4244689549
BLYP 100 106.85 -0.4244213731
BLYP 100 107 -0.4243738617
BLYP 100 107.15 -0.4243264203
BLYP 100 107.3 -0.4242790489
BLYP 100 107.45 -0.4242317472
BLYP 100 107.6 -0.4241845152
BLYP 100 107.75 -0.4241373527
BLYP 100 107.9 -0.4240902594
BLYP 100 108.05 -0.4240432353
BLYP 100 108.2 -0.4239962802
BLYP 100 108.35 -0.4239493938
BLYP 100 108.5 -0.4239025762
BLYP 100 108.65 -0.423855827
BLYP 100 108.8 -0.4238091462
BLYP 100 108.95 -0.4237625335
BLYP 100 109.1 -0.4237159889
BLYP 100 109.25 -0.4236695122
BLYP 100 109.4 -0.4236231031
BLYP 100 109.55 -0.4235767617
BLYP 100 109.7 -0.4235304876
BLYP 100 109.85 -0.4234842808
BLYP 100 110 -0.423438141
BLYP 100 110.15 -0.4233920682
BLYP 100 110.3 -0.4233460622
BLYP 100 110.45 -0.4233001228
BLYP 100 110.6 -0.4232542499
BLYP 100 110.75 -0.4232084433
BLYP 100 110.9 -0.4231627029
BLYP 100 111.05 -0.4231170285
BLYP 100 111.2 -0.42307142
BLYP 100 111.35 -0.4230258772
BLYP 100 111.5 -0.4229804
BLYP 100 111.65 -0.4229349882
BLYP 100 111.8 -0.4228896416
BLYP 100 111.95 -0.4228443602
BLYP 100 112.1 -0.4227991438
BLYP 100 112.25 -0.4227539922
BLYP 100 112.4 -0.4227089053
BLYP 100 112.55 -0.4226638829
BLYP 100 112.7 -0.422618925
BLYP 100 112.85 -0.4225740312
BLYP 100 113 -0.4225292016
BLYP 100 113.15 -0.4224844359
BLYP 100 113.3 -0.422439734
BLYP 100 113.45 -0.4223950958
BLYP 100 113.6 -0.4223505211
BLYP 100 113.75 -0.4223060098
BLYP 100 113.9 -0.4222615617
BLYP 100 114.05 -0.4222171768
BLYP 100 114.2 -0.4221728547
BLYP 100 114.35 -0.4221285955
BLYP 100 114.5 -0.422084399
BLYP 100 114.65 -0.422040265
BLYP 100 114.8 -0.4219961933
BLYP 100 114.95 -0.421952184
BLYP 100 115.1 -0.4219082367
BLYP 100 115.25 -0.4218643514
BLYP 100 115.4 -0.421820528
BLYP 100 115.55 -0.4217767662
BLYP 100 115.7 -0.421733066
BLYP 100 115.85 -0.4216894272
BLYP 100 116 -0.4216458497
BLYP 100 116.15 -0.4216023333
BLYP 100 116.3 -0.421558878
BLYP 100 116.45 -0.4215154835
BLYP 100 116.6 -0.4214721498
BLYP 100 116.75 -0.4214288767
BLYP 100 116.9 -0.421385664
BLYP 100 117.05 -0.4213425117
BLYP 100 117.2 -0.4212994196
BLYP 100 117.35 -0.4212563876
BLYP 100 117.5 -0.4212134155
BLYP 100 117.65 -0.4211705032
BLYP 100 117.8 -0.4211276506
BLYP 100 117.95 -0.4210848575
BLYP 100 118.1 -0.4210421238
BLYP 100 118.25 -0.4209994494
BLYP 100 118.4 -0.4209568342
BLYP 100 118.55 -0.420914278
BLYP 100 118.7 -0.4208717806
BLYP 100 118.85 -0.4208293421
BLYP 100 119 -0.4207869621
BLYP 100 119.15 -0.4207446407
BLYP 100 119.3 -0.4207023777
BLYP 100 119.45 -0.4206601729
BLYP 100 119.6 -0.4206180262
BLYP 100 119.75 -0.4205759375
BLYP 100 119.9 -0.4205339067
BLYP 100 120.05 -0.4204919336
BLYP 100 120.2 -0.4204500181
BLYP 100 120.35 -0.4204081601
BLYP 100 120.5 -0.4203663595
BLYP 100 120.65 -0.4203246161
BLYP 100 120.8 -0.4202829299
BLYP 100 120.95 -0.4202413006
BLYP 100 121.1 -0.4201997282
BLYP 100 121.25 -0.4201582125
BLYP 100 121.4 -0.4201167535
BLYP 100 121.55 -0.420075351
BLYP 100 121.7 -0.4200340048
BLYP 100 121.85 -0.4199927149
BLYP 100 122 -0.4199514811
BLYP 100 122.15 -0.4199103033
BLYP 100 122.3 -0.4198691815
BLYP 100 122.45 -0.4198281154
BLYP 100 122.6 -0.4197871049
BLYP 100 122.75 -0.41974615
BLYP 100 122.9 -0.4197052505
BLYP 100 123.05 -0.4196644063
BLYP 100 123.2 -0.4196236172
BLYP 100 123.35 -0.4195828832
BLYP 100 123.5 -0.4195422042
BLYP 100 123.65 -0.4195015799
BLYP 100 123.8 -0.4194610104
BLYP 100 123.95 -0.4194204954
BLYP 100 124.1 -0.419380035
BLYP 100 124.25 -0.4193396288
BLYP 100 124.4 -0.4192992769
BLYP 100 124.55 -0.4192589792
BLYP 100 124.7 -0.4192187354
BLYP 100 124.85 -0.4191785455
BLYP 100 125 -0.4191384094
BLYP 100 125.15 -0.419098327
BLYP 100 125.3 -0.4190582981
BLYP 100 125.45 -0.4190183226
BLYP 100 125.6 -0.4189784005
BLYP 100 125.75 -0.4189385315
BLYP 100 125.9 -0.4188987157
BLYP 100 126.05 -0.4188589528
BLYP 100 126.2 -0.4188192428
BLYP 100 126.35 -0.4187795856
BLYP 100 126.5 -0.418739981
BLYP 100 126.65 -0.4187004289
BLYP 100 126.8 -0.4186609293
BLYP 100 126.95 -0.418621482
BLYP 100 127.1 -0.4185820869
BLYP 100 127.25 -0.4185427438
BLYP 100 127.4 -0.4185034528
BLYP 100 127.55 -0.4184642136
BLYP 100 127.7 -0.4184250262
BLYP 100 127.85 -0.4183858905
BLYP 100 128 -0.4183468063
BLYP 100 128.15 -0.4183077735
BLYP 100 128.3 -0.4182687921
BLYP 100 128.45 -0.4182298619
BLYP 100 128.6 -0.4181909828
BLYP 100 128.75 -0.4181521548
BLYP 100 128.9 -0.4181133776
BLYP 100 129.05 -0.4180746513
BLYP 100 129.2 -0.4180359756
BLYP 100 129.35 -0.4179973505
BLYP 100 129.5 -0.4179587759
BLYP 100 129.65 -0.4179202517
BLYP 100 129.8 -0.4178817777
BLYP 100 129.95 -0.4178433539
BLYP 100 130.1 -0.4178049802
BLYP 100 130.25 -0.4177666564
BLYP 100 130.4 -0.4177283825
BLYP 100 130.55 -0.4176901584
BLYP 100 130.7 -0.4176519839
BLYP 100 130.85 -0.4176138589
BLYP 100 131 -0.4175757834
BLYP 100 131.15 -0.4175377572
BLYP 100 131.3 -0.4174997803
BLYP 100 131.45 -0.4174618525
BLYP 100 131.6 -0.4174239738
BLYP 100 131.75 -0.417386144
BLYP 100 131.9 -0.417348363
BLYP 100 132.05 -0.4173106307
BLYP 100 132.2 -0.4172729471
BLYP 100 132.35 -0.417235312
BLYP 100 132.5 -0.4171977254
BLYP 100 132.65 -0.4171601871
BLYP 100 132.8 -0.417122697
BLYP 100 132.95 -0.4170852551
BLYP 100 133.1 -0.4170478612
BLYP 100 133.25 -0.4170105153
BLYP 100 133.4 -0.4169732172
BLYP 100 133.55 -0.4169359668
BLYP 100 133.7 -0.4168987641
BLYP 100 133.85 -0.416861609
BLYP 100 134 -0.4168245013
BLYP 100 134.15 -0.4167874409
BLYP 100 134.3 -0.4167504279
BLYP 100 134.45 -0.4167134619
BLYP 100 134.6 -0.4166765431
BLYP 100 134.75 -0.4166396712
BLYP 100 134.9 -0.4166028462
BLYP 100 135.05 -0.416566068
BLYP 100 135.2 -0.4165293365
BLYP 100 135.35 -0.4164926516
BLYP 100 135.5 -0.4164560132
BLYP 100 135.65 -0.4164194212
BLYP 100 135.8 -0.4163828754
BLYP 100 135.95 -0.416346376
BLYP 100 136.1 -0.4163099226
BLYP 100 136.25 -0.4162735153
BLYP 100 136.4 -0.4162371539
BLYP 100 136.55 -0.4162008383
BLYP 100 136.7 -0.4161645686
BLYP 100 136.85 -0.4161283444
BLYP 100 137 -0.4160921659
BLYP 100 137.15 -0.4160560328
BLYP 100 137.3 -0.4160199451
BLYP 100 137.45 -0.4159839027
BLYP 100 137.6 -0.4159479056
BLYP 100 137.75 -0.4159119535
BLYP 100 137.9 -0.4158760465
BLYP 100 138.05 -0.4158401844
BLYP 100 138.2 -0.4158043671
BLYP 100 138.35 -0.4157685946
BLYP 100 138.5 -0.4157328668
BLYP 100 138.65 -0.4156971835
BLYP 100 138.8 -0.4156615448
BLYP 100 138.95 -0.4156259504
BLYP 100 139.1 -0.4155904004
BLYP 100 139.25 -0.4155548945
BLYP 100 139.4 -0.4155194329
BLYP 100 139.55 -0.4154840152
BLYP 100 139.7 -0.4154486415
BLYP 100 139.85 -0.4154133117
BLYP 100 140 -0.4153780257
BLYP 100 140.15 -0.4153427834
BLYP 100 140.3 -0.4153075847
BLYP 100 140.45 -0.4152724295
BLYP 100 140.6 -0.4152373178
BLYP 100 140.75 -0.4152022494
BLYP 100 140.9 -0.4151672243
BLYP 100 141.05 -0.4151322424
BLYP 100 141.2 -0.4150973036
BLYP 100 141.35 -0.4150624078
BLYP 100 141.5 -0.4150275549
BLYP 100 141.65 -0.4149927449
BLYP 100 141.8 -0.4149579776
BLYP 100 141.95 -0.414923253
BLYP 100 142.1 -0.414888571
BLYP 100 142.25 -0.4148539315
BLYP 100 142.4 -0.4148193345
BLYP 100 142.55 -0.4147847798
BLYP 100 142.7 -0.4147502673
BLYP 100 142.85 -0.4147157971
BLYP 100 143 -0.4146813689
BLYP 100 143.15 -0.4146469827
BLYP 100 143.3 -0.4146126385
BLYP 100 143.45 -0.4145783361
BLYP 100 143.6 -0.4145440755
BLYP 100 143.75 -0.4145098566
BLYP 100 143.9 -0.4144756793
BLYP 100 144.05 -0.4144415435
BLYP 100 144.2 -0.4144074491
BLYP 100 144.35 -0.4143733961
BLYP 100 144.5 -0.4143393844
BLYP 100 144.65 -0.4143054139
BLYP 100 144.8 -0.4142714846
BLYP 100 144.95 -0.4142375962
BLYP 100 145.1 -0.4142037489
BLYP 100 145.25 -0.4141699424
BLYP 100 145.4 -0.4141361767
BLYP 100 145.55 -0.4141024518
BLYP 100 145.7 -0.4140687675
BLYP 100 145.85 -0.4140351238
BLYP 100 146 -0.4140015205
BLYP 100 146.15 -0.4139679577
BLYP 100 146.3 -0.4139344352
BLYP 100 146.45 -0.413900953
BLYP 100 146.6 -0.4138675109
BLYP 100 146.75 -0.413834109
BLYP 100 146.9 -0.4138007471
BLYP 100 147.05 -0.4137674251
BLYP 100 147.2 -0.413734143
BLYP 100 147.35 -0.4137009007
BLYP 100 147.5 -0.4136676982
BLYP 100 147.65 -0.4136345352
BLYP 100 147.8 -0.4136014119
BLYP 100 147.95 -0.413568328
BLYP 100 148.1 -0.4135352836
BLYP 100 148.25 -0.4135022785
BLYP 100 148.4 -0.4134693126
BLYP 100 148.55 -0.413436386
BLYP 100 148.7 -0.4134034985
BLYP 100 148.85 -0.41337065
BLYP 100 149 -0.4133378405
BLYP 100 149.15 -0.4133050698
BLYP 100 149.3 -0.413272338
BLYP 100 149.45 -0.413239645
BLYP 100 149.6 -0.4132069906
BLYP 100 149.75 -0.4131743748
BLYP 100 149.9 -0.4131417976
BLYP 100 150.05 -0.4131092588
BLYP 100 150.2 -0.4130767584
BLYP 100 150.35 -0.4130442963
BLYP 100 150.5 -0.4130118724
BLYP 100 150.65 -0.4129794867
BLYP 100 150.8 -0.4129471391
BLYP 100 150.95 -0.4129148295
BLYP 100 151.1 -0.4128825579
BLYP 100 151.25 -0.4128503241
BLYP 100 151.4 -0.4128181282
BLYP 100 151.55 -0.4127859699
BLYP 100 151.7 -0.4127538494
BLYP 100 151.85 -0.4127217664
BLYP 100 152 -0.412689721
BLYP 100 152.15 -0.412657713
BLYP 100 152.3 -0.4126257424
BLYP 100 152.45 -0.4125938091
BLYP 100 152.6 -0.412561913
BLYP 100 152.75 -0.4125300541
BLYP 100 152.9 -0.4124982324
BLYP 100 153.05 -0.4124664476
BLYP 100 153.2 -0.4124346998
BLYP 100 153.35 -0.412402989
BLYP 100 153.5 -0.4123713149
BLYP 100 153.65 -0.4123396776
BLYP 100 153.8 -0.412308077
BLYP 100 153.95 -0.412276513
BLYP 100 154.1 -0.4122449855
BLYP 100 154.25 -0.4122134946
BLYP 100 154.4 -0.4121820401
BLYP 100 154.55 -0.4121506219
BLYP 100 154.7 -0.41211924
BLYP 100 154.85 -0.4120878943
BLYP 100 155 -0.4120565847
BLYP 100 155.15 -0.4120253113
BLYP 100 155.3 -0.4119940738
BLYP 100 155.45 -0.4119628723
BLYP 100 155.6 -0.4119317067
BLYP 100 155.75 -0.4119005769
BLYP 100 155.9 -0.4118694828
BLYP 100 156.05 -0.4118384245
BLYP 100 156.2 -0.4118074017
BLYP 100 156.35 -0.4117764145
BLYP 100 156.5 -0.4117454628
BLYP 100 156.65 -0.4117145465
BLYP 100 156.8 -0.4116836655
BLYP 100 156.95 -0.4116528199
BLYP 100 157.1 -0.4116220094
BLYP 100 157.25 -0.4115912342
BLYP 100 157.4 -0.411560494
BLYP 100 157.55 -0.4115297888
BLYP 100 157.7 -0.4114991187
BLYP 100 157.85 -0.4114684834
BLYP 100 158 -0.4114378829
BLYP 100 158.15 -0.4114073173
BLYP 100 158.3 -0.4113767863
BLYP 100 158.45 -0.41134629
BLYP 100 158.6 -0.4113158283
BLYP 100 158.75 -0.4112854011
BLYP 100 158.9 -0.4112550084
BLYP 100 159.05 -0.4112246501
BLYP 100 159.2 -0.4111943261
BLYP 100 159.35 -0.4111640364
BLYP 100 159.5 -0.4111337808
BLYP 100 159.65 -0.4111035595
BLYP 100 159.8 -0.4110733722
BLYP 100 159.95 -0.4110432189
BLYP 100 160.1 -0.4110130996
BLYP 100 160.25 -0.4109830142
BLYP 100 160.4 -0.4109529627
BLYP 100 160.55 -0.4109229449
BLYP 100 160.7 -0.4108929608
BLYP 100 160.85 -0.4108630104
BLYP 100 161 -0.4108330936
BLYP 100 161.15 -0.4108032103
BLYP 100 161.3 -0.4107733605
BLYP 100 161.45 -0.4107435441
BLYP 100 161.6 -0.4107137611
BLYP 100 161.75 -0.4106840113
BLYP 100 161.9 -0.4106542948
BLYP 100 162.05 -0.4106246115
BLYP 100 162.2 -0.4105949612
BLYP 100 162.35 -0.4105653441
BLYP 100 162.5 -0.4105357599
BLYP 100 162.65 -0.4105062086
BLYP 100 162.8 -0.4104766903
BLYP 100 162.95 -0.4104472047
BLYP 100 163.1 -0.4104177519
BLYP 100 163.25 -0.4103883318
BLYP 100 163.4 -0.4103589444
BLYP 100 163.55 -0.4103295895
BLYP 100 163.7 -0.4103002672
BLYP 100 163.85 -0.4102709773
BLYP 100 164 -0.4102417199
BLYP 100 164.15 -0.4102124947
BLYP 100 164.3 -0.4101833019
BLYP 100 164.45 -0.4101541413
BLYP 100 164.6 -0.4101250129
BLYP 100 164.75 -0.4100959167
BLYP 100 164.9 -0.4100668524
BLYP 100 165.05 -0.4100378202
BLYP 100 165.2 -0.41000882
BLYP 100 165.35 -0.4099798516
BLYP 100 165.5 -0.4099509151
BLYP 100 165.65 -0.4099220103
BLYP 100 165.8 -0.4098931373
BLYP 100 165.95 -0.4098642959
BLYP 100 166.1 -0.4098354862
BLYP 100 166.25 -0.409806708
BLYP 100 166.4 -0.4097779613
BLYP 100 166.55 -0.4097492461
BLYP 100 166.7 -0.4097205622
BLYP 100 166.85 -0.4096919097
BLYP 100 167 -0.4096632885
BLYP 100 167.15 -0.4096346985
BLYP 100 167.3 -0.4096061397
BLYP 100 167.45 -0.4095776119
BLYP 100 167.6 -0.4095491153
BLYP 100 167.75 -0.4095206496
BLYP 100 167.9 -0.4094922149
BLYP 100 168.05 -0.4094638111
BLYP 100 168.2 -0.4094354381
BLYP 100 168.35 -0.4094070959
BLYP 100 168.5 -0.4093787845
BLYP 100 168.65 -0.4093505037
BLYP 100 168.8 -0.4093222536
BLYP 100 168.95 -0.409294034
BLYP 100 169.1 -0.4092658449
BLYP 100 169.25 -0.4092376864
BLYP 100 169.4 -0.4092095582
BLYP 100 169.55 -0.4091814604
BLYP 100 169.7 -0.4091533929
BLYP 100 169.85 -0.4091253557
BLYP 100 170 -0.4090973486
BLYP 100 170.15 -0.4090693717
BLYP 100 170.3 -0.4090414249
BLYP 100 170.45 -0.4090135082
BLYP 100 170.6 -0.4089856214
BLYP 100 170.75 -0.4089577646
BLYP 100 170.9 -0.4089299377
BLYP 100 171.05 -0.4089021406
BLYP 100 171.2 -0.4088743733
BLYP 100 171.35 -0.4088466357
BLYP 100 171.5 -0.4088189278
BLYP 100 171.65 -0.4087912496
BLYP 100 171.8 -0.4087636009
BLYP 100 171.95 -0.4087359817
BLYP 100 172.1 -0.4087083921
BLYP 100 172.25 -0.4086808318
BLYP 100 172.4 -0.4086533009
BLYP 100 172.55 -0.4086257994
BLYP 100 172.7 -0.4085983271
BLYP 100 172.85 -0.4085708841
BLYP 100 173 -0.4085434702
BLYP 100 173.15 -0.4085160855
BLYP 100 173.3 -0.4084887298
BLYP 100 173.45 -0.4084614032
BLYP 100 173.6 -0.4084341055
BLYP 100 173.75 -0.4084068367
BLYP 100 173.9 -0.4083795969
BLYP 100 174.05 -0.4083523858
BLYP 100 174.2 -0.4083252036
BLYP 100 174.35 -0.40829805
BLYP 100 174.5 -0.4082709251
BLYP 100 174.65 -0.4082438289
BLYP 100 174.8 -0.4082167613
BLYP 100 174.95 -0.4081897221
BLYP 100 175.1 -0.4081627115
BLYP 100 175.25 -0.4081357293
BLYP 100 175.4 -0.4081087755
BLYP 100 175.55 -0.40808185
BLYP 100 175.7 -0.4080549528
BLYP 100 175.85 -0.4080280839
BLYP 100 176 -0.4080012431
BLYP 100 176.15 -0.4079744305
BLYP 100 176.3 -0.407947646
BLYP 100 176.45 -0.4079208895
BLYP 100 176.6 -0.4078941611
BLYP 100 176.75 -0.4078674606
BLYP 100 176.9 -0.407840788
BLYP 100 177.05 -0.4078141432
BLYP 100 177.2 -0.4077875263
BLYP 100 177.35 -0.4077609371
BLYP 100 177.5 -0.4077343757
BLYP 100 177.65 -0.4077078419
BLYP 100 177.8 -0.4076813358
BLYP 100 177.95 -0.4076548573
BLYP 100 178.1 -0.4076284062
BLYP 100 178.25 -0.4076019827
BLYP 100 178.4 -0.4075755866
BLYP 100 178.55 -0.4075492179
BLYP 100 178.7 -0.4075228765
BLYP 100 178.85 -0.4074965625
BLYP 100 179 -0.4074702757
BLYP 100 179.15 -0.4074440161
BLYP 100 179.3 -0.4074177837
BLYP 100 179.45 -0.4073915784
BLYP 100 179.6 -0.4073654002
BLYP 100 179.75 -0.407339249
BLYP 100 179.9 -0.4073131248
BLYP 100 180.05 -0.4072870275
BLYP 100 180.2 -0.4072609571
BLYP 100 180.35 -0.4072349136
BLYP 100 180.5 -0.4072088968
BLYP 100 180.65 -0.4071829069
BLYP 100 180.8 -0.4071569436
BLYP 100 180.95 -0.407131007
BLYP 100 181.1 -0.4071050971
BLYP 100 181.25 -0.4070792137
BLYP 100 181.4 -0.4070533569
BLYP 100 181.55 -0.4070275265
BLYP 100 181.7 -0.4070017226
BLYP 100 181.85 -0.4069759451
BLYP 100 182 -0.406950194
BLYP 100 182.15 -0.4069244692
BLYP 100 182.3 -0.4068987706
BLYP 100 182.45 -0.4068730983
BLYP 100 182.6 -0.4068474522
BLYP 100 182.75 -0.4068218322
BLYP 100 182.9 -0.4067962383
BLYP 100 183.05 -0.4067706705
BLYP 100 183.2 -0.4067451287
BLYP 100 183.35 -0.4067196129
BLYP 100 183.5 -0.406694123
BLYP 100 183.65 -0.4066686589
BLYP 100 183.8 -0.4066432208
BLYP 100 183.95 -0.4066178084
BLYP 100 184.1 -0.4065924218
BLYP 100 184.25 -0.4065670609
BLYP 100 184.4 -0.4065417256
BLYP 100 184.55 -0.406516416
BLYP 100 184.7 -0.406491132
BLYP 100 184.85 -0.4064658735
BLYP 100 185 -0.4064406406
BLYP 100 185.15 -0.4064154331
BLYP 100 185.3 -0.406390251
BLYP 100 185.45 -0.4063650943
BLYP 100 185.6 -0.406339963
BLYP 100 185.75 -0.4063148569
BLYP 100 185.9 -0.4062897761
BLYP 100 186.05 -0.4062647205
BLYP 100 186.2 -0.4062396901
BLYP 100 186.35 -0.4062146848
BLYP 100 186.5 -0.4061897046
BLYP 100 186.65 -0.4061647495
BLYP 100 186.8 -0.4061398194
BLYP 100 186.95 -0.4061149142
BLYP 100 187.1 -0.406090034
BLYP 100 187.25 -0.4060651786
BLYP 100 187.4 -0.4060403481
BLYP 100 187.55 -0.4060155424
BLYP 100 187.7 -0.4059907615
BLYP 100 187.85 -0.4059660053
BLYP 100 188 -0.4059412738
BLYP 100 188.15 -0.4059165669
BLYP 100 188.3 -0.4058918847
BLYP 100 188.45 -0.405867227
BLYP 100 188.6 -0.4058425938
BLYP 100 188.75 -0.4058179851
BLYP 100 188.9 -0.4057934009
BLYP 100 189.05 -0.4057688411
BLYP 100 189.2 -0.4057443056
BLYP 100 189.35 -0.4057197945
BLYP 100 189.5 -0.4056953076
BLYP 100 189.65 -0.4056708451
BLYP 100 189.8 -0.4056464067
BLYP 100 189.95 -0.4056219925
BLYP 100 190.1 -0.4055976024
BLYP 100 190.25 -0.4055732365
BLYP 100 190.4 -0.4055488946
BLYP 100 190.55 -0.4055245767
BLYP 100 190.7 -0.4055002827
BLYP 100 190.85 -0.4054760128
BLYP 100 191 -0.4054517667
BLYP 100 191.15 -0.4054275445
BLYP 100 191.3 -0.4054033461
BLYP 100 191.45 -0.4053791715
BLYP 100 191.6 -0.4053550207
BLYP 100 191.75 -0.4053308936
BLYP 100 191.9 -0.4053067901
BLYP 100 192.05 -0.4052827103
BLYP 100 192.2 -0.4052586541
BLYP 100 192.35 -0.4052346214
BLYP 100 192.5 -0.4052106123
BLYP 100 192.65 -0.4051866266
BLYP 100 192.8 -0.4051626644
BLYP 100 192.95 -0.4051387256
BLYP 100 193.1 -0.4051148102
BLYP 100 193.25 -0.4050909181
BLYP 100 193.4 -0.4050670494
BLYP 100 193.55 -0.4050432038
BLYP 100 193.7 -0.4050193816
BLYP 100 193.85 -0.4049955825
BLYP 100 194 -0.4049718065
BLYP 100 194.15 -0.4049480537
BLYP 100 194.3 -0.4049243239
BLYP 100 194.45 -0.4049006172
BLYP 100 194.6 -0.4048769335
BLYP 100 194.75 -0.4048532728
BLYP 100 194.9 -0.404829635
BLYP 100 195.05 -0.4048060201
BLYP 100 195.2 -0.404782428
BLYP 100 195.35 -0.4047588588
BLYP 100 195.5 -0.4047353124
BLYP 100 195.65 -0.4047117887
BLYP 100 195.8 -0.4046882878
BLYP 100 195.95 -0.4046648095
BLYP 100 196.1 -0.4046413539
BLYP 100 196.25 -0.4046179208
BLYP 100 196.4 -0.4045945104
BLYP 100 196.55 -0.4045711225
BLYP 100 196.7 -0.4045477571
BLYP 100 196.85 -0.4045244142
BLYP 100 197 -0.4045010937
BLYP 100 197.15 -0.4044777956
BLYP 100 197.3 -0.4044545198
BLYP 100 197.45 -0.4044312664
BLYP 100 197.6 -0.4044080353
BLYP 100 197.75 -0.4043848264
BLYP 100 197.9 -0.4043616398
BLYP 100 198.05 -0.4043384754
BLYP 100 198.2 -0.4043153331
BLYP 100 198.35 -0.4042922129
BLYP 100 198.5 -0.4042691148
BLYP 100 198.65 -0.4042460388
BLYP 100 198.8 -0.4042229848
BLYP 100 198.95 -0.4041999527
BLYP 100 199.1 -0.4041769427
BLYP 100 199.25 -0.4041539545
BLYP 100 199.4 -0.4041309882
BLYP 100 199.55 -0.4041080438
BLYP 100 199.7 -0.4040851211
BLYP 100 199.85 -0.4040622203
BLYP 100 200 -0.4040393412
