Functional Exponent Coefficient Energy
BLYP 5 -100 -62.5550113293
BLYP 5 -99.85 -62.4393333681
BLYP 5 -99.7 -62.3236844336
BLYP 5 -99.55 -62.2080645741
BLYP 5 -99.4 -62.0924738381
BLYP 5 -99.25 -61.9769122739
BLYP 5 -99.1 -61.8613799301
BLYP 5 -98.95 -61.7458768554
BLYP 5 -98.8 -61.6304030984
BLYP 5 -98.65 -61.5149587079
BLYP 5 -98.5 -61.3995437328
BLYP 5 -98.35 -61.284158222
BLYP 5 -98.2 -61.1688022245
BLYP 5 -98.05 -61.0534757895
BLYP 5 -97.9 -60.9381789661
BLYP 5 -97.75 -60.8229118037
BLYP 5 -97.6 -60.7076743515
BLYP 5 -97.45 -60.5924666589
BLYP 5 -97.3 -60.4772887756
BLYP 5 -97.15 -60.3621407511
BLYP 5 -97 -60.2470226351
BLYP 5 -96.85 -60.1319344773
BLYP 5 -96.7 -60.0168763277
BLYP 5 -96.55 -59.9018482361
BLYP 5 -96.4 -59.7868502526
BLYP 5 -96.25 -59.6718824274
BLYP 5 -96.1 -59.5569448105
BLYP 5 -95.95 -59.4420374523
BLYP 5 -95.8 -59.3271604032
BLYP 5 -95.65 -59.2123137136
BLYP 5 -95.5 -59.0974974342
BLYP 5 -95.35 -58.9827116154
BLYP 5 -95.2 -58.8679563082
BLYP 5 -95.05 -58.7532315632
BLYP 5 -94.9 -58.6385374315
BLYP 5 -94.75 -58.523873964
BLYP 5 -94.6 -58.4092412118
BLYP 5 -94.45 -58.2946392262
BLYP 5 -94.3 -58.1800680584
BLYP 5 -94.15 -58.0655277598
BLYP 5 -94 -57.9510183819
BLYP 5 -93.85 -57.8365399762
BLYP 5 -93.7 -57.7220925945
BLYP 5 -93.55 -57.6076762885
BLYP 5 -93.4 -57.49329111
BLYP 5 -93.25 -57.3789371111
BLYP 5 -93.1 -57.2646143438
BLYP 5 -92.95 -57.1503228603
BLYP 5 -92.8 -57.0360627127
BLYP 5 -92.65 -56.9218339536
BLYP 5 -92.5 -56.8076366353
BLYP 5 -92.35 -56.6934708105
BLYP 5 -92.2 -56.5793365318
BLYP 5 -92.05 -56.465233852
BLYP 5 -91.9 -56.351162824
BLYP 5 -91.75 -56.2371235007
BLYP 5 -91.6 -56.1231159353
BLYP 5 -91.45 -56.0091401811
BLYP 5 -91.3 -55.8951962912
BLYP 5 -91.15 -55.7812843192
BLYP 5 -91 -55.6674043186
BLYP 5 -90.85 -55.553556343
BLYP 5 -90.7 -55.4397404463
BLYP 5 -90.55 -55.3259566823
BLYP 5 -90.4 -55.212205105
BLYP 5 -90.25 -55.0984857685
BLYP 5 -90.1 -54.9847987272
BLYP 5 -89.95 -54.8711440354
BLYP 5 -89.8 -54.7575217475
BLYP 5 -89.65 -54.6439319183
BLYP 5 -89.5 -54.5303746025
BLYP 5 -89.35 -54.416849855
BLYP 5 -89.2 -54.3033577308
BLYP 5 -89.05 -54.1898982851
BLYP 5 -88.9 -54.0764715734
BLYP 5 -88.75 -53.963077651
BLYP 5 -88.6 -53.8497165737
BLYP 5 -88.45 -53.7363883973
BLYP 5 -88.3 -53.6230931779
BLYP 5 -88.15 -53.5098309719
BLYP 5 -88 -53.3966018358
BLYP 5 -87.85 -53.2834058266
BLYP 5 -87.7 -53.1702430017
BLYP 5 -87.55 -53.0571134192
BLYP 5 -87.4 -52.9440171384
BLYP 5 -87.25 -52.830954221
BLYP 5 -87.1 -52.7179247375
BLYP 5 -86.95 -52.6049292612
BLYP 5 -86.8 -52.4919674456
BLYP 5 -86.65 -52.3790392309
BLYP 5 -86.5 -52.2661446676
BLYP 5 -86.35 -52.1532838098
BLYP 5 -86.2 -52.0404567128
BLYP 5 -86.05 -51.9276634329
BLYP 5 -85.9 -51.8149040268
BLYP 5 -85.75 -51.7021785514
BLYP 5 -85.6 -51.5894870643
BLYP 5 -85.45 -51.4768296229
BLYP 5 -85.3 -51.3642062852
BLYP 5 -85.15 -51.2516171093
BLYP 5 -85 -51.1390621533
BLYP 5 -84.85 -51.0265414758
BLYP 5 -84.7 -50.9140551354
BLYP 5 -84.55 -50.8016031909
BLYP 5 -84.4 -50.6891857013
BLYP 5 -84.25 -50.5768027258
BLYP 5 -84.1 -50.4644543236
BLYP 5 -83.95 -50.3521405542
BLYP 5 -83.8 -50.2398614774
BLYP 5 -83.65 -50.127617153
BLYP 5 -83.5 -50.0154076409
BLYP 5 -83.35 -49.9032330014
BLYP 5 -83.2 -49.7910932947
BLYP 5 -83.05 -49.6789885815
BLYP 5 -82.9 -49.5669189223
BLYP 5 -82.75 -49.4548843781
BLYP 5 -82.6 -49.3428850099
BLYP 5 -82.45 -49.2309208789
BLYP 5 -82.3 -49.1189920464
BLYP 5 -82.15 -49.0070985741
BLYP 5 -82 -48.8952405237
BLYP 5 -81.85 -48.783417957
BLYP 5 -81.7 -48.6716309363
BLYP 5 -81.55 -48.5598795238
BLYP 5 -81.4 -48.448163782
BLYP 5 -81.25 -48.3364837735
BLYP 5 -81.1 -48.2248395612
BLYP 5 -80.95 -48.1132312082
BLYP 5 -80.8 -48.0016587776
BLYP 5 -80.65 -47.8901223329
BLYP 5 -80.5 -47.7786219378
BLYP 5 -80.35 -47.667157656
BLYP 5 -80.2 -47.5557295517
BLYP 5 -80.05 -47.4443376889
BLYP 5 -79.9 -47.3329821322
BLYP 5 -79.75 -47.2216629462
BLYP 5 -79.6 -47.1103801957
BLYP 5 -79.45 -46.9991339459
BLYP 5 -79.3 -46.887924262
BLYP 5 -79.15 -46.7767512096
BLYP 5 -79 -46.6656148543
BLYP 5 -78.85 -46.5545152622
BLYP 5 -78.7 -46.4434524994
BLYP 5 -78.55 -46.3324266324
BLYP 5 -78.4 -46.2214377279
BLYP 5 -78.25 -46.1104858527
BLYP 5 -78.1 -45.9995710742
BLYP 5 -77.95 -45.8886934597
BLYP 5 -77.8 -45.777853077
BLYP 5 -77.65 -45.6670499941
BLYP 5 -77.5 -45.5562842794
BLYP 5 -77.35 -45.4455560016
BLYP 5 -77.2 -45.3348652296
BLYP 5 -77.05 -45.2242120328
BLYP 5 -76.9 -45.1135964811
BLYP 5 -76.75 -45.0030186447
BLYP 5 -76.6 -44.8924785944
BLYP 5 -76.45 -44.7819764014
BLYP 5 -76.3 -44.6715121377
BLYP 5 -76.15 -44.5610858761
BLYP 5 -76 -44.4506976902
BLYP 5 -75.85 -44.3403476544
BLYP 5 -75.7 -44.2300358446
BLYP 5 -75.55 -44.1197623378
BLYP 5 -75.4 -44.009527212
BLYP 5 -75.25 -43.8993305465
BLYP 5 -75.1 -43.789172419
BLYP 5 -74.95 -43.6790529016
BLYP 5 -74.8 -43.5689720617
BLYP 5 -74.65 -43.4589299658
BLYP 5 -74.5 -43.3489266807
BLYP 5 -74.35 -43.2389622742
BLYP 5 -74.2 -43.1290368149
BLYP 5 -74.05 -43.0191503726
BLYP 5 -73.9 -42.909303018
BLYP 5 -73.75 -42.7994948226
BLYP 5 -73.6 -42.6897258589
BLYP 5 -73.45 -42.5799962001
BLYP 5 -73.3 -42.47030592
BLYP 5 -73.15 -42.3606550931
BLYP 5 -73 -42.2510437946
BLYP 5 -72.85 -42.1414721
BLYP 5 -72.7 -42.0319400854
BLYP 5 -72.55 -41.9224478274
BLYP 5 -72.4 -41.8129954032
BLYP 5 -72.25 -41.7035828902
BLYP 5 -72.1 -41.5942103663
BLYP 5 -71.95 -41.4848779098
BLYP 5 -71.8 -41.3755855997
BLYP 5 -71.65 -41.2663335149
BLYP 5 -71.5 -41.1571217351
BLYP 5 -71.35 -41.0479503403
BLYP 5 -71.2 -40.9388194108
BLYP 5 -71.05 -40.8297290273
BLYP 5 -70.9 -40.7206792711
BLYP 5 -70.75 -40.6116702237
BLYP 5 -70.6 -40.5027019671
BLYP 5 -70.45 -40.3937745836
BLYP 5 -70.3 -40.284888156
BLYP 5 -70.15 -40.1760427675
BLYP 5 -70 -40.0672385017
BLYP 5 -69.85 -39.9584754426
BLYP 5 -69.7 -39.8497536747
BLYP 5 -69.55 -39.7410732828
BLYP 5 -69.4 -39.6324343524
BLYP 5 -69.25 -39.5238369692
BLYP 5 -69.1 -39.4152812194
BLYP 5 -68.95 -39.3067671901
BLYP 5 -68.8 -39.1982949691
BLYP 5 -68.65 -39.0898646793
BLYP 5 -68.5 -38.9814763736
BLYP 5 -68.35 -38.8731301392
BLYP 5 -68.2 -38.7648260646
BLYP 5 -68.05 -38.6565642391
BLYP 5 -67.9 -38.5483447523
BLYP 5 -67.75 -38.4401676943
BLYP 5 -67.6 -38.332033156
BLYP 5 -67.45 -38.2239412285
BLYP 5 -67.3 -38.1158920035
BLYP 5 -67.15 -38.0078855734
BLYP 5 -67 -37.8999220308
BLYP 5 -66.85 -37.7920014691
BLYP 5 -66.7 -37.6841239821
BLYP 5 -66.55 -37.5762896641
BLYP 5 -66.4 -37.46849861
BLYP 5 -66.25 -37.3607509153
BLYP 5 -66.1 -37.253046676
BLYP 5 -65.95 -37.1453859886
BLYP 5 -65.8 -37.0377689504
BLYP 5 -65.65 -36.9301956589
BLYP 5 -65.5 -36.8226662126
BLYP 5 -65.35 -36.7151807104
BLYP 5 -65.2 -36.6077392518
BLYP 5 -65.05 -36.500341937
BLYP 5 -64.9 -36.3929888667
BLYP 5 -64.75 -36.2856801424
BLYP 5 -64.6 -36.1784158663
BLYP 5 -64.45 -36.0711961411
BLYP 5 -64.3 -35.9640210704
BLYP 5 -64.15 -35.8568907583
BLYP 5 -64 -35.74980531
BLYP 5 -63.85 -35.6427648312
BLYP 5 -63.7 -35.5357694286
BLYP 5 -63.55 -35.4288192101
BLYP 5 -63.4 -35.3219142845
BLYP 5 -63.25 -35.215054762
BLYP 5 -63.1 -35.108240755
BLYP 5 -62.95 -35.0014723791
BLYP 5 -62.8 -34.8947497582
BLYP 5 -62.65 -34.7880733375
BLYP 5 -62.5 -34.6814434972
BLYP 5 -62.35 -34.5748597693
BLYP 5 -62.2 -34.4683222482
BLYP 5 -62.05 -34.3618310398
BLYP 5 -61.9 -34.2553862544
BLYP 5 -61.75 -34.1489880042
BLYP 5 -61.6 -34.0426364032
BLYP 5 -61.45 -33.9363315666
BLYP 5 -61.3 -33.8300736106
BLYP 5 -61.15 -33.7238626527
BLYP 5 -61 -33.6176988111
BLYP 5 -60.85 -33.5115822052
BLYP 5 -60.7 -33.4055129551
BLYP 5 -60.55 -33.2994911819
BLYP 5 -60.4 -33.1935170077
BLYP 5 -60.25 -33.0875905555
BLYP 5 -60.1 -32.9817119491
BLYP 5 -59.95 -32.8758813133
BLYP 5 -59.8 -32.7700987739
BLYP 5 -59.65 -32.6643644575
BLYP 5 -59.5 -32.5586784917
BLYP 5 -59.35 -32.4530410052
BLYP 5 -59.2 -32.3474521275
BLYP 5 -59.05 -32.241911989
BLYP 5 -58.9 -32.1364207213
BLYP 5 -58.75 -32.0309784568
BLYP 5 -58.6 -31.925585329
BLYP 5 -58.45 -31.8202414725
BLYP 5 -58.3 -31.7149470228
BLYP 5 -58.15 -31.6097021165
BLYP 5 -58 -31.5045068912
BLYP 5 -57.85 -31.3993614856
BLYP 5 -57.7 -31.2942660396
BLYP 5 -57.55 -31.189220694
BLYP 5 -57.4 -31.0842255908
BLYP 5 -57.25 -30.9792808731
BLYP 5 -57.1 -30.8743866852
BLYP 5 -56.95 -30.7695431725
BLYP 5 -56.8 -30.6647504815
BLYP 5 -56.65 -30.5600087601
BLYP 5 -56.5 -30.4553181572
BLYP 5 -56.35 -30.3506788231
BLYP 5 -56.2 -30.246090909
BLYP 5 -56.05 -30.1415545677
BLYP 5 -55.9 -30.0370699532
BLYP 5 -55.75 -29.9326372206
BLYP 5 -55.6 -29.8282565267
BLYP 5 -55.45 -29.7239280292
BLYP 5 -55.3 -29.6196518876
BLYP 5 -55.15 -29.5154282625
BLYP 5 -55 -29.4112573161
BLYP 5 -54.85 -29.3071392122
BLYP 5 -54.7 -29.2030741161
BLYP 5 -54.55 -29.0990621949
BLYP 5 -54.4 -28.9951036176
BLYP 5 -54.25 -28.891198556
BLYP 5 -54.1 -28.7873471856
BLYP 5 -53.95 -28.6835496923
BLYP 5 -53.8 -28.5798066338
BLYP 5 -53.65 -28.4761179409
BLYP 5 -53.5 -28.3724836563
BLYP 5 -53.35 -28.26890395
BLYP 5 -53.2 -28.1653789961
BLYP 5 -53.05 -28.0619089722
BLYP 5 -52.9 -27.9584942008
BLYP 5 -52.75 -27.8551347039
BLYP 5 -52.6 -27.7518306708
BLYP 5 -52.45 -27.6485822926
BLYP 5 -52.3 -27.5453897734
BLYP 5 -52.15 -27.4422533793
BLYP 5 -52 -27.3391732136
BLYP 5 -51.85 -27.236149467
BLYP 5 -51.7 -27.1331823345
BLYP 5 -51.55 -27.0302720136
BLYP 5 -51.4 -26.9274187052
BLYP 5 -51.25 -26.8246226105
BLYP 5 -51.1 -26.721883933
BLYP 5 -50.95 -26.6192028816
BLYP 5 -50.8 -26.5165797324
BLYP 5 -50.65 -26.4140146424
BLYP 5 -50.5 -26.3115078174
BLYP 5 -50.35 -26.2090594713
BLYP 5 -50.2 -26.1066698215
BLYP 5 -50.05 -26.0043390891
BLYP 5 -49.9 -25.9020674997
BLYP 5 -49.75 -25.7998552846
BLYP 5 -49.6 -25.6977026768
BLYP 5 -49.45 -25.5956098983
BLYP 5 -49.3 -25.4935771666
BLYP 5 -49.15 -25.3916047036
BLYP 5 -49 -25.2896927363
BLYP 5 -48.85 -25.1878414957
BLYP 5 -48.7 -25.0860512165
BLYP 5 -48.55 -24.9843221364
BLYP 5 -48.4 -24.8826544962
BLYP 5 -48.25 -24.7810485389
BLYP 5 -48.1 -24.6795045106
BLYP 5 -47.95 -24.5780226597
BLYP 5 -47.8 -24.4766032371
BLYP 5 -47.65 -24.3752464961
BLYP 5 -47.5 -24.2739526927
BLYP 5 -47.35 -24.1727220851
BLYP 5 -47.2 -24.071554934
BLYP 5 -47.05 -23.9704515022
BLYP 5 -46.9 -23.8694120546
BLYP 5 -46.75 -23.7684368574
BLYP 5 -46.6 -23.6675261769
BLYP 5 -46.45 -23.5666802847
BLYP 5 -46.3 -23.46589969
BLYP 5 -46.15 -23.3651846717
BLYP 5 -46 -23.2645353146
BLYP 5 -45.85 -23.1639519065
BLYP 5 -45.7 -23.0634347405
BLYP 5 -45.55 -22.9629841117
BLYP 5 -45.4 -22.8626003189
BLYP 5 -45.25 -22.7622836688
BLYP 5 -45.1 -22.662034492
BLYP 5 -44.95 -22.5618531891
BLYP 5 -44.8 -22.4617401027
BLYP 5 -44.65 -22.3616954386
BLYP 5 -44.5 -22.2617194938
BLYP 5 -44.35 -22.1618127628
BLYP 5 -44.2 -22.0619756625
BLYP 5 -44.05 -21.9622082817
BLYP 5 -43.9 -21.8625109085
BLYP 5 -43.75 -21.7628838741
BLYP 5 -43.6 -21.6633275183
BLYP 5 -43.45 -21.5638421847
BLYP 5 -43.3 -21.4644282205
BLYP 5 -43.15 -21.3650859762
BLYP 5 -43 -21.2658158062
BLYP 5 -42.85 -21.1666180683
BLYP 5 -42.7 -21.0674931243
BLYP 5 -42.55 -20.9684413398
BLYP 5 -42.4 -20.8694630845
BLYP 5 -42.25 -20.7705587321
BLYP 5 -42.1 -20.6717286604
BLYP 5 -41.95 -20.5729732514
BLYP 5 -41.8 -20.4742928915
BLYP 5 -41.65 -20.3756879712
BLYP 5 -41.5 -20.2771588857
BLYP 5 -41.35 -20.1787060344
BLYP 5 -41.2 -20.0803298213
BLYP 5 -41.05 -19.9820306551
BLYP 5 -40.9 -19.8838089491
BLYP 5 -40.75 -19.7856651212
BLYP 5 -40.6 -19.6875995943
BLYP 5 -40.45 -19.5896127961
BLYP 5 -40.3 -19.491705159
BLYP 5 -40.15 -19.3938771206
BLYP 5 -40 -19.2961291237
BLYP 5 -39.85 -19.198461616
BLYP 5 -39.7 -19.1008750505
BLYP 5 -39.55 -19.0033698855
BLYP 5 -39.4 -18.9059465846
BLYP 5 -39.25 -18.8086056167
BLYP 5 -39.1 -18.7113474566
BLYP 5 -38.95 -18.6141725844
BLYP 5 -38.8 -18.5170814858
BLYP 5 -38.65 -18.4200746524
BLYP 5 -38.5 -18.3231525815
BLYP 5 -38.35 -18.2263157764
BLYP 5 -38.2 -18.1295647464
BLYP 5 -38.05 -18.0329000068
BLYP 5 -37.9 -17.936322079
BLYP 5 -37.75 -17.8398314906
BLYP 5 -37.6 -17.7434287758
BLYP 5 -37.45 -17.647114475
BLYP 5 -37.3 -17.550889135
BLYP 5 -37.15 -17.4547533094
BLYP 5 -37 -17.3587075585
BLYP 5 -36.85 -17.2627524491
BLYP 5 -36.7 -17.1668885552
BLYP 5 -36.55 -17.0711164575
BLYP 5 -36.4 -16.975436744
BLYP 5 -36.25 -16.8798500096
BLYP 5 -36.1 -16.7843568568
BLYP 5 -35.95 -16.6889578952
BLYP 5 -35.8 -16.5936537419
BLYP 5 -35.65 -16.4984450217
BLYP 5 -35.5 -16.4033323669
BLYP 5 -35.35 -16.3083164179
BLYP 5 -35.2 -16.213397823
BLYP 5 -35.05 -16.1185772419
BLYP 5 -34.9 -16.0238553357
BLYP 5 -34.75 -15.9292327756
BLYP 5 -34.6 -15.8347102426
BLYP 5 -34.45 -15.7402884258
BLYP 5 -34.3 -15.6459680233
BLYP 5 -34.15 -15.5517497417
BLYP 5 -34 -15.4576342964
BLYP 5 -33.85 -15.3636224118
BLYP 5 -33.7 -15.2697148214
BLYP 5 -33.55 -15.1759122678
BLYP 5 -33.4 -15.0822155049
BLYP 5 -33.25 -14.9886252939
BLYP 5 -33.1 -14.8951424039
BLYP 5 -32.95 -14.8017676153
BLYP 5 -32.8 -14.708501724
BLYP 5 -32.65 -14.615345526
BLYP 5 -32.5 -14.5222998315
BLYP 5 -32.35 -14.4293654617
BLYP 5 -32.2 -14.3365432483
BLYP 5 -32.05 -14.2438340334
BLYP 5 -31.9 -14.1512386704
BLYP 5 -31.75 -14.0587580225
BLYP 5 -31.6 -13.9663929668
BLYP 5 -31.45 -13.8741443906
BLYP 5 -31.3 -13.7820131881
BLYP 5 -31.15 -13.6900002684
BLYP 5 -31 -13.5981065521
BLYP 5 -30.85 -13.5063329726
BLYP 5 -30.7 -13.4146804732
BLYP 5 -30.55 -13.3231500107
BLYP 5 -30.4 -13.2317425552
BLYP 5 -30.25 -13.1404590896
BLYP 5 -30.1 -13.0493006062
BLYP 5 -29.95 -12.9582681125
BLYP 5 -29.8 -12.867362629
BLYP 5 -29.65 -12.7765851943
BLYP 5 -29.5 -12.68593685
BLYP 5 -29.35 -12.5954186564
BLYP 5 -29.2 -12.5050316883
BLYP 5 -29.05 -12.4147770402
BLYP 5 -28.9 -12.3246558096
BLYP 5 -28.75 -12.2346691126
BLYP 5 -28.6 -12.144818081
BLYP 5 -28.45 -12.0551038616
BLYP 5 -28.3 -11.965527616
BLYP 5 -28.15 -11.8760905211
BLYP 5 -28 -11.7867937695
BLYP 5 -27.85 -11.6976385693
BLYP 5 -27.7 -11.6086261446
BLYP 5 -27.55 -11.5197577356
BLYP 5 -27.4 -11.4310345994
BLYP 5 -27.25 -11.3424580123
BLYP 5 -27.1 -11.2540292627
BLYP 5 -26.95 -11.165749657
BLYP 5 -26.8 -11.07762052
BLYP 5 -26.65 -10.9896431941
BLYP 5 -26.5 -10.9018190396
BLYP 5 -26.35 -10.814149435
BLYP 5 -26.2 -10.726635777
BLYP 5 -26.05 -10.6392794813
BLYP 5 -25.9 -10.5520819824
BLYP 5 -25.75 -10.465044738
BLYP 5 -25.6 -10.3781692178
BLYP 5 -25.45 -10.2914569145
BLYP 5 -25.3 -10.2049093413
BLYP 5 -25.15 -10.1185280317
BLYP 5 -25 -10.03231454
BLYP 5 -24.85 -9.9462704413
BLYP 5 -24.7 -9.8603973323
BLYP 5 -24.55 -9.7746968314
BLYP 5 -24.4 -9.6891705787
BLYP 5 -24.25 -9.6038202391
BLYP 5 -24.1 -9.5186475045
BLYP 5 -23.95 -9.4336540758
BLYP 5 -23.8 -9.3488416845
BLYP 5 -23.65 -9.2642120859
BLYP 5 -23.5 -9.1797670595
BLYP 5 -23.35 -9.0955084094
BLYP 5 -23.2 -9.0114379676
BLYP 5 -23.05 -8.9275575851
BLYP 5 -22.9 -8.8438691412
BLYP 5 -22.75 -8.7603745413
BLYP 5 -22.6 -8.6770757176
BLYP 5 -22.45 -8.5939746291
BLYP 5 -22.3 -8.511073262
BLYP 5 -22.15 -8.4283736306
BLYP 5 -22 -8.3458777769
BLYP 5 -21.85 -8.2635877721
BLYP 5 -21.7 -8.1815057162
BLYP 5 -21.55 -8.0996337387
BLYP 5 -21.4 -8.0179739987
BLYP 5 -21.25 -7.9365287012
BLYP 5 -21.1 -7.8553000636
BLYP 5 -20.95 -7.7742903353
BLYP 5 -20.8 -7.6935018036
BLYP 5 -20.65 -7.6129367942
BLYP 5 -20.5 -7.5325976816
BLYP 5 -20.35 -7.4524868372
BLYP 5 -20.2 -7.3726066753
BLYP 5 -20.05 -7.2929596524
BLYP 5 -19.9 -7.213548262
BLYP 5 -19.75 -7.1343750342
BLYP 5 -19.6 -7.0554425361
BLYP 5 -19.45 -6.9767533727
BLYP 5 -19.3 -6.8983101867
BLYP 5 -19.15 -6.8201156592
BLYP 5 -19 -6.7421725168
BLYP 5 -18.85 -6.664483654
BLYP 5 -18.7 -6.5870518617
BLYP 5 -18.55 -6.5098799103
BLYP 5 -18.4 -6.4329706904
BLYP 5 -18.25 -6.3563271446
BLYP 5 -18.1 -6.2799522607
BLYP 5 -17.95 -6.2038490727
BLYP 5 -17.8 -6.1280206621
BLYP 5 -17.65 -6.0524701587
BLYP 5 -17.5 -5.9772007418
BLYP 5 -17.35 -5.9022156417
BLYP 5 -17.2 -5.82751814
BLYP 5 -17.05 -5.7531115715
BLYP 5 -16.9 -5.678999325
BLYP 5 -16.75 -5.6051848446
BLYP 5 -16.6 -5.5316716307
BLYP 5 -16.45 -5.4584632418
BLYP 5 -16.3 -5.3855632953
BLYP 5 -16.15 -5.3129754689
BLYP 5 -16 -5.2407035023
BLYP 5 -15.85 -5.1687511982
BLYP 5 -15.7 -5.097122424
BLYP 5 -15.55 -5.0258211133
BLYP 5 -15.4 -4.9548512672
BLYP 5 -15.25 -4.8842169561
BLYP 5 -15.1 -4.813922321
BLYP 5 -14.95 -4.7439715755
BLYP 5 -14.8 -4.6743690072
BLYP 5 -14.65 -4.6051189795
BLYP 5 -14.5 -4.5362259331
BLYP 5 -14.35 -4.4676943881
BLYP 5 -14.2 -4.3995289458
BLYP 5 -14.05 -4.33173429
BLYP 5 -13.9 -4.2643151895
BLYP 5 -13.75 -4.1972764995
BLYP 5 -13.6 -4.1306231638
BLYP 5 -13.45 -4.0643602165
BLYP 5 -13.3 -3.9984927839
BLYP 5 -13.15 -3.9330260867
BLYP 5 -13 -3.8679654414
BLYP 5 -12.85 -3.8033162628
BLYP 5 -12.7 -3.7390840657
BLYP 5 -12.55 -3.6752744664
BLYP 5 -12.4 -3.6118931852
BLYP 5 -12.25 -3.5489460477
BLYP 5 -12.1 -3.4864389868
BLYP 5 -11.95 -3.4243780451
BLYP 5 -11.8 -3.3627693777
BLYP 5 -11.65 -3.3016192476
BLYP 5 -11.5 -3.240934032
BLYP 5 -11.35 -3.1807202244
BLYP 5 -11.2 -3.1209844341
BLYP 5 -11.05 -3.061733388
BLYP 5 -10.9 -3.0029739305
BLYP 5 -10.75 -2.9447130252
BLYP 5 -10.6 -2.8869577544
BLYP 5 -10.45 -2.8297153267
BLYP 5 -10.3 -2.772993062
BLYP 5 -10.15 -2.716798395
BLYP 5 -10 -2.6611388823
BLYP 5 -9.85 -2.6060221969
BLYP 5 -9.7 -2.5514561263
BLYP 5 -9.55 -2.4974485703
BLYP 5 -9.4 -2.444007538
BLYP 5 -9.25 -2.3911411444
BLYP 5 -9.1 -2.3388576138
BLYP 5 -8.95 -2.2871652639
BLYP 5 -8.8 -2.2360724987
BLYP 5 -8.65 -2.185587802
BLYP 5 -8.5 -2.1357197405
BLYP 5 -8.35 -2.0864769489
BLYP 5 -8.2 -2.0378681202
BLYP 5 -8.05 -1.9899019947
BLYP 5 -7.9 -1.9425873475
BLYP 5 -7.75 -1.8959329867
BLYP 5 -7.6 -1.849947711
BLYP 5 -7.45 -1.8046403099
BLYP 5 -7.3 -1.760019535
BLYP 5 -7.15 -1.7160940931
BLYP 5 -7 -1.6728726161
BLYP 5 -6.85 -1.6303636457
BLYP 5 -6.7 -1.5885755902
BLYP 5 -6.55 -1.5475166952
BLYP 5 -6.4 -1.5071950273
BLYP 5 -6.25 -1.46761843
BLYP 5 -6.1 -1.428794495
BLYP 5 -5.95 -1.390730511
BLYP 5 -5.8 -1.3534334397
BLYP 5 -5.65 -1.3169098599
BLYP 5 -5.5 -1.2811659312
BLYP 5 -5.35 -1.2462073454
BLYP 5 -5.2 -1.2120392794
BLYP 5 -5.05 -1.178666347
BLYP 5 -4.9 -1.1460925495
BLYP 5 -4.75 -1.1143212262
BLYP 5 -4.6 -1.083355005
BLYP 5 -4.45 -1.053195754
BLYP 5 -4.3 -1.0238445341
BLYP 5 -4.15 -0.9953015535
BLYP 5 -4 -0.9675661256
BLYP 5 -3.85 -0.9406366288
BLYP 5 -3.7 -0.9145104724
BLYP 5 -3.55 -0.889184065
BLYP 5 -3.4 -0.8646527907
BLYP 5 -3.25 -0.8409109896
BLYP 5 -3.1 -0.8179519464
BLYP 5 -2.95 -0.7957678858
BLYP 5 -2.8 -0.7743499759
BLYP 5 -2.65 -0.75368834
BLYP 5 -2.5 -0.7337720764
BLYP 5 -2.35 -0.714589287
BLYP 5 -2.2 -0.6961271144
BLYP 5 -2.05 -0.678371787
BLYP 5 -1.9 -0.6613086719
BLYP 5 -1.75 -0.6449223355
BLYP 5 -1.6 -0.6291966097
BLYP 5 -1.45 -0.6141146648
BLYP 5 -1.3 -0.5996590867
BLYP 5 -1.15 -0.5858119578
BLYP 5 -1 -0.5725549405
BLYP 5 -0.85 -0.559869363
BLYP 5 -0.7 -0.547736304
BLYP 5 -0.55 -0.5361366782
BLYP 5 -0.4 -0.5250513196
BLYP 5 -0.25 -0.5144610611
BLYP 5 -0.1 -0.5043468126
BLYP 5 0.05 -0.4946896322
BLYP 5 0.2 -0.485470795
BLYP 5 0.35 -0.4766718541
BLYP 5 0.5 -0.4682746977
BLYP 5 0.65 -0.4602615984
BLYP 5 0.8 -0.4526152574
BLYP 5 0.95 -0.445318842
BLYP 5 1.1 -0.4383560169
BLYP 5 1.25 -0.4317109697
BLYP 5 1.4 -0.4253684306
BLYP 5 1.55 -0.4193136868
BLYP 5 1.7 -0.4135325914
BLYP 5 1.85 -0.4080115689
BLYP 5 2 -0.402737615
BLYP 5 2.15 -0.3976982942
BLYP 5 2.3 -0.3928817328
BLYP 5 2.45 -0.3882766103
BLYP 5 2.6 -0.3838721471
BLYP 5 2.75 -0.3796580918
BLYP 5 2.9 -0.375624705
BLYP 5 3.05 -0.3717627435
BLYP 5 3.2 -0.3680634424
BLYP 5 3.35 -0.3645184969
BLYP 5 3.5 -0.3611200436
BLYP 5 3.65 -0.3578606418
BLYP 5 3.8 -0.3547332537
BLYP 5 3.95 -0.3517312265
BLYP 5 4.1 -0.3488482725
BLYP 5 4.25 -0.3460784516
BLYP 5 4.4 -0.3434161523
BLYP 5 4.55 -0.3408560742
BLYP 5 4.7 -0.3383932106
BLYP 5 4.85 -0.3360228307
BLYP 5 5 -0.3337404622
BLYP 5 5.15 -0.3315418736
BLYP 5 5.3 -0.3294230566
BLYP 5 5.45 -0.3273802091
BLYP 5 5.6 -0.3254097212
BLYP 5 5.75 -0.3235081636
BLYP 5 5.9 -0.3216722789
BLYP 5 6.05 -0.3198989741
BLYP 5 6.2 -0.3181853134
BLYP 5 6.35 -0.3165285119
BLYP 5 6.5 -0.3149259282
BLYP 5 6.65 -0.3133750586
BLYP 5 6.8 -0.3118735303
BLYP 5 6.95 -0.310419095
BLYP 5 7.1 -0.3090096227
BLYP 5 7.25 -0.3076430958
BLYP 5 7.4 -0.3063176033
BLYP 5 7.55 -0.305031335
BLYP 5 7.7 -0.3037825761
BLYP 5 7.85 -0.3025697024
BLYP 5 8 -0.3013911747
BLYP 5 8.15 -0.3002455346
BLYP 5 8.3 -0.2991313996
BLYP 5 8.45 -0.2980474592
BLYP 5 8.6 -0.2969924706
BLYP 5 8.75 -0.2959652547
BLYP 5 8.9 -0.2949646929
BLYP 5 9.05 -0.2939897231
BLYP 5 9.2 -0.2930393371
BLYP 5 9.35 -0.2921125768
BLYP 5 9.5 -0.2912085322
BLYP 5 9.65 -0.2903263379
BLYP 5 9.8 -0.289465171
BLYP 5 9.95 -0.2886242484
BLYP 5 10.1 -0.2878028248
BLYP 5 10.25 -0.2870001905
BLYP 5 10.4 -0.2862156692
BLYP 5 10.55 -0.2854486164
BLYP 5 10.7 -0.2846984176
BLYP 5 10.85 -0.2839644865
BLYP 5 11 -0.2832462636
BLYP 5 11.15 -0.2825432148
BLYP 5 11.3 -0.2818548298
BLYP 5 11.45 -0.2811806211
BLYP 5 11.6 -0.2805201223
BLYP 5 11.75 -0.2798728877
BLYP 5 11.9 -0.2792384906
BLYP 5 12.05 -0.2786165225
BLYP 5 12.2 -0.2780065922
BLYP 5 12.35 -0.2774083249
BLYP 5 12.5 -0.2768213613
BLYP 5 12.65 -0.2762453568
BLYP 5 12.8 -0.2756799811
BLYP 5 12.95 -0.2751249168
BLYP 5 13.1 -0.2745798595
BLYP 5 13.25 -0.2740445165
BLYP 5 13.4 -0.2735186069
BLYP 5 13.55 -0.2730018605
BLYP 5 13.7 -0.2724940176
BLYP 5 13.85 -0.2719948283
BLYP 5 14 -0.2715040522
BLYP 5 14.15 -0.2710214577
BLYP 5 14.3 -0.2705468222
BLYP 5 14.45 -0.2700799308
BLYP 5 14.6 -0.2696205766
BLYP 5 14.75 -0.2691685604
BLYP 5 14.9 -0.2687236896
BLYP 5 15.05 -0.2682857789
BLYP 5 15.2 -0.2678546492
BLYP 5 15.35 -0.2674301277
BLYP 5 15.5 -0.2670120476
BLYP 5 15.65 -0.2666002477
BLYP 5 15.8 -0.2661945725
BLYP 5 15.95 -0.2657948713
BLYP 5 16.1 -0.2654009988
BLYP 5 16.25 -0.2650128142
BLYP 5 16.4 -0.2646301816
BLYP 5 16.55 -0.2642529692
BLYP 5 16.7 -0.2638810497
BLYP 5 16.85 -0.2635142996
BLYP 5 17 -0.2631525996
BLYP 5 17.15 -0.2627958339
BLYP 5 17.3 -0.2624438904
BLYP 5 17.45 -0.2620966605
BLYP 5 17.6 -0.2617540389
BLYP 5 17.75 -0.2614159234
BLYP 5 17.9 -0.261082215
BLYP 5 18.05 -0.2607528177
BLYP 5 18.2 -0.2604276382
BLYP 5 18.35 -0.260106586
BLYP 5 18.5 -0.2597895735
BLYP 5 18.65 -0.2594765152
BLYP 5 18.8 -0.2591673283
BLYP 5 18.95 -0.2588619325
BLYP 5 19.1 -0.2585602495
BLYP 5 19.25 -0.2582622035
BLYP 5 19.4 -0.2579677204
BLYP 5 19.55 -0.2576767287
BLYP 5 19.7 -0.2573891583
BLYP 5 19.85 -0.2571049416
BLYP 5 20 -0.2568240123
BLYP 5 20.15 -0.2565463063
BLYP 5 20.3 -0.2562717609
BLYP 5 20.45 -0.2560003153
BLYP 5 20.6 -0.2557319102
BLYP 5 20.75 -0.2554664878
BLYP 5 20.9 -0.255203992
BLYP 5 21.05 -0.254944368
BLYP 5 21.2 -0.2546875623
BLYP 5 21.35 -0.2544335231
BLYP 5 21.5 -0.2541821995
BLYP 5 21.65 -0.2539335422
BLYP 5 21.8 -0.2536875031
BLYP 5 21.95 -0.2534440351
BLYP 5 22.1 -0.2532030924
BLYP 5 22.25 -0.2529646303
BLYP 5 22.4 -0.2527286052
BLYP 5 22.55 -0.2524949745
BLYP 5 22.7 -0.2522636968
BLYP 5 22.85 -0.2520347314
BLYP 5 23 -0.2518080388
BLYP 5 23.15 -0.2515835803
BLYP 5 23.3 -0.2513613182
BLYP 5 23.45 -0.2511412156
BLYP 5 23.6 -0.2509232366
BLYP 5 23.75 -0.2507073458
BLYP 5 23.9 -0.250493509
BLYP 5 24.05 -0.2502816926
BLYP 5 24.2 -0.2500718637
BLYP 5 24.35 -0.2498639902
BLYP 5 24.5 -0.2496580407
BLYP 5 24.65 -0.2494539846
BLYP 5 24.8 -0.2492517918
BLYP 5 24.95 -0.249051433
BLYP 5 25.1 -0.2488528795
BLYP 5 25.25 -0.2486561031
BLYP 5 25.4 -0.2484610764
BLYP 5 25.55 -0.2482677725
BLYP 5 25.7 -0.2480761651
BLYP 5 25.85 -0.2478862284
BLYP 5 26 -0.2476979371
BLYP 5 26.15 -0.2475112666
BLYP 5 26.3 -0.2473261927
BLYP 5 26.45 -0.2471426917
BLYP 5 26.6 -0.2469607405
BLYP 5 26.75 -0.2467803162
BLYP 5 26.9 -0.2466013967
BLYP 5 27.05 -0.2464239601
BLYP 5 27.2 -0.2462479851
BLYP 5 27.35 -0.2460734507
BLYP 5 27.5 -0.2459003365
BLYP 5 27.65 -0.2457286222
BLYP 5 27.8 -0.2455582882
BLYP 5 27.95 -0.2453893152
BLYP 5 28.1 -0.2452216841
BLYP 5 28.25 -0.2450553765
BLYP 5 28.4 -0.244890374
BLYP 5 28.55 -0.2447266588
BLYP 5 28.7 -0.2445642134
BLYP 5 28.85 -0.2444030205
BLYP 5 29 -0.2442430633
BLYP 5 29.15 -0.2440843253
BLYP 5 29.3 -0.24392679
BLYP 5 29.45 -0.2437704417
BLYP 5 29.6 -0.2436152647
BLYP 5 29.75 -0.2434612435
BLYP 5 29.9 -0.2433083631
BLYP 5 30.05 -0.2431566088
BLYP 5 30.2 -0.2430059658
BLYP 5 30.35 -0.2428564201
BLYP 5 30.5 -0.2427079574
BLYP 5 30.65 -0.2425605642
BLYP 5 30.8 -0.2424142268
BLYP 5 30.95 -0.2422689319
BLYP 5 31.1 -0.2421246666
BLYP 5 31.25 -0.2419814179
BLYP 5 31.4 -0.2418391733
BLYP 5 31.55 -0.2416979203
BLYP 5 31.7 -0.2415576469
BLYP 5 31.85 -0.241418341
BLYP 5 32 -0.241279991
BLYP 5 32.15 -0.2411425851
BLYP 5 32.3 -0.2410061122
BLYP 5 32.45 -0.2408705609
BLYP 5 32.6 -0.2407359204
BLYP 5 32.75 -0.2406021798
BLYP 5 32.9 -0.2404693285
BLYP 5 33.05 -0.2403373561
BLYP 5 33.2 -0.2402062523
BLYP 5 33.35 -0.2400760069
BLYP 5 33.5 -0.2399466102
BLYP 5 33.65 -0.2398180521
BLYP 5 33.8 -0.2396903233
BLYP 5 33.95 -0.2395634141
BLYP 5 34.1 -0.2394373153
BLYP 5 34.25 -0.2393120177
BLYP 5 34.4 -0.2391875123
BLYP 5 34.55 -0.2390637903
BLYP 5 34.7 -0.2389408428
BLYP 5 34.85 -0.2388186613
BLYP 5 35 -0.2386972373
BLYP 5 35.15 -0.2385765625
BLYP 5 35.3 -0.2384566287
BLYP 5 35.45 -0.2383374277
BLYP 5 35.6 -0.2382189518
BLYP 5 35.75 -0.2381011929
BLYP 5 35.9 -0.2379841435
BLYP 5 36.05 -0.2378677958
BLYP 5 36.2 -0.2377521425
BLYP 5 36.35 -0.2376371762
BLYP 5 36.5 -0.2375228895
BLYP 5 36.65 -0.2374092753
BLYP 5 36.8 -0.2372963267
BLYP 5 36.95 -0.2371840366
BLYP 5 37.1 -0.2370723982
BLYP 5 37.25 -0.2369614048
BLYP 5 37.4 -0.2368510497
BLYP 5 37.55 -0.2367413264
BLYP 5 37.7 -0.2366322285
BLYP 5 37.85 -0.2365237495
BLYP 5 38 -0.2364158832
BLYP 5 38.15 -0.2363086234
BLYP 5 38.3 -0.2362019641
BLYP 5 38.45 -0.2360958993
BLYP 5 38.6 -0.2359904229
BLYP 5 38.75 -0.2358855293
BLYP 5 38.9 -0.2357812126
BLYP 5 39.05 -0.2356774671
BLYP 5 39.2 -0.2355742873
BLYP 5 39.35 -0.2354716677
BLYP 5 39.5 -0.2353696027
BLYP 5 39.65 -0.2352680871
BLYP 5 39.8 -0.2351671156
BLYP 5 39.95 -0.2350666829
BLYP 5 40.1 -0.2349667838
BLYP 5 40.25 -0.2348674134
BLYP 5 40.4 -0.2347685666
BLYP 5 40.55 -0.2346702384
BLYP 5 40.7 -0.2345724239
BLYP 5 40.85 -0.2344751184
BLYP 5 41 -0.2343783172
BLYP 5 41.15 -0.2342820154
BLYP 5 41.3 -0.2341862085
BLYP 5 41.45 -0.2340908919
BLYP 5 41.6 -0.2339960612
BLYP 5 41.75 -0.2339017118
BLYP 5 41.9 -0.2338078395
BLYP 5 42.05 -0.2337144397
BLYP 5 42.2 -0.2336215084
BLYP 5 42.35 -0.2335290412
BLYP 5 42.5 -0.2334370339
BLYP 5 42.65 -0.2333454826
BLYP 5 42.8 -0.233254383
BLYP 5 42.95 -0.2331637313
BLYP 5 43.1 -0.2330735234
BLYP 5 43.25 -0.2329837554
BLYP 5 43.4 -0.2328944234
BLYP 5 43.55 -0.2328055238
BLYP 5 43.7 -0.2327170526
BLYP 5 43.85 -0.2326290061
BLYP 5 44 -0.2325413808
BLYP 5 44.15 -0.2324541729
BLYP 5 44.3 -0.2323673788
BLYP 5 44.45 -0.2322809951
BLYP 5 44.6 -0.2321950182
BLYP 5 44.75 -0.2321094448
BLYP 5 44.9 -0.2320242712
BLYP 5 45.05 -0.2319394943
BLYP 5 45.2 -0.2318551106
BLYP 5 45.35 -0.2317711168
BLYP 5 45.5 -0.2316875098
BLYP 5 45.65 -0.2316042863
BLYP 5 45.8 -0.231521443
BLYP 5 45.95 -0.231438977
BLYP 5 46.1 -0.231356885
BLYP 5 46.25 -0.231275164
BLYP 5 46.4 -0.231193811
BLYP 5 46.55 -0.2311128229
BLYP 5 46.7 -0.2310321969
BLYP 5 46.85 -0.23095193
BLYP 5 47 -0.2308720192
BLYP 5 47.15 -0.2307924618
BLYP 5 47.3 -0.2307132549
BLYP 5 47.45 -0.2306343956
BLYP 5 47.6 -0.2305558814
BLYP 5 47.75 -0.2304777093
BLYP 5 47.9 -0.2303998767
BLYP 5 48.05 -0.230322381
BLYP 5 48.2 -0.2302452195
BLYP 5 48.35 -0.2301683895
BLYP 5 48.5 -0.2300918886
BLYP 5 48.65 -0.230015714
BLYP 5 48.8 -0.2299398634
BLYP 5 48.95 -0.2298643343
BLYP 5 49.1 -0.229789124
BLYP 5 49.25 -0.2297142303
BLYP 5 49.4 -0.2296396506
BLYP 5 49.55 -0.2295653826
BLYP 5 49.7 -0.229491424
BLYP 5 49.85 -0.2294177723
BLYP 5 50 -0.2293444253
BLYP 5 50.15 -0.2292713807
BLYP 5 50.3 -0.2291986362
BLYP 5 50.45 -0.2291261896
BLYP 5 50.6 -0.2290540386
BLYP 5 50.75 -0.2289821811
BLYP 5 50.9 -0.2289106149
BLYP 5 51.05 -0.2288393378
BLYP 5 51.2 -0.2287683478
BLYP 5 51.35 -0.2286976426
BLYP 5 51.5 -0.2286272203
BLYP 5 51.65 -0.2285570787
BLYP 5 51.8 -0.2284872159
BLYP 5 51.95 -0.2284176298
BLYP 5 52.1 -0.2283483185
BLYP 5 52.25 -0.2282792798
BLYP 5 52.4 -0.228210512
BLYP 5 52.55 -0.228142013
BLYP 5 52.7 -0.228073781
BLYP 5 52.85 -0.228005814
BLYP 5 53 -0.2279381102
BLYP 5 53.15 -0.2278706676
BLYP 5 53.3 -0.2278034846
BLYP 5 53.45 -0.2277365592
BLYP 5 53.6 -0.2276698896
BLYP 5 53.75 -0.2276034741
BLYP 5 53.9 -0.2275373108
BLYP 5 54.05 -0.2274713981
BLYP 5 54.2 -0.2274057342
BLYP 5 54.35 -0.2273403174
BLYP 5 54.5 -0.227275146
BLYP 5 54.65 -0.2272102183
BLYP 5 54.8 -0.2271455326
BLYP 5 54.95 -0.2270810874
BLYP 5 55.1 -0.2270168809
BLYP 5 55.25 -0.2269529115
BLYP 5 55.4 -0.2268891777
BLYP 5 55.55 -0.2268256778
BLYP 5 55.7 -0.2267624103
BLYP 5 55.85 -0.2266993737
BLYP 5 56 -0.2266365663
BLYP 5 56.15 -0.2265739867
BLYP 5 56.3 -0.2265116333
BLYP 5 56.45 -0.2264495047
BLYP 5 56.6 -0.2263875994
BLYP 5 56.75 -0.2263259159
BLYP 5 56.9 -0.2262644527
BLYP 5 57.05 -0.2262032084
BLYP 5 57.2 -0.2261421816
BLYP 5 57.35 -0.2260813708
BLYP 5 57.5 -0.2260207747
BLYP 5 57.65 -0.2259603919
BLYP 5 57.8 -0.2259002209
BLYP 5 57.95 -0.2258402605
BLYP 5 58.1 -0.2257805092
BLYP 5 58.25 -0.2257209658
BLYP 5 58.4 -0.2256616289
BLYP 5 58.55 -0.2256024972
BLYP 5 58.7 -0.2255435694
BLYP 5 58.85 -0.2254848441
BLYP 5 59 -0.2254263202
BLYP 5 59.15 -0.2253679964
BLYP 5 59.3 -0.2253098714
BLYP 5 59.45 -0.2252519439
BLYP 5 59.6 -0.2251942127
BLYP 5 59.75 -0.2251366766
BLYP 5 59.9 -0.2250793345
BLYP 5 60.05 -0.225022185
BLYP 5 60.2 -0.224965227
BLYP 5 60.35 -0.2249084593
BLYP 5 60.5 -0.2248518808
BLYP 5 60.65 -0.2247954902
BLYP 5 60.8 -0.2247392865
BLYP 5 60.95 -0.2246832685
BLYP 5 61.1 -0.2246274351
BLYP 5 61.25 -0.2245717851
BLYP 5 61.4 -0.2245163174
BLYP 5 61.55 -0.224461031
BLYP 5 61.7 -0.2244059248
BLYP 5 61.85 -0.2243509976
BLYP 5 62 -0.2242962484
BLYP 5 62.15 -0.2242416762
BLYP 5 62.3 -0.2241872798
BLYP 5 62.45 -0.2241330583
BLYP 5 62.6 -0.2240790106
BLYP 5 62.75 -0.2240251356
BLYP 5 62.9 -0.2239714324
BLYP 5 63.05 -0.2239179
BLYP 5 63.2 -0.2238645373
BLYP 5 63.35 -0.2238113434
BLYP 5 63.5 -0.2237583172
BLYP 5 63.65 -0.2237054578
BLYP 5 63.8 -0.2236527643
BLYP 5 63.95 -0.2236002356
BLYP 5 64.1 -0.2235478708
BLYP 5 64.25 -0.223495669
BLYP 5 64.4 -0.2234436292
BLYP 5 64.55 -0.2233917506
BLYP 5 64.7 -0.2233400321
BLYP 5 64.85 -0.2232884729
BLYP 5 65 -0.223237072
BLYP 5 65.15 -0.2231858286
BLYP 5 65.3 -0.2231347418
BLYP 5 65.45 -0.2230838107
BLYP 5 65.6 -0.2230330344
BLYP 5 65.75 -0.222982412
BLYP 5 65.9 -0.2229319427
BLYP 5 66.05 -0.2228816257
BLYP 5 66.2 -0.22283146
BLYP 5 66.35 -0.2227814448
BLYP 5 66.5 -0.2227315794
BLYP 5 66.65 -0.2226818628
BLYP 5 66.8 -0.2226322942
BLYP 5 66.95 -0.2225828729
BLYP 5 67.1 -0.222533598
BLYP 5 67.25 -0.2224844687
BLYP 5 67.4 -0.2224354843
BLYP 5 67.55 -0.2223866438
BLYP 5 67.7 -0.2223379466
BLYP 5 67.85 -0.2222893919
BLYP 5 68 -0.2222409789
BLYP 5 68.15 -0.2221927068
BLYP 5 68.3 -0.2221445749
BLYP 5 68.45 -0.2220965823
BLYP 5 68.6 -0.2220487285
BLYP 5 68.75 -0.2220010126
BLYP 5 68.9 -0.2219534338
BLYP 5 69.05 -0.2219059915
BLYP 5 69.2 -0.221858685
BLYP 5 69.35 -0.2218115134
BLYP 5 69.5 -0.2217644762
BLYP 5 69.65 -0.2217175725
BLYP 5 69.8 -0.2216708017
BLYP 5 69.95 -0.2216241631
BLYP 5 70.1 -0.2215776559
BLYP 5 70.25 -0.2215312796
BLYP 5 70.4 -0.2214850334
BLYP 5 70.55 -0.2214389166
BLYP 5 70.7 -0.2213929286
BLYP 5 70.85 -0.2213470687
BLYP 5 71 -0.2213013362
BLYP 5 71.15 -0.2212557305
BLYP 5 71.3 -0.221210251
BLYP 5 71.45 -0.2211648969
BLYP 5 71.6 -0.2211196676
BLYP 5 71.75 -0.2210745625
BLYP 5 71.9 -0.221029581
BLYP 5 72.05 -0.2209847224
BLYP 5 72.2 -0.2209399861
BLYP 5 72.35 -0.2208953715
BLYP 5 72.5 -0.220850878
BLYP 5 72.65 -0.220806505
BLYP 5 72.8 -0.2207622517
BLYP 5 72.95 -0.2207181178
BLYP 5 73.1 -0.2206741025
BLYP 5 73.25 -0.2206302052
BLYP 5 73.4 -0.2205864254
BLYP 5 73.55 -0.2205427625
BLYP 5 73.7 -0.2204992159
BLYP 5 73.85 -0.220455785
BLYP 5 74 -0.2204124693
BLYP 5 74.15 -0.2203692681
BLYP 5 74.3 -0.220326181
BLYP 5 74.45 -0.2202832073
BLYP 5 74.6 -0.2202403465
BLYP 5 74.75 -0.2201975981
BLYP 5 74.9 -0.2201549614
BLYP 5 75.05 -0.2201124361
BLYP 5 75.2 -0.2200700214
BLYP 5 75.35 -0.2200277169
BLYP 5 75.5 -0.219985522
BLYP 5 75.65 -0.2199434363
BLYP 5 75.8 -0.2199014591
BLYP 5 75.95 -0.21985959
BLYP 5 76.1 -0.2198178285
BLYP 5 76.25 -0.2197761739
BLYP 5 76.4 -0.2197346259
BLYP 5 76.55 -0.2196931839
BLYP 5 76.7 -0.2196518474
BLYP 5 76.85 -0.2196106159
BLYP 5 77 -0.2195694889
BLYP 5 77.15 -0.2195284659
BLYP 5 77.3 -0.2194875464
BLYP 5 77.45 -0.2194467299
BLYP 5 77.6 -0.219406016
BLYP 5 77.75 -0.2193654042
BLYP 5 77.9 -0.2193248939
BLYP 5 78.05 -0.2192844847
BLYP 5 78.2 -0.2192441762
BLYP 5 78.35 -0.2192039679
BLYP 5 78.5 -0.2191638592
BLYP 5 78.65 -0.2191238498
BLYP 5 78.8 -0.2190839392
BLYP 5 78.95 -0.2190441268
BLYP 5 79.1 -0.2190044124
BLYP 5 79.25 -0.2189647954
BLYP 5 79.4 -0.2189252753
BLYP 5 79.55 -0.2188858518
BLYP 5 79.7 -0.2188465244
BLYP 5 79.85 -0.2188072926
BLYP 5 80 -0.2187681561
BLYP 5 80.15 -0.2187291143
BLYP 5 80.3 -0.2186901668
BLYP 5 80.45 -0.2186513133
BLYP 5 80.6 -0.2186125534
BLYP 5 80.75 -0.2185738864
BLYP 5 80.9 -0.2185353122
BLYP 5 81.05 -0.2184968302
BLYP 5 81.2 -0.21845844
BLYP 5 81.35 -0.2184201413
BLYP 5 81.5 -0.2183819335
BLYP 5 81.65 -0.2183438164
BLYP 5 81.8 -0.2183057895
BLYP 5 81.95 -0.2182678523
BLYP 5 82.1 -0.2182300046
BLYP 5 82.25 -0.2181922459
BLYP 5 82.4 -0.2181545758
BLYP 5 82.55 -0.2181169939
BLYP 5 82.7 -0.2180794999
BLYP 5 82.85 -0.2180420933
BLYP 5 83 -0.2180047738
BLYP 5 83.15 -0.217967541
BLYP 5 83.3 -0.2179303945
BLYP 5 83.45 -0.2178933339
BLYP 5 83.6 -0.2178563589
BLYP 5 83.75 -0.2178194691
BLYP 5 83.9 -0.2177826641
BLYP 5 84.05 -0.2177459435
BLYP 5 84.2 -0.2177093071
BLYP 5 84.35 -0.2176727544
BLYP 5 84.5 -0.2176362851
BLYP 5 84.65 -0.2175998987
BLYP 5 84.8 -0.2175635951
BLYP 5 84.95 -0.2175273737
BLYP 5 85.1 -0.2174912343
BLYP 5 85.25 -0.2174551765
BLYP 5 85.4 -0.2174192
BLYP 5 85.55 -0.2173833044
BLYP 5 85.7 -0.2173474893
BLYP 5 85.85 -0.2173117545
BLYP 5 86 -0.2172760996
BLYP 5 86.15 -0.2172405243
BLYP 5 86.3 -0.2172050281
BLYP 5 86.45 -0.2171696109
BLYP 5 86.6 -0.2171342722
BLYP 5 86.75 -0.2170990118
BLYP 5 86.9 -0.2170638293
BLYP 5 87.05 -0.2170287243
BLYP 5 87.2 -0.2169936966
BLYP 5 87.35 -0.2169587459
BLYP 5 87.5 -0.2169238718
BLYP 5 87.65 -0.216889074
BLYP 5 87.8 -0.2168543522
BLYP 5 87.95 -0.2168197061
BLYP 5 88.1 -0.2167851353
BLYP 5 88.25 -0.2167506396
BLYP 5 88.4 -0.2167162187
BLYP 5 88.55 -0.2166818722
BLYP 5 88.7 -0.2166475998
BLYP 5 88.85 -0.2166134013
BLYP 5 89 -0.2165792764
BLYP 5 89.15 -0.2165452247
BLYP 5 89.3 -0.216511246
BLYP 5 89.45 -0.2164773399
BLYP 5 89.6 -0.2164435062
BLYP 5 89.75 -0.2164097445
BLYP 5 89.9 -0.2163760546
BLYP 5 90.05 -0.2163424363
BLYP 5 90.2 -0.2163088891
BLYP 5 90.35 -0.2162754129
BLYP 5 90.5 -0.2162420073
BLYP 5 90.65 -0.216208672
BLYP 5 90.8 -0.2161754069
BLYP 5 90.95 -0.2161422115
BLYP 5 91.1 -0.2161090856
BLYP 5 91.25 -0.216076029
BLYP 5 91.4 -0.2160430414
BLYP 5 91.55 -0.2160101225
BLYP 5 91.7 -0.215977272
BLYP 5 91.85 -0.2159444897
BLYP 5 92 -0.2159117753
BLYP 5 92.15 -0.2158791285
BLYP 5 92.3 -0.215846549
BLYP 5 92.45 -0.2158140367
BLYP 5 92.6 -0.2157815912
BLYP 5 92.75 -0.2157492123
BLYP 5 92.9 -0.2157168998
BLYP 5 93.05 -0.2156846533
BLYP 5 93.2 -0.2156524726
BLYP 5 93.35 -0.2156203574
BLYP 5 93.5 -0.2155883076
BLYP 5 93.65 -0.2155563228
BLYP 5 93.8 -0.2155244029
BLYP 5 93.95 -0.2154925475
BLYP 5 94.1 -0.2154607564
BLYP 5 94.25 -0.2154290293
BLYP 5 94.4 -0.2153973661
BLYP 5 94.55 -0.2153657665
BLYP 5 94.7 -0.2153342302
BLYP 5 94.85 -0.215302757
BLYP 5 95 -0.2152713466
BLYP 5 95.15 -0.2152399989
BLYP 5 95.3 -0.2152087135
BLYP 5 95.45 -0.2151774903
BLYP 5 95.6 -0.215146329
BLYP 5 95.75 -0.2151152294
BLYP 5 95.9 -0.2150841913
BLYP 5 96.05 -0.2150532143
BLYP 5 96.2 -0.2150222984
BLYP 5 96.35 -0.2149914432
BLYP 5 96.5 -0.2149606485
BLYP 5 96.65 -0.2149299142
BLYP 5 96.8 -0.21489924
BLYP 5 96.95 -0.2148686256
BLYP 5 97.1 -0.2148380708
BLYP 5 97.25 -0.2148075755
BLYP 5 97.4 -0.2147771394
BLYP 5 97.55 -0.2147467623
BLYP 5 97.7 -0.2147164439
BLYP 5 97.85 -0.2146861841
BLYP 5 98 -0.2146559827
BLYP 5 98.15 -0.2146258393
BLYP 5 98.3 -0.2145957539
BLYP 5 98.45 -0.2145657262
BLYP 5 98.6 -0.214535756
BLYP 5 98.75 -0.2145058431
BLYP 5 98.9 -0.2144759872
BLYP 5 99.05 -0.2144461882
BLYP 5 99.2 -0.2144164459
BLYP 5 99.35 -0.21438676
BLYP 5 99.5 -0.2143571304
BLYP 5 99.65 -0.2143275568
BLYP 5 99.8 -0.2142980391
BLYP 5 99.95 -0.2142685771
BLYP 5 100.1 -0.2142391705
BLYP 5 100.25 -0.2142098191
BLYP 5 100.4 -0.2141805229
BLYP 5 100.55 -0.2141512814
BLYP 5 100.7 -0.2141220947
BLYP 5 100.85 -0.2140929624
BLYP 5 101 -0.2140638844
BLYP 5 101.15 -0.2140348605
BLYP 5 101.3 -0.2140058904
BLYP 5 101.45 -0.2139769741
BLYP 5 101.6 -0.2139481113
BLYP 5 101.75 -0.2139193018
BLYP 5 101.9 -0.2138905455
BLYP 5 102.05 -0.2138618421
BLYP 5 102.2 -0.2138331915
BLYP 5 102.35 -0.2138045935
BLYP 5 102.5 -0.2137760478
BLYP 5 102.65 -0.2137475544
BLYP 5 102.8 -0.213719113
BLYP 5 102.95 -0.2136907235
BLYP 5 103.1 -0.2136623857
BLYP 5 103.25 -0.2136340993
BLYP 5 103.4 -0.2136058643
BLYP 5 103.55 -0.2135776804
BLYP 5 103.7 -0.2135495474
BLYP 5 103.85 -0.2135214653
BLYP 5 104 -0.2134934338
BLYP 5 104.15 -0.2134654527
BLYP 5 104.3 -0.2134375218
BLYP 5 104.45 -0.2134096411
BLYP 5 104.6 -0.2133818103
BLYP 5 104.75 -0.2133540292
BLYP 5 104.9 -0.2133262978
BLYP 5 105.05 -0.2132986157
BLYP 5 105.2 -0.2132709829
BLYP 5 105.35 -0.2132433992
BLYP 5 105.5 -0.2132158644
BLYP 5 105.65 -0.2131883785
BLYP 5 105.8 -0.2131609412
BLYP 5 105.95 -0.2131335525
BLYP 5 106.1 -0.2131062123
BLYP 5 106.25 -0.2130789203
BLYP 5 106.4 -0.2130516764
BLYP 5 106.55 -0.2130244802
BLYP 5 106.7 -0.2129973317
BLYP 5 106.85 -0.2129702306
BLYP 5 107 -0.2129431768
BLYP 5 107.15 -0.2129161702
BLYP 5 107.3 -0.2128892105
BLYP 5 107.45 -0.2128622977
BLYP 5 107.6 -0.2128354315
BLYP 5 107.75 -0.2128086119
BLYP 5 107.9 -0.2127818386
BLYP 5 108.05 -0.2127551115
BLYP 5 108.2 -0.2127284304
BLYP 5 108.35 -0.2127017953
BLYP 5 108.5 -0.2126752059
BLYP 5 108.65 -0.2126486621
BLYP 5 108.8 -0.2126221638
BLYP 5 108.95 -0.2125957108
BLYP 5 109.1 -0.2125693029
BLYP 5 109.25 -0.2125429401
BLYP 5 109.4 -0.2125166221
BLYP 5 109.55 -0.2124903488
BLYP 5 109.7 -0.2124641202
BLYP 5 109.85 -0.2124379359
BLYP 5 110 -0.2124117959
BLYP 5 110.15 -0.2123857001
BLYP 5 110.3 -0.2123596483
BLYP 5 110.45 -0.2123336403
BLYP 5 110.6 -0.2123076761
BLYP 5 110.75 -0.2122817554
BLYP 5 110.9 -0.2122558782
BLYP 5 111.05 -0.2122300443
BLYP 5 111.2 -0.2122042535
BLYP 5 111.35 -0.2121785058
BLYP 5 111.5 -0.2121528009
BLYP 5 111.65 -0.2121271388
BLYP 5 111.8 -0.2121015194
BLYP 5 111.95 -0.2120759424
BLYP 5 112.1 -0.2120504079
BLYP 5 112.25 -0.2120249156
BLYP 5 112.4 -0.2119994654
BLYP 5 112.55 -0.2119740573
BLYP 5 112.7 -0.2119486911
BLYP 5 112.85 -0.2119233665
BLYP 5 113 -0.2118980835
BLYP 5 113.15 -0.2118728419
BLYP 5 113.3 -0.2118476417
BLYP 5 113.45 -0.2118224826
BLYP 5 113.6 -0.2117973645
BLYP 5 113.75 -0.2117722873
BLYP 5 113.9 -0.2117472509
BLYP 5 114.05 -0.2117222551
BLYP 5 114.2 -0.2116972999
BLYP 5 114.35 -0.211672385
BLYP 5 114.5 -0.2116475104
BLYP 5 114.65 -0.211622676
BLYP 5 114.8 -0.2115978815
BLYP 5 114.95 -0.211573127
BLYP 5 115.1 -0.2115484124
BLYP 5 115.25 -0.2115237375
BLYP 5 115.4 -0.2114991025
BLYP 5 115.55 -0.2114745072
BLYP 5 115.7 -0.2114499512
BLYP 5 115.85 -0.2114254345
BLYP 5 116 -0.2114009568
BLYP 5 116.15 -0.2113765181
BLYP 5 116.3 -0.2113521181
BLYP 5 116.45 -0.2113277568
BLYP 5 116.6 -0.2113034341
BLYP 5 116.75 -0.2112791499
BLYP 5 116.9 -0.211254904
BLYP 5 117.05 -0.2112306963
BLYP 5 117.2 -0.2112065267
BLYP 5 117.35 -0.2111823951
BLYP 5 117.5 -0.2111583014
BLYP 5 117.65 -0.2111342454
BLYP 5 117.8 -0.2111102271
BLYP 5 117.95 -0.2110862463
BLYP 5 118.1 -0.211062303
BLYP 5 118.25 -0.211038397
BLYP 5 118.4 -0.2110145281
BLYP 5 118.55 -0.2109906964
BLYP 5 118.7 -0.2109669016
BLYP 5 118.85 -0.2109431438
BLYP 5 119 -0.2109194226
BLYP 5 119.15 -0.2108957382
BLYP 5 119.3 -0.2108720903
BLYP 5 119.45 -0.2108484788
BLYP 5 119.6 -0.2108249036
BLYP 5 119.75 -0.2108013647
BLYP 5 119.9 -0.2107778619
BLYP 5 120.05 -0.2107543951
BLYP 5 120.2 -0.2107309642
BLYP 5 120.35 -0.2107075692
BLYP 5 120.5 -0.2106842098
BLYP 5 120.65 -0.210660886
BLYP 5 120.8 -0.2106375977
BLYP 5 120.95 -0.2106143447
BLYP 5 121.1 -0.2105911271
BLYP 5 121.25 -0.2105679446
BLYP 5 121.4 -0.2105447972
BLYP 5 121.55 -0.2105216848
BLYP 5 121.7 -0.2104986073
BLYP 5 121.85 -0.2104755645
BLYP 5 122 -0.2104525564
BLYP 5 122.15 -0.2104295829
BLYP 5 122.3 -0.2104066438
BLYP 5 122.45 -0.2103837392
BLYP 5 122.6 -0.2103608688
BLYP 5 122.75 -0.2103380325
BLYP 5 122.9 -0.2103152304
BLYP 5 123.05 -0.2102924622
BLYP 5 123.2 -0.2102697279
BLYP 5 123.35 -0.2102470274
BLYP 5 123.5 -0.2102243606
BLYP 5 123.65 -0.2102017274
BLYP 5 123.8 -0.2101791277
BLYP 5 123.95 -0.2101565614
BLYP 5 124.1 -0.2101340284
BLYP 5 124.25 -0.2101115286
BLYP 5 124.4 -0.2100890619
BLYP 5 124.55 -0.2100666283
BLYP 5 124.7 -0.2100442276
BLYP 5 124.85 -0.2100218597
BLYP 5 125 -0.2099995246
BLYP 5 125.15 -0.2099772221
BLYP 5 125.3 -0.2099549522
BLYP 5 125.45 -0.2099327148
BLYP 5 125.6 -0.2099105098
BLYP 5 125.75 -0.2098883371
BLYP 5 125.9 -0.2098661965
BLYP 5 126.05 -0.2098440881
BLYP 5 126.2 -0.2098220117
BLYP 5 126.35 -0.2097999672
BLYP 5 126.5 -0.2097779546
BLYP 5 126.65 -0.2097559737
BLYP 5 126.8 -0.2097340245
BLYP 5 126.95 -0.2097121069
BLYP 5 127.1 -0.2096902208
BLYP 5 127.25 -0.2096683661
BLYP 5 127.4 -0.2096465427
BLYP 5 127.55 -0.2096247505
BLYP 5 127.7 -0.2096029895
BLYP 5 127.85 -0.2095812595
BLYP 5 128 -0.2095595606
BLYP 5 128.15 -0.2095378925
BLYP 5 128.3 -0.2095162552
BLYP 5 128.45 -0.2094946486
BLYP 5 128.6 -0.2094730727
BLYP 5 128.75 -0.2094515274
BLYP 5 128.9 -0.2094300125
BLYP 5 129.05 -0.209408528
BLYP 5 129.2 -0.2093870738
BLYP 5 129.35 -0.2093656499
BLYP 5 129.5 -0.2093442561
BLYP 5 129.65 -0.2093228923
BLYP 5 129.8 -0.2093015585
BLYP 5 129.95 -0.2092802547
BLYP 5 130.1 -0.2092589806
BLYP 5 130.25 -0.2092377363
BLYP 5 130.4 -0.2092165217
BLYP 5 130.55 -0.2091953366
BLYP 5 130.7 -0.209174181
BLYP 5 130.85 -0.2091530549
BLYP 5 131 -0.2091319581
BLYP 5 131.15 -0.2091108905
BLYP 5 131.3 -0.2090898522
BLYP 5 131.45 -0.209068843
BLYP 5 131.6 -0.2090478627
BLYP 5 131.75 -0.2090269115
BLYP 5 131.9 -0.2090059891
BLYP 5 132.05 -0.2089850955
BLYP 5 132.2 -0.2089642307
BLYP 5 132.35 -0.2089433944
BLYP 5 132.5 -0.2089225868
BLYP 5 132.65 -0.2089018077
BLYP 5 132.8 -0.208881057
BLYP 5 132.95 -0.2088603346
BLYP 5 133.1 -0.2088396405
BLYP 5 133.25 -0.2088189746
BLYP 5 133.4 -0.2087983368
BLYP 5 133.55 -0.2087777271
BLYP 5 133.7 -0.2087571453
BLYP 5 133.85 -0.2087365915
BLYP 5 134 -0.2087160655
BLYP 5 134.15 -0.2086955672
BLYP 5 134.3 -0.2086750967
BLYP 5 134.45 -0.2086546537
BLYP 5 134.6 -0.2086342383
BLYP 5 134.75 -0.2086138504
BLYP 5 134.9 -0.2085934898
BLYP 5 135.05 -0.2085731566
BLYP 5 135.2 -0.2085528507
BLYP 5 135.35 -0.2085325719
BLYP 5 135.5 -0.2085123203
BLYP 5 135.65 -0.2084920957
BLYP 5 135.8 -0.2084718981
BLYP 5 135.95 -0.2084517274
BLYP 5 136.1 -0.2084315835
BLYP 5 136.25 -0.2084114664
BLYP 5 136.4 -0.208391376
BLYP 5 136.55 -0.2083713123
BLYP 5 136.7 -0.2083512751
BLYP 5 136.85 -0.2083312644
BLYP 5 137 -0.2083112802
BLYP 5 137.15 -0.2082913223
BLYP 5 137.3 -0.2082713907
BLYP 5 137.45 -0.2082514853
BLYP 5 137.6 -0.2082316061
BLYP 5 137.75 -0.208211753
BLYP 5 137.9 -0.2081919259
BLYP 5 138.05 -0.2081721248
BLYP 5 138.2 -0.2081523496
BLYP 5 138.35 -0.2081326003
BLYP 5 138.5 -0.2081128767
BLYP 5 138.65 -0.2080931788
BLYP 5 138.8 -0.2080735065
BLYP 5 138.95 -0.2080538598
BLYP 5 139.1 -0.2080342387
BLYP 5 139.25 -0.208014643
BLYP 5 139.4 -0.2079950726
BLYP 5 139.55 -0.2079755276
BLYP 5 139.7 -0.2079560079
BLYP 5 139.85 -0.2079365133
BLYP 5 140 -0.2079170439
BLYP 5 140.15 -0.2078975995
BLYP 5 140.3 -0.2078781802
BLYP 5 140.45 -0.2078587858
BLYP 5 140.6 -0.2078394163
BLYP 5 140.75 -0.2078200716
BLYP 5 140.9 -0.2078007517
BLYP 5 141.05 -0.2077814564
BLYP 5 141.2 -0.2077621858
BLYP 5 141.35 -0.2077429398
BLYP 5 141.5 -0.2077237183
BLYP 5 141.65 -0.2077045212
BLYP 5 141.8 -0.2076853486
BLYP 5 141.95 -0.2076662002
BLYP 5 142.1 -0.2076470762
BLYP 5 142.25 -0.2076279763
BLYP 5 142.4 -0.2076089007
BLYP 5 142.55 -0.2075898491
BLYP 5 142.7 -0.2075708217
BLYP 5 142.85 -0.2075518186
BLYP 5 143 -0.2075328395
BLYP 5 143.15 -0.2075138842
BLYP 5 143.3 -0.2074949528
BLYP 5 143.45 -0.207476045
BLYP 5 143.6 -0.207457161
BLYP 5 143.75 -0.2074383006
BLYP 5 143.9 -0.2074194637
BLYP 5 144.05 -0.2074006504
BLYP 5 144.2 -0.2073818606
BLYP 5 144.35 -0.2073630941
BLYP 5 144.5 -0.207344351
BLYP 5 144.65 -0.2073256312
BLYP 5 144.8 -0.2073069346
BLYP 5 144.95 -0.2072882612
BLYP 5 145.1 -0.2072696109
BLYP 5 145.25 -0.2072509837
BLYP 5 145.4 -0.2072323795
BLYP 5 145.55 -0.2072137983
BLYP 5 145.7 -0.20719524
BLYP 5 145.85 -0.2071767045
BLYP 5 146 -0.2071581919
BLYP 5 146.15 -0.2071397019
BLYP 5 146.3 -0.2071212347
BLYP 5 146.45 -0.2071027901
BLYP 5 146.6 -0.2070843681
BLYP 5 146.75 -0.2070659686
BLYP 5 146.9 -0.2070475916
BLYP 5 147.05 -0.207029237
BLYP 5 147.2 -0.2070109048
BLYP 5 147.35 -0.2069925949
BLYP 5 147.5 -0.2069743073
BLYP 5 147.65 -0.2069560419
BLYP 5 147.8 -0.2069377987
BLYP 5 147.95 -0.2069195775
BLYP 5 148.1 -0.2069013784
BLYP 5 148.25 -0.2068832014
BLYP 5 148.4 -0.2068650463
BLYP 5 148.55 -0.2068469131
BLYP 5 148.7 -0.2068288017
BLYP 5 148.85 -0.2068107121
BLYP 5 149 -0.2067926443
BLYP 5 149.15 -0.2067745983
BLYP 5 149.3 -0.2067565738
BLYP 5 149.45 -0.206738571
BLYP 5 149.6 -0.2067205897
BLYP 5 149.75 -0.2067026299
BLYP 5 149.9 -0.2066846915
BLYP 5 150.05 -0.2066667746
BLYP 5 150.2 -0.206648879
BLYP 5 150.35 -0.2066310048
BLYP 5 150.5 -0.2066131517
BLYP 5 150.65 -0.2065953199
BLYP 5 150.8 -0.2065775093
BLYP 5 150.95 -0.2065597197
BLYP 5 151.1 -0.2065419512
BLYP 5 151.25 -0.2065242038
BLYP 5 151.4 -0.2065064773
BLYP 5 151.55 -0.2064887717
BLYP 5 151.7 -0.206471087
BLYP 5 151.85 -0.2064534231
BLYP 5 152 -0.2064357799
BLYP 5 152.15 -0.2064181576
BLYP 5 152.3 -0.2064005558
BLYP 5 152.45 -0.2063829748
BLYP 5 152.6 -0.2063654143
BLYP 5 152.75 -0.2063478743
BLYP 5 152.9 -0.2063303549
BLYP 5 153.05 -0.2063128559
BLYP 5 153.2 -0.2062953773
BLYP 5 153.35 -0.206277919
BLYP 5 153.5 -0.2062604811
BLYP 5 153.65 -0.2062430634
BLYP 5 153.8 -0.206225666
BLYP 5 153.95 -0.2062082887
BLYP 5 154.1 -0.2061909315
BLYP 5 154.25 -0.2061735945
BLYP 5 154.4 -0.2061562775
BLYP 5 154.55 -0.2061389804
BLYP 5 154.7 -0.2061217034
BLYP 5 154.85 -0.2061044462
BLYP 5 155 -0.2060872089
BLYP 5 155.15 -0.2060699914
BLYP 5 155.3 -0.2060527937
BLYP 5 155.45 -0.2060356157
BLYP 5 155.6 -0.2060184574
BLYP 5 155.75 -0.2060013187
BLYP 5 155.9 -0.2059841996
BLYP 5 156.05 -0.2059671001
BLYP 5 156.2 -0.2059500201
BLYP 5 156.35 -0.2059329596
BLYP 5 156.5 -0.2059159185
BLYP 5 156.65 -0.2058988968
BLYP 5 156.8 -0.2058818944
BLYP 5 156.95 -0.2058649113
BLYP 5 157.1 -0.2058479475
BLYP 5 157.25 -0.2058310029
BLYP 5 157.4 -0.2058140775
BLYP 5 157.55 -0.2057971712
BLYP 5 157.7 -0.2057802839
BLYP 5 157.85 -0.2057634158
BLYP 5 158 -0.2057465666
BLYP 5 158.15 -0.2057297364
BLYP 5 158.3 -0.2057129251
BLYP 5 158.45 -0.2056961328
BLYP 5 158.6 -0.2056793592
BLYP 5 158.75 -0.2056626045
BLYP 5 158.9 -0.2056458685
BLYP 5 159.05 -0.2056291512
BLYP 5 159.2 -0.2056124526
BLYP 5 159.35 -0.2055957726
BLYP 5 159.5 -0.2055791113
BLYP 5 159.65 -0.2055624685
BLYP 5 159.8 -0.2055458442
BLYP 5 159.95 -0.2055292384
BLYP 5 160.1 -0.205512651
BLYP 5 160.25 -0.2054960821
BLYP 5 160.4 -0.2054795315
BLYP 5 160.55 -0.2054629992
BLYP 5 160.7 -0.2054464852
BLYP 5 160.85 -0.2054299894
BLYP 5 161 -0.2054135118
BLYP 5 161.15 -0.2053970525
BLYP 5 161.3 -0.2053806112
BLYP 5 161.45 -0.205364188
BLYP 5 161.6 -0.2053477829
BLYP 5 161.75 -0.2053313958
BLYP 5 161.9 -0.2053150266
BLYP 5 162.05 -0.2052986754
BLYP 5 162.2 -0.2052823421
BLYP 5 162.35 -0.2052660266
BLYP 5 162.5 -0.205249729
BLYP 5 162.65 -0.2052334491
BLYP 5 162.8 -0.205217187
BLYP 5 162.95 -0.2052009426
BLYP 5 163.1 -0.2051847159
BLYP 5 163.25 -0.2051685068
BLYP 5 163.4 -0.2051523153
BLYP 5 163.55 -0.2051361414
BLYP 5 163.7 -0.2051199849
BLYP 5 163.85 -0.205103846
BLYP 5 164 -0.2050877245
BLYP 5 164.15 -0.2050716205
BLYP 5 164.3 -0.2050555338
BLYP 5 164.45 -0.2050394645
BLYP 5 164.6 -0.2050234124
BLYP 5 164.75 -0.2050073776
BLYP 5 164.9 -0.2049913601
BLYP 5 165.05 -0.2049753598
BLYP 5 165.2 -0.2049593766
BLYP 5 165.35 -0.2049434105
BLYP 5 165.5 -0.2049274616
BLYP 5 165.65 -0.2049115297
BLYP 5 165.8 -0.2048956148
BLYP 5 165.95 -0.2048797169
BLYP 5 166.1 -0.2048638359
BLYP 5 166.25 -0.2048479719
BLYP 5 166.4 -0.2048321248
BLYP 5 166.55 -0.2048162945
BLYP 5 166.7 -0.204800481
BLYP 5 166.85 -0.2047846842
BLYP 5 167 -0.2047689043
BLYP 5 167.15 -0.204753141
BLYP 5 167.3 -0.2047373944
BLYP 5 167.45 -0.2047216645
BLYP 5 167.6 -0.2047059511
BLYP 5 167.75 -0.2046902543
BLYP 5 167.9 -0.2046745741
BLYP 5 168.05 -0.2046589104
BLYP 5 168.2 -0.2046432631
BLYP 5 168.35 -0.2046276323
BLYP 5 168.5 -0.2046120179
BLYP 5 168.65 -0.2045964198
BLYP 5 168.8 -0.2045808381
BLYP 5 168.95 -0.2045652727
BLYP 5 169.1 -0.2045497236
BLYP 5 169.25 -0.2045341907
BLYP 5 169.4 -0.204518674
BLYP 5 169.55 -0.2045031735
BLYP 5 169.7 -0.2044876891
BLYP 5 169.85 -0.2044722209
BLYP 5 170 -0.2044567687
BLYP 5 170.15 -0.2044413325
BLYP 5 170.3 -0.2044259124
BLYP 5 170.45 -0.2044105083
BLYP 5 170.6 -0.2043951201
BLYP 5 170.75 -0.2043797478
BLYP 5 170.9 -0.2043643914
BLYP 5 171.05 -0.2043490508
BLYP 5 171.2 -0.2043337261
BLYP 5 171.35 -0.2043184172
BLYP 5 171.5 -0.204303124
BLYP 5 171.65 -0.2042878465
BLYP 5 171.8 -0.2042725848
BLYP 5 171.95 -0.2042573387
BLYP 5 172.1 -0.2042421082
BLYP 5 172.25 -0.2042268934
BLYP 5 172.4 -0.2042116941
BLYP 5 172.55 -0.2041965103
BLYP 5 172.7 -0.2041813421
BLYP 5 172.85 -0.2041661893
BLYP 5 173 -0.204151052
BLYP 5 173.15 -0.2041359302
BLYP 5 173.3 -0.2041208237
BLYP 5 173.45 -0.2041057325
BLYP 5 173.6 -0.2040906567
BLYP 5 173.75 -0.2040755962
BLYP 5 173.9 -0.2040605509
BLYP 5 174.05 -0.2040455209
BLYP 5 174.2 -0.2040305061
BLYP 5 174.35 -0.2040155065
BLYP 5 174.5 -0.204000522
BLYP 5 174.65 -0.2039855527
BLYP 5 174.8 -0.2039705984
BLYP 5 174.95 -0.2039556592
BLYP 5 175.1 -0.2039407351
BLYP 5 175.25 -0.2039258259
BLYP 5 175.4 -0.2039109317
BLYP 5 175.55 -0.2038960524
BLYP 5 175.7 -0.2038811881
BLYP 5 175.85 -0.2038663387
BLYP 5 176 -0.2038515041
BLYP 5 176.15 -0.2038366843
BLYP 5 176.3 -0.2038218793
BLYP 5 176.45 -0.2038070891
BLYP 5 176.6 -0.2037923137
BLYP 5 176.75 -0.203777553
BLYP 5 176.9 -0.2037628069
BLYP 5 177.05 -0.2037480755
BLYP 5 177.2 -0.2037333588
BLYP 5 177.35 -0.2037186566
BLYP 5 177.5 -0.203703969
BLYP 5 177.65 -0.203689296
BLYP 5 177.8 -0.2036746375
BLYP 5 177.95 -0.2036599934
BLYP 5 178.1 -0.2036453639
BLYP 5 178.25 -0.2036307487
BLYP 5 178.4 -0.203616148
BLYP 5 178.55 -0.2036015617
BLYP 5 178.7 -0.2035869897
BLYP 5 178.85 -0.203572432
BLYP 5 179 -0.2035578887
BLYP 5 179.15 -0.2035433596
BLYP 5 179.3 -0.2035288447
BLYP 5 179.45 -0.2035143441
BLYP 5 179.6 -0.2034998577
BLYP 5 179.75 -0.2034853854
BLYP 5 179.9 -0.2034709273
BLYP 5 180.05 -0.2034564832
BLYP 5 180.2 -0.2034420533
BLYP 5 180.35 -0.2034276374
BLYP 5 180.5 -0.2034132356
BLYP 5 180.65 -0.2033988477
BLYP 5 180.8 -0.2033844739
BLYP 5 180.95 -0.2033701139
BLYP 5 181.1 -0.203355768
BLYP 5 181.25 -0.2033414359
BLYP 5 181.4 -0.2033271177
BLYP 5 181.55 -0.2033128133
BLYP 5 181.7 -0.2032985227
BLYP 5 181.85 -0.203284246
BLYP 5 182 -0.203269983
BLYP 5 182.15 -0.2032557338
BLYP 5 182.3 -0.2032414983
BLYP 5 182.45 -0.2032272765
BLYP 5 182.6 -0.2032130683
BLYP 5 182.75 -0.2031988738
BLYP 5 182.9 -0.2031846929
BLYP 5 183.05 -0.2031705256
BLYP 5 183.2 -0.2031563719
BLYP 5 183.35 -0.2031422317
BLYP 5 183.5 -0.2031281051
BLYP 5 183.65 -0.2031139919
BLYP 5 183.8 -0.2030998922
BLYP 5 183.95 -0.203085806
BLYP 5 184.1 -0.2030717331
BLYP 5 184.25 -0.2030576737
BLYP 5 184.4 -0.2030436276
BLYP 5 184.55 -0.2030295949
BLYP 5 184.7 -0.2030155755
BLYP 5 184.85 -0.2030015693
BLYP 5 185 -0.2029875765
BLYP 5 185.15 -0.2029735969
BLYP 5 185.3 -0.2029596305
BLYP 5 185.45 -0.2029456774
BLYP 5 185.6 -0.2029317374
BLYP 5 185.75 -0.2029178105
BLYP 5 185.9 -0.2029038968
BLYP 5 186.05 -0.2028899962
BLYP 5 186.2 -0.2028761086
BLYP 5 186.35 -0.2028622342
BLYP 5 186.5 -0.2028483727
BLYP 5 186.65 -0.2028345243
BLYP 5 186.8 -0.2028206888
BLYP 5 186.95 -0.2028068663
BLYP 5 187.1 -0.2027930568
BLYP 5 187.25 -0.2027792601
BLYP 5 187.4 -0.2027654764
BLYP 5 187.55 -0.2027517055
BLYP 5 187.7 -0.2027379475
BLYP 5 187.85 -0.2027242023
BLYP 5 188 -0.2027104699
BLYP 5 188.15 -0.2026967502
BLYP 5 188.3 -0.2026830433
BLYP 5 188.45 -0.2026693492
BLYP 5 188.6 -0.2026556677
BLYP 5 188.75 -0.202641999
BLYP 5 188.9 -0.2026283429
BLYP 5 189.05 -0.2026146994
BLYP 5 189.2 -0.2026010686
BLYP 5 189.35 -0.2025874503
BLYP 5 189.5 -0.2025738447
BLYP 5 189.65 -0.2025602515
BLYP 5 189.8 -0.2025466709
BLYP 5 189.95 -0.2025331028
BLYP 5 190.1 -0.2025195472
BLYP 5 190.25 -0.2025060041
BLYP 5 190.4 -0.2024924734
BLYP 5 190.55 -0.2024789551
BLYP 5 190.7 -0.2024654492
BLYP 5 190.85 -0.2024519556
BLYP 5 191 -0.2024384745
BLYP 5 191.15 -0.2024250056
BLYP 5 191.3 -0.2024115491
BLYP 5 191.45 -0.2023981048
BLYP 5 191.6 -0.2023846728
BLYP 5 191.75 -0.2023712531
BLYP 5 191.9 -0.2023578456
BLYP 5 192.05 -0.2023444502
BLYP 5 192.2 -0.2023310671
BLYP 5 192.35 -0.2023176961
BLYP 5 192.5 -0.2023043373
BLYP 5 192.65 -0.2022909905
BLYP 5 192.8 -0.2022776559
BLYP 5 192.95 -0.2022643333
BLYP 5 193.1 -0.2022510228
BLYP 5 193.25 -0.2022377243
BLYP 5 193.4 -0.2022244378
BLYP 5 193.55 -0.2022111633
BLYP 5 193.7 -0.2021979008
BLYP 5 193.85 -0.2021846502
BLYP 5 194 -0.2021714116
BLYP 5 194.15 -0.2021581849
BLYP 5 194.3 -0.2021449701
BLYP 5 194.45 -0.2021317671
BLYP 5 194.6 -0.202118576
BLYP 5 194.75 -0.2021053967
BLYP 5 194.9 -0.2020922292
BLYP 5 195.05 -0.2020790735
BLYP 5 195.2 -0.2020659296
BLYP 5 195.35 -0.2020527973
BLYP 5 195.5 -0.2020396769
BLYP 5 195.65 -0.2020265681
BLYP 5 195.8 -0.202013471
BLYP 5 195.95 -0.2020003855
BLYP 5 196.1 -0.2019873117
BLYP 5 196.25 -0.2019742495
BLYP 5 196.4 -0.2019611989
BLYP 5 196.55 -0.2019481599
BLYP 5 196.7 -0.2019351325
BLYP 5 196.85 -0.2019221166
BLYP 5 197 -0.2019091122
BLYP 5 197.15 -0.2018961193
BLYP 5 197.3 -0.2018831379
BLYP 5 197.45 -0.201870168
BLYP 5 197.6 -0.2018572095
BLYP 5 197.75 -0.2018442625
BLYP 5 197.9 -0.2018313268
BLYP 5 198.05 -0.2018184025
BLYP 5 198.2 -0.2018054896
BLYP 5 198.35 -0.2017925881
BLYP 5 198.5 -0.2017796978
BLYP 5 198.65 -0.2017668189
BLYP 5 198.8 -0.2017539513
BLYP 5 198.95 -0.2017410949
BLYP 5 199.1 -0.2017282498
BLYP 5 199.25 -0.2017154159
BLYP 5 199.4 -0.2017025932
BLYP 5 199.55 -0.2016897818
BLYP 5 199.7 -0.2016769815
BLYP 5 199.85 -0.2016641923
BLYP 5 200 -0.2016514143
