Functional Exponent Coefficient Energy
BLYP 150 -175 -2.420476604
BLYP 150 -174.7 -2.4045604643
BLYP 150 -174.4 -2.3887574826
BLYP 150 -174.1 -2.3730672347
BLYP 150 -173.8 -2.3574892926
BLYP 150 -173.5 -2.3420232271
BLYP 150 -173.2 -2.3266686059
BLYP 150 -172.9 -2.3114249941
BLYP 150 -172.6 -2.2962919538
BLYP 150 -172.3 -2.2812690446
BLYP 150 -172 -2.2663558229
BLYP 150 -171.7 -2.2515518427
BLYP 150 -171.4 -2.2368566552
BLYP 150 -171.1 -2.2222698089
BLYP 150 -170.8 -2.2077908497
BLYP 150 -170.5 -2.193419321
BLYP 150 -170.2 -2.1791547634
BLYP 150 -169.9 -2.1649967153
BLYP 150 -169.6 -2.1509447123
BLYP 150 -169.3 -2.1369982878
BLYP 150 -169 -2.1231569728
BLYP 150 -168.7 -2.1094202957
BLYP 150 -168.4 -2.0957877829
BLYP 150 -168.1 -2.0822589582
BLYP 150 -167.8 -2.0688333433
BLYP 150 -167.5 -2.0555104579
BLYP 150 -167.2 -2.0422898193
BLYP 150 -166.9 -2.0291709428
BLYP 150 -166.6 -2.0161533416
BLYP 150 -166.3 -2.0032365302
BLYP 150 -166 -1.9904200158
BLYP 150 -165.7 -1.9777033047
BLYP 150 -165.4 -1.9650859021
BLYP 150 -165.1 -1.9525673116
BLYP 150 -164.8 -1.9401470356
BLYP 150 -164.5 -1.927824575
BLYP 150 -164.2 -1.9155994263
BLYP 150 -163.9 -1.9034710863
BLYP 150 -163.6 -1.8914390501
BLYP 150 -163.3 -1.8795028113
BLYP 150 -163 -1.8676618618
BLYP 150 -162.7 -1.8559156922
BLYP 150 -162.4 -1.8442637917
BLYP 150 -162.1 -1.8327056481
BLYP 150 -161.8 -1.8212407479
BLYP 150 -161.5 -1.8098685764
BLYP 150 -161.2 -1.7985886177
BLYP 150 -160.9 -1.7874003547
BLYP 150 -160.6 -1.7763032693
BLYP 150 -160.3 -1.7652968423
BLYP 150 -160 -1.7543805535
BLYP 150 -159.7 -1.7435538831
BLYP 150 -159.4 -1.73281631
BLYP 150 -159.1 -1.7221673096
BLYP 150 -158.8 -1.7116063582
BLYP 150 -158.5 -1.7011329314
BLYP 150 -158.2 -1.6907465042
BLYP 150 -157.9 -1.6804465511
BLYP 150 -157.6 -1.6702325459
BLYP 150 -157.3 -1.6601039619
BLYP 150 -157 -1.6500602719
BLYP 150 -156.7 -1.6401009492
BLYP 150 -156.4 -1.6302254653
BLYP 150 -156.1 -1.6204332919
BLYP 150 -155.8 -1.6107239006
BLYP 150 -155.5 -1.6010967627
BLYP 150 -155.2 -1.5915513497
BLYP 150 -154.9 -1.5820871327
BLYP 150 -154.6 -1.5727035843
BLYP 150 -154.3 -1.5634001749
BLYP 150 -154 -1.5541763754
BLYP 150 -153.7 -1.5450316571
BLYP 150 -153.4 -1.5359654918
BLYP 150 -153.1 -1.5269773513
BLYP 150 -152.8 -1.5180667076
BLYP 150 -152.5 -1.5092330333
BLYP 150 -152.2 -1.5004758012
BLYP 150 -151.9 -1.4917944849
BLYP 150 -151.6 -1.4831885581
BLYP 150 -151.3 -1.4746574956
BLYP 150 -151 -1.4662007719
BLYP 150 -150.7 -1.4578178626
BLYP 150 -150.4 -1.449508244
BLYP 150 -150.1 -1.4412713932
BLYP 150 -149.8 -1.433106788
BLYP 150 -149.5 -1.4250139074
BLYP 150 -149.2 -1.4169922307
BLYP 150 -148.9 -1.4090412385
BLYP 150 -148.6 -1.4011604124
BLYP 150 -148.3 -1.3933492348
BLYP 150 -148 -1.3856071895
BLYP 150 -147.7 -1.3779337611
BLYP 150 -147.4 -1.3703284357
BLYP 150 -147.1 -1.3627907004
BLYP 150 -146.8 -1.3553200436
BLYP 150 -146.5 -1.347915955
BLYP 150 -146.2 -1.3405779257
BLYP 150 -145.9 -1.3333054482
BLYP 150 -145.6 -1.3260980163
BLYP 150 -145.3 -1.3189551254
BLYP 150 -145 -1.3118762725
BLYP 150 -144.7 -1.3048609559
BLYP 150 -144.4 -1.2979086757
BLYP 150 -144.1 -1.2910189336
BLYP 150 -143.8 -1.2841912329
BLYP 150 -143.5 -1.2774250787
BLYP 150 -143.2 -1.2707199777
BLYP 150 -142.9 -1.2640754386
BLYP 150 -142.6 -1.2574909717
BLYP 150 -142.3 -1.2509660894
BLYP 150 -142 -1.2445003058
BLYP 150 -141.7 -1.2380931369
BLYP 150 -141.4 -1.2317441009
BLYP 150 -141.1 -1.2254527177
BLYP 150 -140.8 -1.2192185093
BLYP 150 -140.5 -1.213041
BLYP 150 -140.2 -1.2069197158
BLYP 150 -139.9 -1.2008541851
BLYP 150 -139.6 -1.1948439383
BLYP 150 -139.3 -1.1888885079
BLYP 150 -139 -1.1829874289
BLYP 150 -138.7 -1.1771402383
BLYP 150 -138.4 -1.1713464752
BLYP 150 -138.1 -1.1656056813
BLYP 150 -137.8 -1.1599174005
BLYP 150 -137.5 -1.1542811788
BLYP 150 -137.2 -1.1486965649
BLYP 150 -136.9 -1.1431631096
BLYP 150 -136.6 -1.1376803662
BLYP 150 -136.3 -1.1322478904
BLYP 150 -136 -1.1268652404
BLYP 150 -135.7 -1.1215319767
BLYP 150 -135.4 -1.1162476624
BLYP 150 -135.1 -1.1110118631
BLYP 150 -134.8 -1.1058241467
BLYP 150 -134.5 -1.1006840839
BLYP 150 -134.2 -1.0955912478
BLYP 150 -133.9 -1.0905452141
BLYP 150 -133.6 -1.085545561
BLYP 150 -133.3 -1.0805918694
BLYP 150 -133 -1.0756837226
BLYP 150 -132.7 -1.0708207068
BLYP 150 -132.4 -1.0660024106
BLYP 150 -132.1 -1.0612284253
BLYP 150 -131.8 -1.0564983449
BLYP 150 -131.5 -1.0518117659
BLYP 150 -131.2 -1.0471682876
BLYP 150 -130.9 -1.0425675119
BLYP 150 -130.6 -1.0380090436
BLYP 150 -130.3 -1.0334924898
BLYP 150 -130 -1.0290174607
BLYP 150 -129.7 -1.0245835688
BLYP 150 -129.4 -1.0201904297
BLYP 150 -129.1 -1.0158376614
BLYP 150 -128.8 -1.0115248849
BLYP 150 -128.5 -1.0072517236
BLYP 150 -128.2 -1.003017804
BLYP 150 -127.9 -0.9988227549
BLYP 150 -127.6 -0.9946662082
BLYP 150 -127.3 -0.9905477983
BLYP 150 -127 -0.9864671625
BLYP 150 -126.7 -0.9824239408
BLYP 150 -126.4 -0.9784177757
BLYP 150 -126.1 -0.9744483128
BLYP 150 -125.8 -0.9705152001
BLYP 150 -125.5 -0.9666180886
BLYP 150 -125.2 -0.9627566319
BLYP 150 -124.9 -0.9589304863
BLYP 150 -124.6 -0.9551393108
BLYP 150 -124.3 -0.9513827673
BLYP 150 -124 -0.9476605203
BLYP 150 -123.7 -0.9439722369
BLYP 150 -123.4 -0.9403175871
BLYP 150 -123.1 -0.9366962434
BLYP 150 -122.8 -0.9331078813
BLYP 150 -122.5 -0.9295521786
BLYP 150 -122.2 -0.9260288161
BLYP 150 -121.9 -0.9225374772
BLYP 150 -121.6 -0.9190778478
BLYP 150 -121.3 -0.9156496167
BLYP 150 -121 -0.9122524753
BLYP 150 -120.7 -0.9088861174
BLYP 150 -120.4 -0.9055502398
BLYP 150 -120.1 -0.9022445417
BLYP 150 -119.8 -0.898968725
BLYP 150 -119.5 -0.8957224941
BLYP 150 -119.2 -0.8925055562
BLYP 150 -118.9 -0.8893176209
BLYP 150 -118.6 -0.8861584006
BLYP 150 -118.3 -0.8830276099
BLYP 150 -118 -0.8799249664
BLYP 150 -117.7 -0.8768501898
BLYP 150 -117.4 -0.8738030028
BLYP 150 -117.1 -0.8707831302
BLYP 150 -116.8 -0.8677902996
BLYP 150 -116.5 -0.8648242409
BLYP 150 -116.2 -0.8618846866
BLYP 150 -115.9 -0.8589713717
BLYP 150 -115.6 -0.8560840336
BLYP 150 -115.3 -0.8532224121
BLYP 150 -115 -0.8503862494
BLYP 150 -114.7 -0.8475752905
BLYP 150 -114.4 -0.8447892822
BLYP 150 -114.1 -0.8420279741
BLYP 150 -113.8 -0.8392911181
BLYP 150 -113.5 -0.8365784685
BLYP 150 -113.2 -0.8338897818
BLYP 150 -112.9 -0.8312248169
BLYP 150 -112.6 -0.8285833351
BLYP 150 -112.3 -0.8259651
BLYP 150 -112 -0.8233698773
BLYP 150 -111.7 -0.8207974352
BLYP 150 -111.4 -0.818247544
BLYP 150 -111.1 -0.8157199764
BLYP 150 -110.8 -0.8132145072
BLYP 150 -110.5 -0.8107309135
BLYP 150 -110.2 -0.8082689745
BLYP 150 -109.9 -0.8058284716
BLYP 150 -109.6 -0.8034091885
BLYP 150 -109.3 -0.8010109109
BLYP 150 -109 -0.7986334267
BLYP 150 -108.7 -0.7962765259
BLYP 150 -108.4 -0.7939400006
BLYP 150 -108.1 -0.7916236451
BLYP 150 -107.8 -0.7893272555
BLYP 150 -107.5 -0.7870506302
BLYP 150 -107.2 -0.7847935696
BLYP 150 -106.9 -0.7825558761
BLYP 150 -106.6 -0.780337354
BLYP 150 -106.3 -0.7781378098
BLYP 150 -106 -0.7759570518
BLYP 150 -105.7 -0.7737948903
BLYP 150 -105.4 -0.7716511375
BLYP 150 -105.1 -0.7695256078
BLYP 150 -104.8 -0.7674181171
BLYP 150 -104.5 -0.7653284835
BLYP 150 -104.2 -0.7632565269
BLYP 150 -103.9 -0.7612020689
BLYP 150 -103.6 -0.7591649332
BLYP 150 -103.3 -0.7571449452
BLYP 150 -103 -0.755141932
BLYP 150 -102.7 -0.7531557228
BLYP 150 -102.4 -0.7511861483
BLYP 150 -102.1 -0.7492330411
BLYP 150 -101.8 -0.7472962355
BLYP 150 -101.5 -0.7453755676
BLYP 150 -101.2 -0.7434708752
BLYP 150 -100.9 -0.7415819976
BLYP 150 -100.6 -0.7397087762
BLYP 150 -100.3 -0.7378510538
BLYP 150 -100 -0.7360086748
BLYP 150 -99.7 -0.7341814853
BLYP 150 -99.4 -0.7323693333
BLYP 150 -99.1 -0.7305720679
BLYP 150 -98.8 -0.7287895402
BLYP 150 -98.5 -0.7270216028
BLYP 150 -98.2 -0.7252681097
BLYP 150 -97.9 -0.7235289167
BLYP 150 -97.6 -0.7218038809
BLYP 150 -97.3 -0.720092861
BLYP 150 -97 -0.7183957174
BLYP 150 -96.7 -0.7167123116
BLYP 150 -96.4 -0.7150425068
BLYP 150 -96.1 -0.7133861679
BLYP 150 -95.8 -0.7117431607
BLYP 150 -95.5 -0.710113353
BLYP 150 -95.2 -0.7084966135
BLYP 150 -94.9 -0.7068928128
BLYP 150 -94.6 -0.7053018224
BLYP 150 -94.3 -0.7037235157
BLYP 150 -94 -0.7021577669
BLYP 150 -93.7 -0.700604452
BLYP 150 -93.4 -0.6990634481
BLYP 150 -93.1 -0.6975346338
BLYP 150 -92.8 -0.6960178887
BLYP 150 -92.5 -0.6945130941
BLYP 150 -92.2 -0.6930201322
BLYP 150 -91.9 -0.6915388867
BLYP 150 -91.6 -0.6900692424
BLYP 150 -91.3 -0.6886110856
BLYP 150 -91 -0.6871643036
BLYP 150 -90.7 -0.6857287849
BLYP 150 -90.4 -0.6843044193
BLYP 150 -90.1 -0.6828910978
BLYP 150 -89.8 -0.6814887125
BLYP 150 -89.5 -0.6800971568
BLYP 150 -89.2 -0.678716325
BLYP 150 -88.9 -0.6773461127
BLYP 150 -88.6 -0.6759864168
BLYP 150 -88.3 -0.6746371351
BLYP 150 -88 -0.6732981664
BLYP 150 -87.7 -0.6719694108
BLYP 150 -87.4 -0.6706507695
BLYP 150 -87.1 -0.6693421445
BLYP 150 -86.8 -0.6680434393
BLYP 150 -86.5 -0.666754558
BLYP 150 -86.2 -0.6654754059
BLYP 150 -85.9 -0.6642058895
BLYP 150 -85.6 -0.662945916
BLYP 150 -85.3 -0.6616953938
BLYP 150 -85 -0.6604542323
BLYP 150 -84.7 -0.6592223418
BLYP 150 -84.4 -0.6579996336
BLYP 150 -84.1 -0.6567860199
BLYP 150 -83.8 -0.6555814139
BLYP 150 -83.5 -0.6543857298
BLYP 150 -83.2 -0.6531988826
BLYP 150 -82.9 -0.6520207883
BLYP 150 -82.6 -0.6508513638
BLYP 150 -82.3 -0.6496905269
BLYP 150 -82 -0.6485381961
BLYP 150 -81.7 -0.6473942912
BLYP 150 -81.4 -0.6462587324
BLYP 150 -81.1 -0.645131441
BLYP 150 -80.8 -0.6440123392
BLYP 150 -80.5 -0.6429013499
BLYP 150 -80.2 -0.6417983968
BLYP 150 -79.9 -0.6407034046
BLYP 150 -79.6 -0.6396162986
BLYP 150 -79.3 -0.6385370052
BLYP 150 -79 -0.6374654512
BLYP 150 -78.7 -0.6364015644
BLYP 150 -78.4 -0.6353452735
BLYP 150 -78.1 -0.6342965077
BLYP 150 -77.8 -0.6332551971
BLYP 150 -77.5 -0.6322212726
BLYP 150 -77.2 -0.6311946656
BLYP 150 -76.9 -0.6301753085
BLYP 150 -76.6 -0.6291631344
BLYP 150 -76.3 -0.6281580769
BLYP 150 -76 -0.6271600705
BLYP 150 -75.7 -0.6261690504
BLYP 150 -75.4 -0.6251849523
BLYP 150 -75.1 -0.6242077129
BLYP 150 -74.8 -0.6232372692
BLYP 150 -74.5 -0.6222735592
BLYP 150 -74.2 -0.6213165213
BLYP 150 -73.9 -0.6203660948
BLYP 150 -73.6 -0.6194222195
BLYP 150 -73.3 -0.6184848357
BLYP 150 -73 -0.6175538847
BLYP 150 -72.7 -0.6166293082
BLYP 150 -72.4 -0.6157110484
BLYP 150 -72.1 -0.6147990482
BLYP 150 -71.8 -0.6138932514
BLYP 150 -71.5 -0.6129936019
BLYP 150 -71.2 -0.6121000445
BLYP 150 -70.9 -0.6112125245
BLYP 150 -70.6 -0.6103309878
BLYP 150 -70.3 -0.6094553809
BLYP 150 -70 -0.6085856507
BLYP 150 -69.7 -0.6077217449
BLYP 150 -69.4 -0.6068636116
BLYP 150 -69.1 -0.6060111994
BLYP 150 -68.8 -0.6051644576
BLYP 150 -68.5 -0.6043233358
BLYP 150 -68.2 -0.6034877844
BLYP 150 -67.9 -0.6026577542
BLYP 150 -67.6 -0.6018331963
BLYP 150 -67.3 -0.6010140627
BLYP 150 -67 -0.6002003056
BLYP 150 -66.7 -0.5993918779
BLYP 150 -66.4 -0.5985887328
BLYP 150 -66.1 -0.5977908241
BLYP 150 -65.8 -0.5969981061
BLYP 150 -65.5 -0.5962105334
BLYP 150 -65.2 -0.5954280614
BLYP 150 -64.9 -0.5946506456
BLYP 150 -64.6 -0.5938782422
BLYP 150 -64.3 -0.5931108077
BLYP 150 -64 -0.5923482993
BLYP 150 -63.7 -0.5915906742
BLYP 150 -63.4 -0.5908378905
BLYP 150 -63.1 -0.5900899065
BLYP 150 -62.8 -0.5893466809
BLYP 150 -62.5 -0.588608173
BLYP 150 -62.2 -0.5878743422
BLYP 150 -61.9 -0.5871451487
BLYP 150 -61.6 -0.5864205529
BLYP 150 -61.3 -0.5857005156
BLYP 150 -61 -0.584984998
BLYP 150 -60.7 -0.5842739617
BLYP 150 -60.4 -0.5835673689
BLYP 150 -60.1 -0.5828651817
BLYP 150 -59.8 -0.5821673631
BLYP 150 -59.5 -0.5814738763
BLYP 150 -59.2 -0.5807846846
BLYP 150 -58.9 -0.5800997521
BLYP 150 -58.6 -0.579419043
BLYP 150 -58.3 -0.578742522
BLYP 150 -58 -0.5780701539
BLYP 150 -57.7 -0.5774019042
BLYP 150 -57.4 -0.5767377385
BLYP 150 -57.1 -0.5760776229
BLYP 150 -56.8 -0.5754215237
BLYP 150 -56.5 -0.5747694077
BLYP 150 -56.2 -0.5741212418
BLYP 150 -55.9 -0.5734769935
BLYP 150 -55.6 -0.5728366304
BLYP 150 -55.3 -0.5722001206
BLYP 150 -55 -0.5715674323
BLYP 150 -54.7 -0.5709385343
BLYP 150 -54.4 -0.5703133955
BLYP 150 -54.1 -0.5696919852
BLYP 150 -53.8 -0.569074273
BLYP 150 -53.5 -0.5684602286
BLYP 150 -53.2 -0.5678498224
BLYP 150 -52.9 -0.5672430247
BLYP 150 -52.6 -0.5666398063
BLYP 150 -52.3 -0.5660401383
BLYP 150 -52 -0.565443992
BLYP 150 -51.7 -0.564851339
BLYP 150 -51.4 -0.5642621512
BLYP 150 -51.1 -0.5636764008
BLYP 150 -50.8 -0.5630940602
BLYP 150 -50.5 -0.5625151021
BLYP 150 -50.2 -0.5619394995
BLYP 150 -49.9 -0.5613672256
BLYP 150 -49.6 -0.5607982539
BLYP 150 -49.3 -0.5602325582
BLYP 150 -49 -0.5596701125
BLYP 150 -48.7 -0.559110891
BLYP 150 -48.4 -0.5585548683
BLYP 150 -48.1 -0.5580020191
BLYP 150 -47.8 -0.5574523184
BLYP 150 -47.5 -0.5569057415
BLYP 150 -47.2 -0.5563622638
BLYP 150 -46.9 -0.555821861
BLYP 150 -46.6 -0.5552845091
BLYP 150 -46.3 -0.5547501843
BLYP 150 -46 -0.554218863
BLYP 150 -45.7 -0.5536905218
BLYP 150 -45.4 -0.5531651376
BLYP 150 -45.1 -0.5526426874
BLYP 150 -44.8 -0.5521231486
BLYP 150 -44.5 -0.5516064986
BLYP 150 -44.2 -0.5510927151
BLYP 150 -43.9 -0.5505817762
BLYP 150 -43.6 -0.5500736599
BLYP 150 -43.3 -0.5495683447
BLYP 150 -43 -0.549065809
BLYP 150 -42.7 -0.5485660316
BLYP 150 -42.4 -0.5480689914
BLYP 150 -42.1 -0.5475746677
BLYP 150 -41.8 -0.5470830398
BLYP 150 -41.5 -0.5465940872
BLYP 150 -41.2 -0.5461077896
BLYP 150 -40.9 -0.545624127
BLYP 150 -40.6 -0.5451430795
BLYP 150 -40.3 -0.5446646274
BLYP 150 -40 -0.5441887512
BLYP 150 -39.7 -0.5437154315
BLYP 150 -39.4 -0.5432446492
BLYP 150 -39.1 -0.5427763852
BLYP 150 -38.8 -0.5423106209
BLYP 150 -38.5 -0.5418473375
BLYP 150 -38.2 -0.5413865166
BLYP 150 -37.9 -0.5409281399
BLYP 150 -37.6 -0.5404721893
BLYP 150 -37.3 -0.5400186468
BLYP 150 -37 -0.5395674947
BLYP 150 -36.7 -0.5391187153
BLYP 150 -36.4 -0.5386722911
BLYP 150 -36.1 -0.5382282049
BLYP 150 -35.8 -0.5377864395
BLYP 150 -35.5 -0.5373469779
BLYP 150 -35.2 -0.5369098033
BLYP 150 -34.9 -0.5364748989
BLYP 150 -34.6 -0.5360422483
BLYP 150 -34.3 -0.5356118351
BLYP 150 -34 -0.535183643
BLYP 150 -33.7 -0.534757656
BLYP 150 -33.4 -0.5343338581
BLYP 150 -33.1 -0.5339122335
BLYP 150 -32.8 -0.5334927665
BLYP 150 -32.5 -0.5330754416
BLYP 150 -32.2 -0.5326602435
BLYP 150 -31.9 -0.532247157
BLYP 150 -31.6 -0.5318361668
BLYP 150 -31.3 -0.5314272581
BLYP 150 -31 -0.5310204159
BLYP 150 -30.7 -0.5306156257
BLYP 150 -30.4 -0.5302128728
BLYP 150 -30.1 -0.5298121428
BLYP 150 -29.8 -0.5294134214
BLYP 150 -29.5 -0.5290166943
BLYP 150 -29.2 -0.5286219476
BLYP 150 -28.9 -0.5282291672
BLYP 150 -28.6 -0.5278383394
BLYP 150 -28.3 -0.5274494504
BLYP 150 -28 -0.5270624868
BLYP 150 -27.7 -0.526677435
BLYP 150 -27.4 -0.5262942816
BLYP 150 -27.1 -0.5259130136
BLYP 150 -26.8 -0.5255336177
BLYP 150 -26.5 -0.525156081
BLYP 150 -26.2 -0.5247803906
BLYP 150 -25.9 -0.5244065337
BLYP 150 -25.6 -0.5240344977
BLYP 150 -25.3 -0.52366427
BLYP 150 -25 -0.5232958382
BLYP 150 -24.7 -0.52292919
BLYP 150 -24.4 -0.5225643131
BLYP 150 -24.1 -0.5222011954
BLYP 150 -23.8 -0.5218398249
BLYP 150 -23.5 -0.5214801897
BLYP 150 -23.2 -0.521122278
BLYP 150 -22.9 -0.5207660781
BLYP 150 -22.6 -0.5204115784
BLYP 150 -22.3 -0.5200587673
BLYP 150 -22 -0.5197076335
BLYP 150 -21.7 -0.5193581656
BLYP 150 -21.4 -0.5190103524
BLYP 150 -21.1 -0.5186641828
BLYP 150 -20.8 -0.5183196458
BLYP 150 -20.5 -0.5179767304
BLYP 150 -20.2 -0.5176354258
BLYP 150 -19.9 -0.5172957213
BLYP 150 -19.6 -0.5169576061
BLYP 150 -19.3 -0.5166210698
BLYP 150 -19 -0.5162861018
BLYP 150 -18.7 -0.5159526917
BLYP 150 -18.4 -0.5156208293
BLYP 150 -18.1 -0.5152905043
BLYP 150 -17.8 -0.5149617066
BLYP 150 -17.5 -0.5146344261
BLYP 150 -17.2 -0.5143086529
BLYP 150 -16.9 -0.513984377
BLYP 150 -16.6 -0.5136615887
BLYP 150 -16.3 -0.5133402783
BLYP 150 -16 -0.5130204361
BLYP 150 -15.7 -0.5127020526
BLYP 150 -15.4 -0.5123851182
BLYP 150 -15.1 -0.5120696236
BLYP 150 -14.8 -0.5117555595
BLYP 150 -14.5 -0.5114429166
BLYP 150 -14.2 -0.5111316857
BLYP 150 -13.9 -0.5108218577
BLYP 150 -13.6 -0.5105134237
BLYP 150 -13.3 -0.5102063746
BLYP 150 -13 -0.5099007015
BLYP 150 -12.7 -0.5095963958
BLYP 150 -12.4 -0.5092934486
BLYP 150 -12.1 -0.5089918513
BLYP 150 -11.8 -0.5086915952
BLYP 150 -11.5 -0.508392672
BLYP 150 -11.2 -0.508095073
BLYP 150 -10.9 -0.50779879
BLYP 150 -10.6 -0.5075038146
BLYP 150 -10.3 -0.5072101386
BLYP 150 -10 -0.5069177538
BLYP 150 -9.7 -0.506626652
BLYP 150 -9.4 -0.5063368252
BLYP 150 -9.1 -0.5060482654
BLYP 150 -8.8 -0.5057609648
BLYP 150 -8.5 -0.5054749153
BLYP 150 -8.2 -0.5051901093
BLYP 150 -7.9 -0.504906539
BLYP 150 -7.6 -0.5046241968
BLYP 150 -7.3 -0.5043430749
BLYP 150 -7 -0.5040631659
BLYP 150 -6.7 -0.5037844623
BLYP 150 -6.4 -0.5035069565
BLYP 150 -6.1 -0.5032306414
BLYP 150 -5.8 -0.5029555094
BLYP 150 -5.5 -0.5026815535
BLYP 150 -5.2 -0.5024087663
BLYP 150 -4.9 -0.5021371407
BLYP 150 -4.6 -0.5018666696
BLYP 150 -4.3 -0.5015973461
BLYP 150 -4 -0.501329163
BLYP 150 -3.7 -0.5010621135
BLYP 150 -3.4 -0.5007961908
BLYP 150 -3.1 -0.5005313879
BLYP 150 -2.8 -0.5002676982
BLYP 150 -2.5 -0.5000051149
BLYP 150 -2.2 -0.4997436313
BLYP 150 -1.9 -0.4994832409
BLYP 150 -1.6 -0.4992239371
BLYP 150 -1.3 -0.4989657133
BLYP 150 -1 -0.4987085632
BLYP 150 -0.7 -0.4984524802
BLYP 150 -0.4 -0.4981974581
BLYP 150 -0.1 -0.4979434906
BLYP 150 0.2 -0.4976905713
BLYP 150 0.5 -0.4974386941
BLYP 150 0.8 -0.4971878528
BLYP 150 1.1 -0.4969380413
BLYP 150 1.4 -0.4966892534
BLYP 150 1.7 -0.4964414832
BLYP 150 2 -0.4961947248
BLYP 150 2.3 -0.495948972
BLYP 150 2.6 -0.4957042192
BLYP 150 2.9 -0.4954604604
BLYP 150 3.2 -0.4952176897
BLYP 150 3.5 -0.4949759016
BLYP 150 3.8 -0.4947350901
BLYP 150 4.1 -0.4944952498
BLYP 150 4.4 -0.4942563749
BLYP 150 4.7 -0.4940184598
BLYP 150 5 -0.493781499
BLYP 150 5.3 -0.493545487
BLYP 150 5.6 -0.4933104184
BLYP 150 5.9 -0.4930762877
BLYP 150 6.2 -0.4928430895
BLYP 150 6.5 -0.4926108185
BLYP 150 6.8 -0.4923794694
BLYP 150 7.1 -0.4921490369
BLYP 150 7.4 -0.4919195158
BLYP 150 7.7 -0.4916909009
BLYP 150 8 -0.4914631871
BLYP 150 8.3 -0.4912363692
BLYP 150 8.6 -0.4910104422
BLYP 150 8.9 -0.4907854011
BLYP 150 9.2 -0.4905612408
BLYP 150 9.5 -0.4903379564
BLYP 150 9.8 -0.4901155429
BLYP 150 10.1 -0.4898939955
BLYP 150 10.4 -0.4896733094
BLYP 150 10.7 -0.4894534796
BLYP 150 11 -0.4892345015
BLYP 150 11.3 -0.4890163702
BLYP 150 11.6 -0.4887990811
BLYP 150 11.9 -0.4885826295
BLYP 150 12.2 -0.4883670107
BLYP 150 12.5 -0.4881522201
BLYP 150 12.8 -0.4879382532
BLYP 150 13.1 -0.4877251053
BLYP 150 13.4 -0.4875127721
BLYP 150 13.7 -0.4873012489
BLYP 150 14 -0.4870905314
BLYP 150 14.3 -0.4868806151
BLYP 150 14.6 -0.4866714957
BLYP 150 14.9 -0.4864631687
BLYP 150 15.2 -0.48625563
BLYP 150 15.5 -0.4860488751
BLYP 150 15.8 -0.4858428998
BLYP 150 16.1 -0.4856376999
BLYP 150 16.4 -0.4854332712
BLYP 150 16.7 -0.4852296095
BLYP 150 17 -0.4850267107
BLYP 150 17.3 -0.4848245706
BLYP 150 17.6 -0.4846231852
BLYP 150 17.9 -0.4844225504
BLYP 150 18.2 -0.4842226623
BLYP 150 18.5 -0.4840235166
BLYP 150 18.8 -0.4838251097
BLYP 150 19.1 -0.4836274374
BLYP 150 19.4 -0.4834304958
BLYP 150 19.7 -0.4832342811
BLYP 150 20 -0.4830387894
BLYP 150 20.3 -0.4828440169
BLYP 150 20.6 -0.4826499598
BLYP 150 20.9 -0.4824566142
BLYP 150 21.2 -0.4822639765
BLYP 150 21.5 -0.4820720429
BLYP 150 21.8 -0.4818808096
BLYP 150 22.1 -0.4816902731
BLYP 150 22.4 -0.4815004296
BLYP 150 22.7 -0.4813112756
BLYP 150 23 -0.4811228073
BLYP 150 23.3 -0.4809350213
BLYP 150 23.6 -0.480747914
BLYP 150 23.9 -0.4805614819
BLYP 150 24.2 -0.4803757213
BLYP 150 24.5 -0.480190629
BLYP 150 24.8 -0.4800062013
BLYP 150 25.1 -0.4798224348
BLYP 150 25.4 -0.4796393262
BLYP 150 25.7 -0.4794568721
BLYP 150 26 -0.479275069
BLYP 150 26.3 -0.4790939136
BLYP 150 26.6 -0.4789134026
BLYP 150 26.9 -0.4787335327
BLYP 150 27.2 -0.4785543006
BLYP 150 27.5 -0.478375703
BLYP 150 27.8 -0.4781977367
BLYP 150 28.1 -0.4780203984
BLYP 150 28.4 -0.477843685
BLYP 150 28.7 -0.4776675933
BLYP 150 29 -0.47749212
BLYP 150 29.3 -0.4773172622
BLYP 150 29.6 -0.4771430165
BLYP 150 29.9 -0.47696938
BLYP 150 30.2 -0.4767963496
BLYP 150 30.5 -0.4766239221
BLYP 150 30.8 -0.4764520945
BLYP 150 31.1 -0.4762808638
BLYP 150 31.4 -0.4761102271
BLYP 150 31.7 -0.4759401812
BLYP 150 32 -0.4757707232
BLYP 150 32.3 -0.4756018501
BLYP 150 32.6 -0.4754335591
BLYP 150 32.9 -0.4752658472
BLYP 150 33.2 -0.4750987114
BLYP 150 33.5 -0.474932149
BLYP 150 33.8 -0.474766157
BLYP 150 34.1 -0.4746007325
BLYP 150 34.4 -0.4744358728
BLYP 150 34.7 -0.474271575
BLYP 150 35 -0.4741078363
BLYP 150 35.3 -0.473944654
BLYP 150 35.6 -0.4737820252
BLYP 150 35.9 -0.4736199472
BLYP 150 36.2 -0.4734584173
BLYP 150 36.5 -0.4732974328
BLYP 150 36.8 -0.4731369909
BLYP 150 37.1 -0.472977089
BLYP 150 37.4 -0.4728177244
BLYP 150 37.7 -0.4726588944
BLYP 150 38 -0.4725005964
BLYP 150 38.3 -0.4723428278
BLYP 150 38.6 -0.472185586
BLYP 150 38.9 -0.4720288684
BLYP 150 39.2 -0.4718726724
BLYP 150 39.5 -0.4717169954
BLYP 150 39.8 -0.4715618349
BLYP 150 40.1 -0.4714071884
BLYP 150 40.4 -0.4712530534
BLYP 150 40.7 -0.4710994273
BLYP 150 41 -0.4709463077
BLYP 150 41.3 -0.4707936921
BLYP 150 41.6 -0.4706415781
BLYP 150 41.9 -0.4704899631
BLYP 150 42.2 -0.4703388449
BLYP 150 42.5 -0.470188221
BLYP 150 42.8 -0.4700380889
BLYP 150 43.1 -0.4698884463
BLYP 150 43.4 -0.4697392909
BLYP 150 43.7 -0.4695906203
BLYP 150 44 -0.469442432
BLYP 150 44.3 -0.469294724
BLYP 150 44.6 -0.4691474937
BLYP 150 44.9 -0.4690007389
BLYP 150 45.2 -0.4688544574
BLYP 150 45.5 -0.4687086468
BLYP 150 45.8 -0.4685633049
BLYP 150 46.1 -0.4684184295
BLYP 150 46.4 -0.4682740183
BLYP 150 46.7 -0.4681300692
BLYP 150 47 -0.4679865798
BLYP 150 47.3 -0.4678435481
BLYP 150 47.6 -0.4677009718
BLYP 150 47.9 -0.4675588488
BLYP 150 48.2 -0.467417177
BLYP 150 48.5 -0.4672759541
BLYP 150 48.8 -0.4671351781
BLYP 150 49.1 -0.4669948469
BLYP 150 49.4 -0.4668549583
BLYP 150 49.7 -0.4667155103
BLYP 150 50 -0.4665765008
BLYP 150 50.3 -0.4664379278
BLYP 150 50.6 -0.4662997891
BLYP 150 50.9 -0.4661620828
BLYP 150 51.2 -0.4660248068
BLYP 150 51.5 -0.4658879591
BLYP 150 51.8 -0.4657515377
BLYP 150 52.1 -0.4656155406
BLYP 150 52.4 -0.4654799659
BLYP 150 52.7 -0.4653448116
BLYP 150 53 -0.4652100756
BLYP 150 53.3 -0.4650757562
BLYP 150 53.6 -0.4649418512
BLYP 150 53.9 -0.4648083589
BLYP 150 54.2 -0.4646752773
BLYP 150 54.5 -0.4645426046
BLYP 150 54.8 -0.4644103387
BLYP 150 55.1 -0.4642784779
BLYP 150 55.4 -0.4641470203
BLYP 150 55.7 -0.4640159639
BLYP 150 56 -0.4638853071
BLYP 150 56.3 -0.463755048
BLYP 150 56.6 -0.4636251846
BLYP 150 56.9 -0.4634957153
BLYP 150 57.2 -0.4633666382
BLYP 150 57.5 -0.4632379515
BLYP 150 57.8 -0.4631096535
BLYP 150 58.1 -0.4629817423
BLYP 150 58.4 -0.4628542163
BLYP 150 58.7 -0.4627270736
BLYP 150 59 -0.4626003126
BLYP 150 59.3 -0.4624739314
BLYP 150 59.6 -0.4623479285
BLYP 150 59.9 -0.462222302
BLYP 150 60.2 -0.4620970502
BLYP 150 60.5 -0.4619721716
BLYP 150 60.8 -0.4618476643
BLYP 150 61.1 -0.4617235268
BLYP 150 61.4 -0.4615997574
BLYP 150 61.7 -0.4614763543
BLYP 150 62 -0.4613533161
BLYP 150 62.3 -0.4612306409
BLYP 150 62.6 -0.4611083273
BLYP 150 62.9 -0.4609863736
BLYP 150 63.2 -0.4608647782
BLYP 150 63.5 -0.4607435395
BLYP 150 63.8 -0.460622656
BLYP 150 64.1 -0.4605021259
BLYP 150 64.4 -0.4603819479
BLYP 150 64.7 -0.4602621202
BLYP 150 65 -0.4601426414
BLYP 150 65.3 -0.46002351
BLYP 150 65.6 -0.4599047243
BLYP 150 65.9 -0.4597862828
BLYP 150 66.2 -0.4596681842
BLYP 150 66.5 -0.4595504267
BLYP 150 66.8 -0.459433009
BLYP 150 67.1 -0.4593159295
BLYP 150 67.4 -0.4591991868
BLYP 150 67.7 -0.4590827794
BLYP 150 68 -0.4589667058
BLYP 150 68.3 -0.4588509646
BLYP 150 68.6 -0.4587355543
BLYP 150 68.9 -0.4586204735
BLYP 150 69.2 -0.4585057207
BLYP 150 69.5 -0.4583912945
BLYP 150 69.8 -0.4582771935
BLYP 150 70.1 -0.4581634164
BLYP 150 70.4 -0.4580499616
BLYP 150 70.7 -0.4579368278
BLYP 150 71 -0.4578240136
BLYP 150 71.3 -0.4577115176
BLYP 150 71.6 -0.4575993385
BLYP 150 71.9 -0.4574874749
BLYP 150 72.2 -0.4573759254
BLYP 150 72.5 -0.4572646887
BLYP 150 72.8 -0.4571537635
BLYP 150 73.1 -0.4570431484
BLYP 150 73.4 -0.4569328421
BLYP 150 73.7 -0.4568228432
BLYP 150 74 -0.4567131505
BLYP 150 74.3 -0.4566037627
BLYP 150 74.6 -0.4564946784
BLYP 150 74.9 -0.4563858964
BLYP 150 75.2 -0.4562774154
BLYP 150 75.5 -0.4561692341
BLYP 150 75.8 -0.4560613513
BLYP 150 76.1 -0.4559537656
BLYP 150 76.4 -0.4558464758
BLYP 150 76.7 -0.4557394807
BLYP 150 77 -0.4556327791
BLYP 150 77.3 -0.4555263697
BLYP 150 77.6 -0.4554202512
BLYP 150 77.9 -0.4553144224
BLYP 150 78.2 -0.4552088823
BLYP 150 78.5 -0.4551036294
BLYP 150 78.8 -0.4549986627
BLYP 150 79.1 -0.4548939809
BLYP 150 79.4 -0.4547895828
BLYP 150 79.7 -0.4546854673
BLYP 150 80 -0.4545816332
BLYP 150 80.3 -0.4544780792
BLYP 150 80.6 -0.4543748044
BLYP 150 80.9 -0.4542718074
BLYP 150 81.2 -0.4541690872
BLYP 150 81.5 -0.4540666426
BLYP 150 81.8 -0.4539644724
BLYP 150 82.1 -0.4538625756
BLYP 150 82.4 -0.453760951
BLYP 150 82.7 -0.4536595974
BLYP 150 83 -0.4535585138
BLYP 150 83.3 -0.4534576991
BLYP 150 83.6 -0.4533571521
BLYP 150 83.9 -0.4532568718
BLYP 150 84.2 -0.4531568571
BLYP 150 84.5 -0.4530571068
BLYP 150 84.8 -0.45295762
BLYP 150 85.1 -0.4528583954
BLYP 150 85.4 -0.4527594322
BLYP 150 85.7 -0.4526607291
BLYP 150 86 -0.4525622852
BLYP 150 86.3 -0.4524640994
BLYP 150 86.6 -0.4523661706
BLYP 150 86.9 -0.4522684979
BLYP 150 87.2 -0.4521710801
BLYP 150 87.5 -0.4520739162
BLYP 150 87.8 -0.4519770053
BLYP 150 88.1 -0.4518803463
BLYP 150 88.4 -0.4517839382
BLYP 150 88.7 -0.4516877799
BLYP 150 89 -0.4515918706
BLYP 150 89.3 -0.4514962091
BLYP 150 89.6 -0.4514007945
BLYP 150 89.9 -0.4513056259
BLYP 150 90.2 -0.4512107021
BLYP 150 90.5 -0.4511160223
BLYP 150 90.8 -0.4510215855
BLYP 150 91.1 -0.4509273907
BLYP 150 91.4 -0.450833437
BLYP 150 91.7 -0.4507397233
BLYP 150 92 -0.4506462488
BLYP 150 92.3 -0.4505530125
BLYP 150 92.6 -0.4504600135
BLYP 150 92.9 -0.4503672507
BLYP 150 93.2 -0.4502747234
BLYP 150 93.5 -0.4501824305
BLYP 150 93.8 -0.4500903712
BLYP 150 94.1 -0.4499985444
BLYP 150 94.4 -0.4499069494
BLYP 150 94.7 -0.4498155852
BLYP 150 95 -0.4497244509
BLYP 150 95.3 -0.4496335456
BLYP 150 95.6 -0.4495428685
BLYP 150 95.9 -0.4494524185
BLYP 150 96.2 -0.4493621948
BLYP 150 96.5 -0.4492721967
BLYP 150 96.8 -0.4491824231
BLYP 150 97.1 -0.4490928732
BLYP 150 97.4 -0.4490035461
BLYP 150 97.7 -0.448914441
BLYP 150 98 -0.4488255571
BLYP 150 98.3 -0.4487368934
BLYP 150 98.6 -0.4486484491
BLYP 150 98.9 -0.4485602234
BLYP 150 99.2 -0.4484722154
BLYP 150 99.5 -0.4483844244
BLYP 150 99.8 -0.4482968494
BLYP 150 100.1 -0.4482094896
BLYP 150 100.4 -0.4481223442
BLYP 150 100.7 -0.4480354125
BLYP 150 101 -0.4479486935
BLYP 150 101.3 -0.4478621864
BLYP 150 101.6 -0.4477758906
BLYP 150 101.9 -0.4476898051
BLYP 150 102.2 -0.4476039291
BLYP 150 102.5 -0.4475182619
BLYP 150 102.8 -0.4474328027
BLYP 150 103.1 -0.4473475506
BLYP 150 103.4 -0.447262505
BLYP 150 103.7 -0.447177665
BLYP 150 104 -0.4470930298
BLYP 150 104.3 -0.4470085987
BLYP 150 104.6 -0.4469243709
BLYP 150 104.9 -0.4468403456
BLYP 150 105.2 -0.4467565221
BLYP 150 105.5 -0.4466728997
BLYP 150 105.8 -0.4465894775
BLYP 150 106.1 -0.4465062548
BLYP 150 106.4 -0.4464232309
BLYP 150 106.7 -0.4463404051
BLYP 150 107 -0.4462577765
BLYP 150 107.3 -0.4461753445
BLYP 150 107.6 -0.4460931084
BLYP 150 107.9 -0.4460110673
BLYP 150 108.2 -0.4459292207
BLYP 150 108.5 -0.4458475677
BLYP 150 108.8 -0.4457661076
BLYP 150 109.1 -0.4456848398
BLYP 150 109.4 -0.4456037635
BLYP 150 109.7 -0.445522878
BLYP 150 110 -0.4454421826
BLYP 150 110.3 -0.4453616766
BLYP 150 110.6 -0.4452813594
BLYP 150 110.9 -0.4452012302
BLYP 150 111.2 -0.4451212883
BLYP 150 111.5 -0.4450415331
BLYP 150 111.8 -0.4449619639
BLYP 150 112.1 -0.4448825799
BLYP 150 112.4 -0.4448033806
BLYP 150 112.7 -0.4447243652
BLYP 150 113 -0.4446455331
BLYP 150 113.3 -0.4445668836
BLYP 150 113.6 -0.444488416
BLYP 150 113.9 -0.4444101298
BLYP 150 114.2 -0.4443320241
BLYP 150 114.5 -0.4442540985
BLYP 150 114.8 -0.4441763521
BLYP 150 115.1 -0.4440987845
BLYP 150 115.4 -0.4440213949
BLYP 150 115.7 -0.4439441826
BLYP 150 116 -0.4438671472
BLYP 150 116.3 -0.4437902879
BLYP 150 116.6 -0.443713604
BLYP 150 116.9 -0.443637095
BLYP 150 117.2 -0.4435607603
BLYP 150 117.5 -0.4434845992
BLYP 150 117.8 -0.4434086111
BLYP 150 118.1 -0.4433327953
BLYP 150 118.4 -0.4432571513
BLYP 150 118.7 -0.4431816785
BLYP 150 119 -0.4431063762
BLYP 150 119.3 -0.4430312439
BLYP 150 119.6 -0.4429562809
BLYP 150 119.9 -0.4428814867
BLYP 150 120.2 -0.4428068606
BLYP 150 120.5 -0.442732402
BLYP 150 120.8 -0.4426581104
BLYP 150 121.1 -0.4425839852
BLYP 150 121.4 -0.4425100257
BLYP 150 121.7 -0.4424362315
BLYP 150 122 -0.4423626019
BLYP 150 122.3 -0.4422891363
BLYP 150 122.6 -0.4422158342
BLYP 150 122.9 -0.442142695
BLYP 150 123.2 -0.4420697182
BLYP 150 123.5 -0.4419969031
BLYP 150 123.8 -0.4419242492
BLYP 150 124.1 -0.4418517559
BLYP 150 124.4 -0.4417794227
BLYP 150 124.7 -0.441707249
BLYP 150 125 -0.4416352344
BLYP 150 125.3 -0.4415633781
BLYP 150 125.6 -0.4414916797
BLYP 150 125.9 -0.4414201386
BLYP 150 126.2 -0.4413487543
BLYP 150 126.5 -0.4412775263
BLYP 150 126.8 -0.4412064539
BLYP 150 127.1 -0.4411355368
BLYP 150 127.4 -0.4410647742
BLYP 150 127.7 -0.4409941658
BLYP 150 128 -0.4409237109
BLYP 150 128.3 -0.4408534091
BLYP 150 128.6 -0.4407832598
BLYP 150 128.9 -0.4407132625
BLYP 150 129.2 -0.4406434167
BLYP 150 129.5 -0.4405737219
BLYP 150 129.8 -0.4405041775
BLYP 150 130.1 -0.4404347831
BLYP 150 130.4 -0.4403655381
BLYP 150 130.7 -0.440296442
BLYP 150 131 -0.4402274943
BLYP 150 131.3 -0.4401586946
BLYP 150 131.6 -0.4400900422
BLYP 150 131.9 -0.4400215368
BLYP 150 132.2 -0.4399531778
BLYP 150 132.5 -0.4398849648
BLYP 150 132.8 -0.4398168972
BLYP 150 133.1 -0.4397489745
BLYP 150 133.4 -0.4396811963
BLYP 150 133.7 -0.4396135621
BLYP 150 134 -0.4395460713
BLYP 150 134.3 -0.4394787236
BLYP 150 134.6 -0.4394115184
BLYP 150 134.9 -0.4393444553
BLYP 150 135.2 -0.4392775338
BLYP 150 135.5 -0.4392107534
BLYP 150 135.8 -0.4391441136
BLYP 150 136.1 -0.439077614
BLYP 150 136.4 -0.4390112541
BLYP 150 136.7 -0.4389450335
BLYP 150 137 -0.4388789516
BLYP 150 137.3 -0.4388130081
BLYP 150 137.6 -0.4387472024
BLYP 150 137.9 -0.4386815342
BLYP 150 138.2 -0.4386160029
BLYP 150 138.5 -0.4385506081
BLYP 150 138.8 -0.4384853494
BLYP 150 139.1 -0.4384202263
BLYP 150 139.4 -0.4383552384
BLYP 150 139.7 -0.4382903851
BLYP 150 140 -0.4382256662
BLYP 150 140.3 -0.4381610811
BLYP 150 140.6 -0.4380966295
BLYP 150 140.9 -0.4380323107
BLYP 150 141.2 -0.4379681246
BLYP 150 141.5 -0.4379040705
BLYP 150 141.8 -0.4378401481
BLYP 150 142.1 -0.4377763569
BLYP 150 142.4 -0.4377126966
BLYP 150 142.7 -0.4376491667
BLYP 150 143 -0.4375857667
BLYP 150 143.3 -0.4375224963
BLYP 150 143.6 -0.437459355
BLYP 150 143.9 -0.4373963424
BLYP 150 144.2 -0.4373334581
BLYP 150 144.5 -0.4372707017
BLYP 150 144.8 -0.4372080728
BLYP 150 145.1 -0.437145571
BLYP 150 145.4 -0.4370831958
BLYP 150 145.7 -0.4370209469
BLYP 150 146 -0.4369588238
BLYP 150 146.3 -0.4368968261
BLYP 150 146.6 -0.4368349535
BLYP 150 146.9 -0.4367732055
BLYP 150 147.2 -0.4367115818
BLYP 150 147.5 -0.4366500819
BLYP 150 147.8 -0.4365887055
BLYP 150 148.1 -0.4365274521
BLYP 150 148.4 -0.4364663214
BLYP 150 148.7 -0.436405313
BLYP 150 149 -0.4363444265
BLYP 150 149.3 -0.4362836614
BLYP 150 149.6 -0.4362230175
BLYP 150 149.9 -0.4361624944
BLYP 150 150.2 -0.4361020916
BLYP 150 150.5 -0.4360418088
BLYP 150 150.8 -0.4359816455
BLYP 150 151.1 -0.4359216015
BLYP 150 151.4 -0.4358616764
BLYP 150 151.7 -0.4358018697
BLYP 150 152 -0.4357421812
BLYP 150 152.3 -0.4356826103
BLYP 150 152.6 -0.4356231569
BLYP 150 152.9 -0.4355638204
BLYP 150 153.2 -0.4355046006
BLYP 150 153.5 -0.435445497
BLYP 150 153.8 -0.4353865093
BLYP 150 154.1 -0.4353276372
BLYP 150 154.4 -0.4352688803
BLYP 150 154.7 -0.4352102382
BLYP 150 155 -0.4351517106
BLYP 150 155.3 -0.4350932971
BLYP 150 155.6 -0.4350349974
BLYP 150 155.9 -0.434976811
BLYP 150 156.2 -0.4349187378
BLYP 150 156.5 -0.4348607772
BLYP 150 156.8 -0.434802929
BLYP 150 157.1 -0.4347451929
BLYP 150 157.4 -0.4346875684
BLYP 150 157.7 -0.4346300552
BLYP 150 158 -0.4345726531
BLYP 150 158.3 -0.4345153616
BLYP 150 158.6 -0.4344581804
BLYP 150 158.9 -0.4344011092
BLYP 150 159.2 -0.4343441476
BLYP 150 159.5 -0.4342872953
BLYP 150 159.8 -0.434230552
BLYP 150 160.1 -0.4341739173
BLYP 150 160.4 -0.4341173909
BLYP 150 160.7 -0.4340609725
BLYP 150 161 -0.4340046618
BLYP 150 161.3 -0.4339484583
BLYP 150 161.6 -0.4338923619
BLYP 150 161.9 -0.4338363722
BLYP 150 162.2 -0.4337804888
BLYP 150 162.5 -0.4337247114
BLYP 150 162.8 -0.4336690397
BLYP 150 163.1 -0.4336134734
BLYP 150 163.4 -0.4335580122
BLYP 150 163.7 -0.4335026558
BLYP 150 164 -0.4334474038
BLYP 150 164.3 -0.4333922559
BLYP 150 164.6 -0.4333372118
BLYP 150 164.9 -0.4332822713
BLYP 150 165.2 -0.4332274339
BLYP 150 165.5 -0.4331726994
BLYP 150 165.8 -0.4331180675
BLYP 150 166.1 -0.4330635379
BLYP 150 166.4 -0.4330091102
BLYP 150 166.7 -0.4329547842
BLYP 150 167 -0.4329005596
BLYP 150 167.3 -0.432846436
BLYP 150 167.6 -0.4327924132
BLYP 150 167.9 -0.4327384908
BLYP 150 168.2 -0.4326846687
BLYP 150 168.5 -0.4326309463
BLYP 150 168.8 -0.4325773236
BLYP 150 169.1 -0.4325238001
BLYP 150 169.4 -0.4324703756
BLYP 150 169.7 -0.4324170498
BLYP 150 170 -0.4323638224
BLYP 150 170.3 -0.4323106931
BLYP 150 170.6 -0.4322576617
BLYP 150 170.9 -0.4322047277
BLYP 150 171.2 -0.4321518911
BLYP 150 171.5 -0.4320991514
BLYP 150 171.8 -0.4320465083
BLYP 150 172.1 -0.4319939617
BLYP 150 172.4 -0.4319415112
BLYP 150 172.7 -0.4318891566
BLYP 150 173 -0.4318368974
BLYP 150 173.3 -0.4317847336
BLYP 150 173.6 -0.4317326648
BLYP 150 173.9 -0.4316806907
BLYP 150 174.2 -0.4316288111
BLYP 150 174.5 -0.4315770256
BLYP 150 174.8 -0.431525334
